tree
version=v4
num_class=1
num_tree_per_iteration=1
label_index=0
max_feature_idx=104
objective=regression
feature_names=Delaware_lag_1 Vermont_lag_1 New_Mexico_lag_1 Michigan_lag_1 Delaware_lag_2 Vermont_lag_2 New_Mexico_lag_2 Michigan_lag_2 Delaware_lag_3 Vermont_lag_3 New_Mexico_lag_3 Michigan_lag_3 Delaware_lag_4 Vermont_lag_4 New_Mexico_lag_4 Michigan_lag_4 Delaware_lag_5 Vermont_lag_5 New_Mexico_lag_5 Michigan_lag_5 Delaware_lag_6 Vermont_lag_6 New_Mexico_lag_6 Michigan_lag_6 Delaware_lag_7 Vermont_lag_7 New_Mexico_lag_7 Michigan_lag_7 Delaware_lag_8 Vermont_lag_8 New_Mexico_lag_8 Michigan_lag_8 Delaware_lag_9 Vermont_lag_9 New_Mexico_lag_9 Michigan_lag_9 Delaware_lag_10 Vermont_lag_10 New_Mexico_lag_10 Michigan_lag_10 Delaware_lag_11 Vermont_lag_11 New_Mexico_lag_11 Michigan_lag_11 Delaware_lag_12 Vermont_lag_12 New_Mexico_lag_12 Michigan_lag_12 Delaware_lag_52 Vermont_lag_52 New_Mexico_lag_52 Michigan_lag_52 Delaware_roll_mean_2 Delaware_roll_std_2 Delaware_roll_min_2 Delaware_roll_max_2 Delaware_roll_mean_4 Delaware_roll_std_4 Delaware_roll_min_4 Delaware_roll_max_4 Delaware_roll_mean_8 Delaware_roll_std_8 Delaware_roll_min_8 Delaware_roll_max_8 Delaware_roll_mean_12 Delaware_roll_std_12 Delaware_roll_min_12 Delaware_roll_max_12 Delaware_ewm_alpha_0.1 Delaware_ewm_alpha_0.3 Delaware_ewm_alpha_0.5 Delaware_diff_1 Delaware_pct_change_1 Delaware_diff_2 Delaware_pct_change_2 Delaware_diff_4 Delaware_pct_change_4 Delaware_diff_8 Delaware_pct_change_8 Delaware_diff_52 Delaware_pct_change_52 Delaware_momentum_4 Delaware_momentum_8 Delaware_momentum_12 week_sin week_cos quarter_sin quarter_cos month_sin month_cos is_flu_season is_peak_flu Delaware_cumulative_mean Delaware_trend_8w Delaware_trend_12w Vermont_current New_Mexico_current Michigan_current Arkansas_current Virginia_current Pennsylvania_current Puerto_Rico_current Mississippi_current Nevada_current Oklahoma_current
feature_infos=[0:5.4467373716663099] [0:4.9052747784384296] [0:5.7714411231300158] [0:7.4960973451759561] [0:5.4467373716663099] [0:4.9052747784384296] [0:5.7714411231300158] [0:7.4960973451759561] [0:5.4467373716663099] [0:4.9052747784384296] [0:5.7714411231300158] [0:7.4960973451759561] [0:5.4467373716663099] [0:4.9052747784384296] [0:5.7714411231300158] [0:7.4960973451759561] [0:5.4467373716663099] [0:4.9052747784384296] [0:5.7714411231300158] [0:7.4960973451759561] [0:5.4467373716663099] [0:4.9052747784384296] [0:5.7714411231300158] [0:7.4960973451759561] [0:5.4467373716663099] [0:4.9052747784384296] [0:5.7714411231300158] [0:7.4960973451759561] [0:5.4467373716663099] [0:4.9052747784384296] [0:5.7714411231300158] [0:7.4960973451759561] [0:5.4467373716663099] [0:4.9052747784384296] [0:5.7714411231300158] [0:7.4960973451759561] [0:5.4467373716663099] [0:4.9052747784384296] [0:5.7714411231300158] [0:7.4960973451759561] [0:5.4467373716663099] [0:4.9052747784384296] [0:5.7714411231300158] [0:7.4960973451759561] [0:5.4467373716663099] [0:4.9052747784384296] [0:5.7714411231300158] [0:7.4960973451759561] [0:4.6151205168412597] [0:3.9889840465642745] [0:5.6559918108198524] [0:6.6821085974498091] [0:5.4445798735262887] [0:4.1578278944311373] [0:5.4424177105217932] [0:5.4467373716663099] [0:5.3315103339038004] [0:4.3280874162670058] [0:5.1059454739005803] [0:5.4467373716663099] [0:5.117245029154514] [0:4.3808484191759405] [0:4.5538768916005408] [0:5.4467373716663099] [4.9410255256500847e-22:4.9564137399296166] [0:4.4471818356834971] [0:4.1743872698956368] [5.9292306307801016e-21:5.4467373716663099] [0.1138901259961345:4.6856683905129115] [2.9431006809923224e-05:5.2034447302646072] [7.4508324199521534e-09:5.3583117636707938] [0:4.499809670330265] [0:38.662091431529682] [0:4.962844630259907] [0:41.029215045661296] [0:5.1416635565026603] [0:42.975125194716611] [0:5.3798973535404597] [0:47.673004778808966] [0:5.3798973535404597] [0:43.801803767901077] [0:21.976028805441779] [0:22.985028935420203] [0:23.641036569030689] [0:0.69313995585920651] [0:0.6931425567534768] [0:0.69312377246641454] [0:0.6931425567534768] [0:0.69314457966968368] [0:0.69310556604517093] [0:0.69314718055994529] [0:0.69314718055994529] [1.5040773967762742:3.1924425678000454] none none [0:4.9052747784384296] [0:5.7714411231300158] [0:7.4960973451759561] [0:6.6240652277998935] [0:7.1823521118852627] [0:8.427706024914702] [0:7.1308988302963465] [0:6.2878585601617845] [0:5.9610053396232736] [0:7.0166096838942194]
tree_sizes=792 819 833 802 839 805 832 839 834 819 804 749 825 854 761 808 847 680 842 827 736 793 779 793 837 836 749 827 758 828 751 827 846 849 771 808 828 520 837 848 767 504 768 772 682 579 772 883 597 677 778 569 774 884 786 521 756 783 868 594 875 761 752 685 881 776 764 772 516 783 612 702 708 687 767 621 663 886 622 780 896 690 877 775 694 655 879 675 704 816 872 769 787 778 900 787 805 878 904 698

Tree=0
num_leaves=8
num_cat=0
split_feature=52 52 104 52 85 77 52
split_gain=565.445 63.4901 53.4595 31.1443 15.2722 13.7923 5.82873
threshold=1.8317808230648234 2.6910994252643698 2.249904835165133 4.1493319888263871 0.2363192600992618 1.700598690831078 2.2009304101455746e-17
decision_type=2 2 2 2 2 2 2
left_child=2 5 6 -3 -4 -2 -1
right_child=1 3 4 -5 -6 -7 -8
leaf_value=1.2342776726554738 1.397638052436357 1.5353297176185512 1.3036053891013202 1.6955432589972379 1.3648086290356498 1.4818498912642399 1.2698763281023075
leaf_weight=93 41 91 94 13.999999999999998 72 37 91
leaf_count=93 41 91 94 14 72 37 91
internal_value=1.36348 1.50592 1.289 1.55669 1.33015 1.43758 1.25188
internal_weight=0 183 350 105 166 78 184
internal_count=533 183 350 105 166 78 184
is_linear=0
shrinkage=1


Tree=1
num_leaves=8
num_cat=0
split_feature=52 52 104 101 52 54 52
split_gain=458.011 52.9258 43.3022 20.1925 13.8183 13.6476 4.72127
threshold=1.8317808230648234 3.0080785798491774 2.249904835165133 5.397507084631834 1.4451858789480827 2.1383330595080285 2.2009304101455746e-17
decision_type=2 2 2 2 2 2 2
left_child=2 5 6 -3 -4 -2 -1
right_child=1 3 4 -5 -6 -7 -8
leaf_value=-0.11628391197932664 0.048894730547689044 0.16967191283724137 -0.044369137063062281 0.3039439303534372 0.027924161793833432 0.1185340632001559 -0.084245118859050047
leaf_weight=93 53 56 133 13.999999999999998 33 60 91
leaf_count=93 53 56 133 14 33 60 91
internal_value=0 0.128198 -0.0670295 0.196526 -0.0299976 0.0858714 -0.100439
internal_weight=0 183 350 70 166 113 184
internal_count=533 183 350 70 166 113 184
is_linear=0
shrinkage=0.1


Tree=2
num_leaves=8
num_cat=0
split_feature=52 55 99 54 101 104 99
split_gain=370.989 43.8144 36.7606 15.5364 11.4496 9.60344 5.73084
threshold=1.8317808230648234 3.3140206880897671 3.5972184255501678 2.1383330595080285 5.397507084631834 2.4414009612931857 4.7140145363037149
decision_type=2 2 2 2 2 2 2
left_child=2 3 5 -2 -3 -1 -4
right_child=1 4 6 -5 -6 -7 -8
leaf_value=-0.092594066783785831 0.04400525799478 0.16609811980058165 -0.018447773213394813 0.11347521845160463 0.27354954310825896 -0.047389414457101674 0.055121643158296742
leaf_weight=185 53 34 90 82 13.999999999999998 63 11.999999999999998
leaf_count=185 53 34 90 82 14 63 12
internal_value=0 0.115379 -0.0603265 0.0862018 0.197438 -0.0811106 -0.00979255
internal_weight=0 183 350 135 48 248 102
internal_count=533 183 350 135 48 248 102
is_linear=0
shrinkage=0.1


Tree=3
num_leaves=8
num_cat=0
split_feature=52 99 99 54 77 104 97
split_gain=300.501 37.0895 29.7761 13.6879 13.6292 7.77879 4.78686
threshold=1.8317808230648234 5.203991592053625 3.5972184255501678 2.3502401828962087 3.5400132499612957 2.4414009612931857 4.166635176627655
decision_type=2 2 2 2 2 2 2
left_child=2 3 5 -2 -3 -1 -4
right_child=1 4 6 -5 -6 -7 -8
leaf_value=-0.083334662849335259 0.032328051987748879 0.13636165300141209 -0.030055930458295806 0.10070380162058482 0.2389999568462372 -0.042650472845823045 0.013279051125049591
leaf_weight=185 52 46 52 67 18 63 50
leaf_count=185 52 46 52 67 18 63 50
internal_value=0 0.103841 -0.0542939 0.0708253 0.165229 -0.0729996 -0.00881329
internal_weight=0 183 350 119 64 248 102
internal_count=533 183 350 119 64 248 102
is_linear=0
shrinkage=0.1


Tree=4
num_leaves=8
num_cat=0
split_feature=55 99 77 98 85 2 101
split_gain=244.746 36.9761 23.2484 12.5594 9.44726 6.10193 5.44416
threshold=2.3502401828962087 3.4811217321331038 3.3126961840039786 3.8606743063089755 0.075449263384551116 0.89587973461402759 5.0072908000208587
decision_type=2 2 2 2 2 2 2
left_child=1 5 4 -3 -2 -1 -4
right_child=2 3 6 -5 -6 -7 -8
leaf_value=-0.080625269254264623 0.032355859308787017 -0.015402432674290463 0.15103430702136111 0.066583405546209021 0.1032410924368113 -0.047993764408616996 0.24443992972373962
leaf_weight=138 23 124 13.000000000000002 22 103 98 11.999999999999998
leaf_count=138 23 124 13 22 103 98 12
internal_value=0 -0.042604 0.10778 -0.0030484 0.0903017 -0.0670749 0.195869
internal_weight=0 382 151 146 126 236 25
internal_count=533 382 151 146 126 236 25
is_linear=0
shrinkage=0.1


Tree=5
num_leaves=8
num_cat=0
split_feature=52 99 104 101 85 54 65
split_gain=198.484 25.3834 19.6668 10.1419 9.25665 9.1487 3.6483
threshold=1.8317808230648234 5.203991592053625 2.249904835165133 4.6101453514146771 0.2363192600992618 2.3502401828962087 0.74888499100875694
decision_type=2 2 2 2 2 2 2
left_child=2 5 6 -3 -4 -2 -1
right_child=1 3 4 -5 -6 -7 -8
leaf_value=-0.082174033824219769 0.025607260194822002 0.10330603092144697 -0.039835822021469791 0.18489818143844605 0.0078128451468526487 0.081507564046934475 -0.053876108945448802
leaf_weight=83 52 39 94 25 72 67 101
leaf_count=83 52 39 94 25 72 67 101
internal_value=0 0.0843933 -0.0441256 0.135178 -0.0191689 0.0570805 -0.0666409
internal_weight=0 183 350 64 166 119 184
internal_count=533 183 350 64 166 119 184
is_linear=0
shrinkage=0.1


Tree=6
num_leaves=8
num_cat=0
split_feature=98 52 99 73 52 101 77
split_gain=163.537 23.3659 16.4849 8.10393 6.91655 6.7938 6.07676
threshold=3.3842466058243152 3.0324736619338934 3.5972184255501678 1.700598690831078 1.9088561629784524 5.5132986564023136 1.2424533248940006
decision_type=2 2 2 2 2 2 2
left_child=2 3 6 -2 -4 -3 -1
right_child=1 5 4 -5 -6 -7 -8
leaf_value=-0.057819228983257247 0.036142785444083676 0.10932072791457177 -0.018183913219744632 0.09576120893160503 0.050755169987678532 0.1931077241897583 0.0099736345665795475
leaf_weight=238 95 50 76 30 18 11.999999999999998 13.999999999999998
leaf_count=238 95 50 76 30 18 12 14
internal_value=0 0.0753461 -0.0407218 0.0504512 -0.00498281 0.125538 -0.054053
internal_weight=0 187 346 125 94 62 252
internal_count=533 187 346 125 94 62 252
is_linear=0
shrinkage=0.1


Tree=7
num_leaves=8
num_cat=0
split_feature=70 100 77 3 77 85 101
split_gain=133.633 22.4259 13.4099 7.55231 7.14659 5.17154 3.23164
threshold=2.1801929813610932 4.7140145363037149 3.3126961840039786 3.4811217321331038 1.2424533248940006 0.075449263384551116 5.0072908000208587
decision_type=2 2 2 2 2 2 2
left_child=1 3 5 -1 -3 -2 -4
right_child=2 4 6 -5 -6 -7 -8
leaf_value=-0.056012440456243442 0.026948635127896876 -0.0080675546322827758 0.11232535472282995 -0.020027854084605126 0.050395549039045973 0.077062799818719732 0.18429002662499747
leaf_weight=202 26 69 13.000000000000002 82 30 99 11.999999999999998
leaf_count=202 26 69 13 82 30 99 12
internal_value=0 -0.0313357 0.0800106 -0.0456225 0.00964854 0.0666391 0.146868
internal_weight=0 383 150 284 99 125 25
internal_count=533 383 150 284 99 125 25
is_linear=0
shrinkage=0.1


Tree=8
num_leaves=8
num_cat=0
split_feature=96 52 75 101 52 2 52
split_gain=110.15 16.027 12.3254 6.38653 5.33679 4.76905 4.71528
threshold=2.8617925509761908 1.4451858789480827 2.0126758453675753 5.2547207606968493 2.2009304101455746e-17 1.2424533248940002 2.7244451125137057
decision_type=2 2 2 2 2 2 2
left_child=1 4 6 -4 -1 -3 -2
right_child=2 5 3 -5 -6 -7 -8
leaf_value=-0.058514480531562635 0.027040118198545484 -0.038996963788356098 0.086156210077639961 0.16224818655422757 -0.030406570405699315 0.026257024665496183 0.072163779214024545
leaf_weight=102 55 13.999999999999998 52 13.999999999999998 200 56 40
leaf_count=102 55 14 52 14 200 56 40
internal_value=0 -0.0299069 0.0691016 0.102297 -0.0399 0.0132062 0.0460396
internal_weight=0 372 161 66 302 70 95
internal_count=533 372 161 66 302 70 95
is_linear=0
shrinkage=0.1


Tree=9
num_leaves=8
num_cat=0
split_feature=98 99 103 71 73 101 50
split_gain=90.399 15.1773 10.6417 5.86259 4.76937 4.51143 2.70409
threshold=3.6762205501217919 3.5972184255501678 3.9796379800581989 0.89587973461402781 1.3862943611198915 5.2547207606968493 1.2424533248940002
decision_type=2 2 2 2 2 2 2
left_child=1 4 6 -3 -1 -4 -2
right_child=2 3 5 -5 -6 -7 -8
leaf_value=-0.0433274323480978 0.068283115975234829 -0.010740095045831469 0.078242227850122414 0.038534044578784343 0.021253865646819275 0.13693860313471626 0.027762581835950501
leaf_weight=243 23 90 57 33 11.999999999999998 17 58
leaf_count=243 23 90 57 33 12 17 58
internal_value=0 -0.0263717 0.0643129 0.0024798 -0.0402883 0.0917265 0.0392684
internal_weight=0 378 155 123 255 74 81
internal_count=533 378 155 123 255 74 81
is_linear=0
shrinkage=0.1


Tree=10
num_leaves=8
num_cat=0
split_feature=96 96 85 3 74 85 77
split_gain=74.6161 10.2741 8.17449 6.11733 5.85293 5.1597 5.0875
threshold=2.740319461670996 3.5694334999727624 0.2363192600992618 3.4175922930736511 0.25683934637419864 0.011736441392706172 3.5400132499612957
decision_type=2 2 2 2 2 2 2
left_child=2 5 3 -1 -4 -2 -3
right_child=1 6 4 -5 -6 -7 -8
leaf_value=-0.04628398144783985 -0.022446662622193497 0.06285919052944787 -0.02345255799956766 -0.013961971661245283 0.027293638049102412 0.039234985770996322 0.12126431349251006
leaf_weight=175 18 87 51 88 41 55 18
leaf_count=175 18 87 51 88 41 55 18
internal_value=0 0.0528393 -0.0264941 -0.035469 -0.000837405 0.0240258 0.0728715
internal_weight=0 178 355 263 92 73 105
internal_count=533 178 355 263 92 73 105
is_linear=0
shrinkage=0.1


Tree=11
num_leaves=7
num_cat=0
split_feature=70 99 83 54 73 31
split_gain=61.0582 11.1189 6.49061 6.3551 4.16103 0.831586
threshold=2.1801929813610932 4.7140145363037149 19.51929302935703 3.4334666422309414 1.700598690831078 4.6491756246494491
decision_type=2 2 2 2 2 2
left_child=1 2 -1 4 -2 -3
right_child=3 5 -4 -5 -6 -7
leaf_value=-0.029452033552613097 0.032599987392039863 0.06227841017146904 0.022431370286414259 0.10245063317858655 0.07107405832835606 0.02577265709495315
leaf_weight=332 85 12.000000000000002 26 23 42 12.999999999999998
leaf_count=332 85 12 26 23 42 13
internal_value=0 -0.0211814 -0.025684 0.0540832 0.0453237 0.0432954
internal_weight=0 383 358 150 127 25
internal_count=533 383 358 150 127 25
is_linear=0
shrinkage=0.1


Tree=12
num_leaves=8
num_cat=0
split_feature=98 103 77 3 50 37 11
split_gain=50.6503 7.85284 6.26651 4.63515 4.11431 3.85772 2.82536
threshold=3.3842466058243152 3.9796379800581989 1.2424533248940006 3.4175922930736511 1.2424533248940002 1.7076184216646697e-18 5.5432204948189954
decision_type=2 2 2 2 2 2 2
left_child=2 4 3 -1 -2 -4 -3
right_child=1 6 5 -5 -6 -7 -8
leaf_value=-0.036131681186525384 0.055660184785243011 0.053923583582595552 0.052108440044171672 -0.010866094097544098 0.01267185888895647 -0.01746929368004203 0.095776122808456432
leaf_weight=200 31 54 17 114 79 14.999999999999998 23
leaf_count=200 31 54 17 114 79 15 23
internal_value=0 0.0419319 -0.0226626 -0.0269588 0.0247868 0.0194939 0.066425
internal_weight=0 187 346 314 110 32 77
internal_count=533 187 346 314 110 32 77
is_linear=0
shrinkage=0.1


Tree=13
num_leaves=8
num_cat=0
split_feature=96 75 73 76 101 99 60
split_gain=41.8054 6.01234 5.1025 3.88167 3.40865 3.07894 1.17593
threshold=2.740319461670996 2.0126758453675753 1.3862943611198915 0.24908725310621602 5.2547207606968493 4.1971736807086968 1.3381507513938151
decision_type=2 2 2 2 2 2 2
left_child=2 5 3 -1 -3 -2 -4
right_child=1 4 6 -5 -6 -7 -8
leaf_value=-0.028809472409339489 -0.0010193532332777977 0.051526080672111778 0.0028892400602881715 -0.0024165582803773213 0.10689734667539597 0.035816860415089212 0.046300152906527121
leaf_weight=259 32 54 13.000000000000002 71 13.999999999999998 78 11.999999999999998
leaf_count=259 32 54 13 71 14 78 12
internal_value=0 0.0395509 -0.0198312 -0.023131 0.062926 0.0251009 0.0237265
internal_weight=0 178 355 330 68 110 25
internal_count=533 178 355 330 68 110 25
is_linear=0
shrinkage=0.1


Tree=14
num_leaves=7
num_cat=0
split_feature=98 99 101 60 71 57
split_gain=34.5835 6.30178 4.60229 3.45987 3.31532 2.62439
threshold=3.6505739029280164 3.5972184255501678 5.5132986564023136 2.0556930140384764 0.89587973461402781 1.3774916096876875
decision_type=2 2 2 2 2 2
left_child=1 3 5 -1 -3 -2
right_child=2 4 -4 -5 -6 -7
leaf_value=-0.022514937757756953 0.012152990642935039 -0.007874030737077882 0.09397895527737482 -0.07201987107594808 0.029351136669742341 0.042293377616442744
leaf_weight=240 40 87 13.999999999999998 14.999999999999998 33 104
leaf_count=240 40 87 14 15 33 104
internal_value=0 -0.0165342 0.0392426 -0.025427 0.00236289 0.033921
internal_weight=0 375 158 255 120 144
internal_count=533 375 158 255 120 144
is_linear=0
shrinkage=0.1


Tree=15
num_leaves=8
num_cat=0
split_feature=52 96 85 85 69 77 49
split_gain=28.9691 6.29541 3.48322 2.7847 2.88468 2.25838 1.8175
threshold=1.4451858789480827 3.5114340430413216 0.075449263384551116 0.2363192600992618 1.1898131758225829 3.3126961840039786 1.2424533248940006
decision_type=2 2 2 2 2 2 2
left_child=3 2 -2 6 -5 -3 -1
right_child=1 5 -4 4 -6 -7 -8
leaf_value=-0.01871942228967725 -0.012480875262990595 0.03723929953615529 0.024059979630013308 0.010871179559733719 -0.031920693571800773 0.072068657664688854 -0.037218592990175235
leaf_weight=158 40 83 75 50 23 24 80
leaf_count=158 40 83 75 50 23 24 80
internal_value=0 0.0275936 0.0113501 -0.019697 -0.00261119 0.0450515 -0.0249376
internal_weight=0 222 115 311 73 107 238
internal_count=533 222 115 311 73 107 238
is_linear=0
shrinkage=0.1


Tree=16
num_leaves=8
num_cat=0
split_feature=52 54 102 56 16 71 100
split_gain=23.465 5.1907 4.38386 2.74994 2.45899 1.62377 0.429738
threshold=1.4451858789480827 2.8617925509761908 2.9700856263602158 8.7278274885083122e-18 1.2424533248940006 2.1383330595080285 3.8176519431297078
decision_type=2 2 2 2 2 2 2
left_child=3 2 -2 6 -5 -3 -1
right_child=1 5 -4 4 -6 -7 -8
leaf_value=-0.040136849162025527 -0.018508790025953206 0.039306943409610544 0.02318471684915448 -0.0057780828806171707 -0.026839767558322777 0.076353794584671661 -0.019142637060334287
leaf_weight=52 32 56 119 163 84 14.999999999999998 11.999999999999998
leaf_count=52 32 56 119 163 84 15 12
internal_value=0 0.0248342 0.014349 -0.0177273 -0.0129408 0.0471337 -0.0362004
internal_weight=0 222 151 311 247 71 64
internal_count=533 222 151 311 247 71 64
is_linear=0
shrinkage=0.1


Tree=17
num_leaves=6
num_cat=0
split_feature=98 92 99 101 73
split_gain=19.3012 4.20847 3.42204 3.02728 1.72627
threshold=3.6505739029280164 2.0195679615411932 3.5972184255501678 5.5132986564023136 1.700598690831078
decision_type=2 2 2 2 2
left_child=1 -1 -3 4 -2
right_child=3 2 -4 -5 -6
leaf_value=0.043550121096464306 0.017499411222369029 -0.020993860359284799 -0.00011055956088492405 0.07370978008423533 0.040981892480150516
leaf_weight=12.999999999999998 98 247 115 13.999999999999998 46
leaf_count=13 98 247 115 14 46
internal_value=0 -0.0123521 -0.0143597 0.0293167 0.0250008
internal_weight=0 375 362 158 144
internal_count=533 375 362 158 144
is_linear=0
shrinkage=0.1


Tree=18
num_leaves=8
num_cat=0
split_feature=103 70 77 61 101 19 96
split_gain=16.0541 3.93682 2.37409 2.37224 2.29915 2.04403 1.5667
threshold=3.2769667020129059 2.1048574688619053 0.34657359027997264 0.46172290116036946 5.2547207606968493 5.476428537312894 3.5972184255501678
decision_type=2 2 2 2 2 2 2
left_child=1 3 6 -1 -4 -3 -2
right_child=2 5 4 -5 -6 -7 -8
leaf_value=-0.028914078667588619 -0.011665520320336025 0.028143655984765953 0.029586249016264971 -0.0097020141978956843 0.070593078155070543 -0.013128117337408993 0.030648939410845441
leaf_weight=87 21 36 94 246 15.999999999999998 18 14.999999999999998
leaf_count=87 21 36 94 246 16 18 15
internal_value=0 -0.0106598 0.0282559 -0.0147214 0.0355509 0.0143864 0.0059655
internal_weight=0 387 146 333 110 54 36
internal_count=533 387 146 333 110 54 36
is_linear=0
shrinkage=0.1


Tree=19
num_leaves=8
num_cat=0
split_feature=99 76 72 56 54 15 86
split_gain=13.0851 3.46539 3.94628 3.28009 3.20501 1.70696 0.922274
threshold=4.1971736807086968 0.24908725310621602 0.69314718055994551 0.9639458217763176 2.8617925509761908 3.3842466058243152 0.35872385031442039
decision_type=2 2 2 2 2 2 2
left_child=1 2 -1 -3 5 -2 -6
right_child=4 3 -4 -5 6 -7 -8
leaf_value=-0.02014720912192421 0.044487010581152786 -0.013451401723503341 0.029650629837723343 0.026549176649167772 0.031647477956845409 0.0073140854479390241 0.05775563254168159
leaf_weight=249 13.999999999999998 41 17 41 47 105 19
leaf_count=249 14 41 17 41 47 105 19
internal_value=0 -0.0114241 -0.0169646 0.00654889 0.0214897 0.0116874 0.0391635
internal_weight=0 348 266 82 185 119 66
internal_count=533 348 266 82 185 119 66
is_linear=0
shrinkage=0.1


Tree=20
num_leaves=7
num_cat=0
split_feature=103 3 30 7 101 49
split_gain=10.8672 2.81764 3.20438 1.80877 1.7378 1.45061
threshold=3.2769667020129059 2.524928003624769 1.4978661367769959 2.0126758453675748 5.397507084631834 4.5536491244391194e-18
decision_type=2 2 2 2 2 2
left_child=1 3 -3 -1 5 -2
right_child=4 2 -4 -5 -6 -7
leaf_value=-0.012769910919649359 0.042893172161919735 0.015868850893098609 -0.0098806820554215909 -0.03728145107817956 0.050631187278777356 0.014102246906120509
leaf_weight=132 21 73 143 39 20 105
leaf_count=132 21 73 143 39 20 105
internal_value=0 -0.00877033 -0.00117829 -0.0183603 0.0232474 0.0189007
internal_weight=0 387 216 171 146 126
internal_count=533 387 216 171 146 126
is_linear=0
shrinkage=0.1


Tree=21
num_leaves=7
num_cat=0
split_feature=98 92 7 43 30 57
split_gain=9.23575 2.87793 2.61316 1.27941 1.78077 0.463405
threshold=3.9796379800581989 2.0195679615411932 5.1561734468561555 4.9663289649179552 0.89587973461402759 1.8717073156175987
decision_type=2 2 2 2 2 2
left_child=1 -1 -3 4 -2 -5
right_child=3 2 -4 5 -6 -7
leaf_value=0.037669162877968385 9.4825687507788344e-05 -0.011115220026611817 0.015812110110418869 -0.005086445085083444 0.038062894756772686 0.019770602372785412
leaf_weight=13.999999999999998 14.999999999999998 364 40 15.000000000000002 70 14.999999999999998
leaf_count=14 15 364 40 15 70 15
internal_value=0 -0.00690452 -0.00844915 0.0250964 0.0313626 0.00734208
internal_weight=0 418 404 115 85 30
internal_count=533 418 404 115 85 30
is_linear=0
shrinkage=0.1


Tree=22
num_leaves=7
num_cat=0
split_feature=52 2 76 56 71 72
split_gain=7.68386 2.84782 2.02909 2.60099 1.90184 1.67939
threshold=1.4451858789480827 1.2424533248940002 1.0509571987659478 0.9639458217763176 0.89587973461402781 0.69314718055994551
decision_type=2 2 2 2 2 2
left_child=2 -2 5 -4 -3 -1
right_child=1 4 3 -5 -6 -7
leaf_value=-0.015628856926334474 -0.029445175688514222 0.0098185551650502249 -0.0054239634637321746 0.046958276629447938 0.029621841797118333 0.01780179390916601
leaf_weight=247 13.999999999999998 131 35 12.999999999999998 77 15.999999999999998
leaf_count=247 14 131 35 13 77 16
internal_value=0 0.0142112 -0.0101443 0.00876289 0.0171496 -0.0135951
internal_weight=0 222 311 48 208 263
internal_count=533 222 311 48 208 263
is_linear=0
shrinkage=0.1


Tree=23
num_leaves=7
num_cat=0
split_feature=99 97 92 101 99 49
split_gain=6.47722 2.3775 2.04031 1.49797 1.07172 1.0587
threshold=4.7140145363037149 5.003923783930186 2.0195679615411932 3.9219243190762363 6.2833660702955116 4.5536491244391194e-18
decision_type=2 2 2 2 2 2
left_child=1 2 -1 -3 5 -2
right_child=4 3 -4 -5 -6 -7
leaf_value=0.03247844207411011 0.040145734642796659 0.039377965840200577 -0.0094191100869038327 -0.0062346466870318792 0.048705908718208478 0.012982536960558006
leaf_weight=11.999999999999998 17 18.000000000000004 370 11.999999999999998 11.999999999999998 92
leaf_count=12 17 18 370 12 12 92
internal_value=0 -0.00597413 -0.00810296 0.0211329 0.0203417 0.017219
internal_weight=0 412 382 30 121 109
internal_count=533 412 382 30 121 109
is_linear=0
shrinkage=0.1


Tree=24
num_leaves=8
num_cat=0
split_feature=102 61 72 85 76 84 41
split_gain=5.42273 2.48957 1.61044 3.17579 2.23937 1.36438 1.25143
threshold=3.0677824455408698 1.3247613791760318 0.060143082937250958 0.028591544580251347 0.4544553122882663 0.50611570003661466 2.3245294578089215e-16
decision_type=2 2 2 2 2 2 2
left_child=2 6 4 -4 -1 -3 -2
right_child=1 5 3 -5 -6 -7 -8
leaf_value=-0.015904102901271481 0.011635156701607951 0.026353841915519701 -0.013332702995588384 0.044183522474486384 0.009845447782427073 0.0080914583794462185 -0.015373899113564266
leaf_weight=217 29 90 24 15.999999999999998 40 75 42
leaf_count=217 29 90 24 16 40 75 42
internal_value=0 0.0113153 -0.00899132 0.00967379 -0.0118964 0.0180528 -0.00434203
internal_weight=0 236 297 40 257 165 71
internal_count=533 236 297 40 257 165 71
is_linear=0
shrinkage=0.1


Tree=25
num_leaves=8
num_cat=0
split_feature=98 2 86 86 86 47 71
split_gain=4.42628 1.95846 2.0687 1.81104 0.90366 1.09761 0.727501
threshold=3.9796379800581989 1.3281476612947431e-18 0.35872385031442039 0.34501090414916669 0.043118620480076558 4.2268071048866842 2.0126758453675753
decision_type=2 2 2 2 2 2 2
left_child=1 3 -3 -1 5 -2 -6
right_child=4 2 -4 -5 6 -7 -8
leaf_value=-0.030225901517505739 0.022708987362463684 0.0048829668300011415 -0.011830623653697095 -0.0025364445903423159 0.020751406439313932 -0.0027006942176205275 0.049283996410667899
leaf_weight=51 34 208 115 44 35 34 11.999999999999998
leaf_count=51 34 208 115 44 35 34 12
internal_value=0 -0.00477988 -0.00106769 -0.0174013 0.0173738 0.0100041 0.0280363
internal_weight=0 418 323 95 115 68 47
internal_count=533 418 323 95 115 68 47
is_linear=0
shrinkage=0.1


Tree=26
num_leaves=7
num_cat=0
split_feature=102 61 61 6 19 36
split_gain=3.73667 1.84274 1.51239 2.23623 1.24393 1.16162
threshold=3.0677824455408698 1.3247613791760318 2.3700827426993203 1.7005986908310777 2.602003343538398 0.89587973461402781
decision_type=2 2 2 2 2 2
left_child=2 5 3 -1 -3 -2
right_child=1 4 -4 -5 -6 -7
leaf_value=-0.012178448911658243 0.0062438804558803181 0.039258271691046266 -0.040817231240753947 0.0066787095407910765 0.012057131899168219 -0.019928737663264789
leaf_weight=190 43 19 12.999999999999998 94 146 28
leaf_count=190 43 19 13 94 146 28
internal_value=0 0.00939293 -0.00746374 -0.005937 0.0151894 -0.00407772
internal_weight=0 236 297 284 165 71
internal_count=533 236 297 284 165 71
is_linear=0
shrinkage=0.1


Tree=27
num_leaves=8
num_cat=0
split_feature=104 49 85 103 50 3 70
split_gain=3.19167 1.77634 2.40169 2.18729 1.24415 2.11504 0.679514
threshold=2.6735537653587347 4.5536491244391194e-18 0.011736441392706172 3.9019216517693867 1.8688348091416846 3.4175922930736511 0.48439081677372781
decision_type=2 2 2 2 2 2 2
left_child=4 2 -2 -3 5 -1 -6
right_child=1 3 -4 -5 6 -7 -8
leaf_value=-0.0099712246559730926 -0.0095055831862347479 -0.0047540307201204765 0.029962685848696657 0.015777359847710708 -0.014247272230152572 0.019874641736005918 -0.037038239503377361
leaf_weight=131 21 155 58 78 42 29 19
leaf_count=131 21 155 58 78 42 29 19
internal_value=0 0.00651275 0.0194711 0.00211914 -0.00919447 -0.00456166 -0.0213461
internal_weight=0 312 79 233 221 160 61
internal_count=533 312 79 233 221 160 61
is_linear=0
shrinkage=0.1


Tree=28
num_leaves=7
num_cat=0
split_feature=73 7 27 11 101 80
split_gain=2.72468 1.86207 1.87736 1.15229 0.959085 1.28932
threshold=1.3862943611198915 5.1445790166580574 5.654166879525274 5.928250492431272 5.2065662397769792 1.7607232549068661
decision_type=2 2 2 2 2 2
left_child=1 2 -1 -3 5 -2
right_child=4 3 -4 -5 -6 -7
leaf_value=-0.0045730206840430745 0.016939846930774646 0.019110925522641684 -0.037692864239215855 -0.0076922222164601253 0.039833682670687917 -0.018736401805654168
leaf_weight=348 65 53 18 23 13.999999999999998 11.999999999999998
leaf_count=348 65 53 18 23 14 12
internal_value=0 -0.00324417 -0.00620187 0.0109994 0.0157574 0.0113799
internal_weight=0 442 366 76 91 77
internal_count=533 442 366 76 91 77
is_linear=0
shrinkage=0.1


Tree=29
num_leaves=8
num_cat=0
split_feature=0 103 12 35 88 28 103
split_gain=2.37795 1.61781 2.62658 1.61665 0.932047 1.79017 0.863577
threshold=2.6088614775432455e-19 1.2424533248940006 1.9428902930940239e-16 5.2041704279304213e-16 0.381909351472076 5.1608023410310023e-17 1.2424533248940006
decision_type=2 2 2 2 2 2 2
left_child=4 3 -3 -2 6 -6 -1
right_child=1 2 -4 -5 5 -7 -8
leaf_value=-0.010037748665991622 0.0196940553977209 0.029693196598026491 0.0035410332525920352 -0.014637701128097909 -0.020808470603965581 0.019171154347714037 -0.030321683874353769
leaf_weight=61 17 45 262 71 21 24 32
leaf_count=61 17 45 262 71 21 24 32
internal_value=0 0.00394802 0.00737441 -0.00800543 -0.0113005 0.000513996 -0.0170172
internal_weight=0 395 307 88 138 45 93
internal_count=533 395 307 88 138 45 93
is_linear=0
shrinkage=0.1


Tree=30
num_leaves=7
num_cat=0
split_feature=2 25 61 29 100 99
split_gain=2.08951 1.68381 1.883 1.75807 1.51353 1.61894
threshold=2.0126758453675753 2.0126758453675753 0.46172290116036946 2.6735537653587351 3.4811217321331038 4.1971736807086968
decision_type=2 2 2 2 2 2
left_child=1 2 -1 -3 -2 -6
right_child=4 3 -4 -5 5 -7
leaf_value=-0.014186556459892363 0.038336878562612198 -0.036203089491887525 0.0048560743536868629 0.0033810449435430416 -0.0063613529801262881 0.010506531819614426
leaf_weight=84 13.999999999999998 33 136 17 88 161
leaf_count=84 14 33 136 17 88 161
internal_value=0 -0.00617951 -0.00241475 -0.0227445 0.00634399 0.00454519
internal_weight=0 270 220 50 263 249
internal_count=533 270 220 50 263 249
is_linear=0
shrinkage=0.1


Tree=31
num_leaves=8
num_cat=0
split_feature=95 28 64 26 71 92 40
split_gain=1.7714 1.9463 2.06473 0.926363 0.860352 0.692775 0.638556
threshold=2.4414009612931857 2.8617925509761908 2.3940929731057614 3.795426061844291 0.89587973461402781 2.1802320152277921 1.7005986908310782
decision_type=2 2 2 2 2 2 2
left_child=1 2 -1 -3 5 -2 -6
right_child=4 3 -4 -5 6 -7 -8
leaf_value=-0.0029872267068979351 -0.007163145612444609 -0.047020683552210146 0.027321662722776335 -0.013054354020970918 0.011524074039577198 0.012015064218818832 0.036440294484297441
leaf_weight=354 31 12.999999999999998 24 21 24 48 18
leaf_count=354 31 13 24 21 24 48 18
internal_value=0 -0.0031242 -0.00106285 -0.0260415 0.0106378 0.00448944 0.0222025
internal_weight=0 412 378 34 121 79 42
internal_count=533 412 378 34 121 79 42
is_linear=0
shrinkage=0.1


Tree=32
num_leaves=8
num_cat=0
split_feature=73 1 9 35 81 1 86
split_gain=1.59433 1.0692 1.82732 1.75587 0.845894 1.02314 0.70502
threshold=1.3862943611198915 1.4978661367769959 1.8688348091416844 5.3518469026947413 0.76673818493589829 1.2424533248940006 0.10866339792416192
decision_type=2 2 2 2 2 2 2
left_child=1 3 -3 -1 6 -6 -2
right_child=4 2 -4 -5 5 -7 -8
leaf_value=-0.0040017056904429402 0.0088309078477323034 0.021940938578691425 -0.0019877928516103165 -0.032408962973083065 0.026003894385778242 -0.0021179023343986204 0.041350582912564278
leaf_weight=233 12.000000000000002 41 144 24 18 46 14.999999999999998
leaf_count=233 12 41 144 24 18 46 15
internal_value=0 -0.00248162 0.00331533 -0.00665452 0.0120536 0.00579135 0.0268974
internal_weight=0 442 185 257 91 64 27
internal_count=533 442 185 257 91 64 27
is_linear=0
shrinkage=0.1


Tree=33
num_leaves=8
num_cat=0
split_feature=2 71 86 86 22 70 83
split_gain=1.52275 1.30694 1.26474 1.13466 1.33039 0.993373 0.592808
threshold=1.3281476612947431e-18 1.4978661367769959 0.32240720641703952 0.34501090414916669 1.2424533248940002 0.288045449485344 1.0428360440902362
decision_type=2 2 2 2 2 2 2
left_child=3 2 -2 5 -5 -1 -3
right_child=1 6 -4 4 -6 -7 -8
leaf_value=-0.0089790186977812235 0.0044557874473341846 0.033964043775839468 -0.0077693599130048661 -0.012216625174162268 0.024466847181320191 -0.037026789752037631 0.01063133086534027
leaf_weight=28 246 13.999999999999998 129 29 14.999999999999998 23 49
leaf_count=28 246 14 129 29 15 23 49
internal_value=0 0.00248929 0.000250337 -0.0114769 0.000289104 -0.021628 0.0158164
internal_weight=0 438 375 95 44 51 63
internal_count=533 438 375 95 44 51 63
is_linear=0
shrinkage=0.1


Tree=34
num_leaves=7
num_cat=0
split_feature=70 56 27 46 4 13
split_gain=1.35829 1.05199 1.46948 0.40783 0.681856 0.288219
threshold=3.1681800156226956 8.7278274885083122e-18 3.2951505240983434 2.740319461670996 3.3140206880897671 9.4867690092481657e-19
decision_type=2 2 2 2 2 2
left_child=1 5 -3 4 -2 -1
right_child=3 2 -4 -5 -6 -7
leaf_value=-0.0092208580507172483 0.02543379681495328 0.0079891182182454112 -0.0043192764500788643 0.025385927297488904 -0.0060998990433290606 -0.02390903987382588
leaf_weight=45 12.000000000000002 153 265 23 15.999999999999998 19
leaf_count=45 12 153 265 23 16 19
internal_value=0 -0.00164208 0.000185949 0.0155193 0.00741454 -0.0135814
internal_weight=0 482 418 51 28 64
internal_count=533 482 418 51 28 64
is_linear=0
shrinkage=0.1


Tree=35
num_leaves=7
num_cat=0
split_feature=103 26 33 72 2 24
split_gain=1.19404 0.948492 0.850912 0.838592 0.824188 0.340817
threshold=3.9019216517693867 2.0126758453675753 2.4414009612931857 36.051527567601234 1.3281476612947431e-18 1.4419888894057212e-17
decision_type=2 2 2 2 2 2
left_child=3 5 -3 4 -1 -2
right_child=1 2 -4 -5 -6 -7
leaf_value=-0.011281387696457703 0.0081854358858739328 0.024305441939150511 -0.0038508249180657528 0.021981521323323251 -0.00060908542169878883 -0.014108606299851091
leaf_weight=92 12.000000000000002 46 13.999999999999998 13.999999999999998 339 15.999999999999998
leaf_count=92 12 46 14 14 339 16
internal_value=0 0.0106435 0.0177356 -0.00210478 -0.00288716 -0.00455402
internal_weight=0 88 60 445 431 28
internal_count=533 88 60 445 431 28
is_linear=0
shrinkage=0.1


Tree=36
num_leaves=8
num_cat=0
split_feature=0 25 15 95 88 28 103
split_gain=1.05041 1.30838 2.04226 1.72377 0.67872 1.30653 0.716191
threshold=2.6088614775432455e-19 1.4113769201686037e-22 1.4978661367769959 2.3502401828962087 0.381909351472076 5.1608023410310023e-17 1.2424533248940006
decision_type=2 2 2 2 2 2 2
left_child=4 2 -2 -3 6 -6 -1
right_child=1 3 -4 -5 5 -7 -8
leaf_value=-0.0060329254445635151 0.043661700747907164 -0.0058162225237448177 0.0054680556916291752 0.0096512519196299516 -0.015644535262669838 0.018510119849815966 -0.02450501760467887
leaf_weight=61 18 202 63 112 21 24 32
leaf_count=61 18 202 63 112 21 24 32
internal_value=0 0.00262395 0.0139555 -0.000299162 -0.00751059 0.00257128 -0.0123889
internal_weight=0 395 81 314 138 45 93
internal_count=533 395 81 314 138 45 93
is_linear=0
shrinkage=0.1


Tree=37
num_leaves=4
num_cat=0
split_feature=98 92 76
split_gain=0.947567 0.834026 0.970161
threshold=5.4248626803891185 2.0195679615411932 1.2872594042388441
decision_type=2 2 2
left_child=1 -1 -3
right_child=-2 2 -4
leaf_value=0.023383686608368801 0.025672081857919693 -0.0032190488496355745 0.0089736643344067151
leaf_weight=13.999999999999998 13.999999999999998 428 77
leaf_count=14 14 428 77
internal_value=0 -0.000692503 -0.00135996
internal_weight=0 519 505
internal_count=533 519 505
is_linear=0
shrinkage=0.1


Tree=38
num_leaves=8
num_cat=0
split_feature=103 15 98 95 76 86 3
split_gain=0.879904 1.1381 1.43456 1.33043 0.840438 1.76438 0.696812
threshold=1.8688348091416842 2.9700856263602167 2.249904835165133 2.3502401828962087 1.0509571987659478 0.41465158580126077 2.9700856263602167
decision_type=2 2 2 2 2 2 2
left_child=4 2 -2 -3 6 -6 -1
right_child=1 3 -4 -5 5 -7 -8
leaf_value=-0.011392204323433396 -0.0043460579196873466 -0.0058287154608439628 0.030550854238531284 0.0086094980090619787 -0.0085730445935674332 0.035510623008012769 0.0019900569823485884
leaf_weight=133 19 139 31 118 23 14.999999999999998 55
leaf_count=133 19 139 31 118 23 15 55
internal_value=0 0.00348609 0.01729 0.000800503 -0.00473553 0.0088284 -0.00747718
internal_weight=0 307 50 257 226 38 188
internal_count=533 307 50 257 226 38 188
is_linear=0
shrinkage=0.1


Tree=39
num_leaves=8
num_cat=0
split_feature=2 11 77 103 86 12 52
split_gain=0.730846 0.92889 2.78297 1.2805 0.785207 0.930179 0.891305
threshold=1.3281476612947431e-18 3.6429192995512949e-16 9.1289822923279461e-17 0.69314718055994573 0.34501090414916669 1.7076184216646697e-18 0.40546510810816438
decision_type=2 2 2 2 2 2 2
left_child=4 2 -2 -3 6 -6 -1
right_child=1 3 -4 -5 5 -7 -8
leaf_value=-0.0066319617612118076 0.041981815882027151 -0.01124861037688233 -0.013972077309153974 0.0030935681842697359 -0.012702907791191882 0.016376590034501117 -0.034295333011282812
leaf_weight=33 20 77 15.999999999999998 325 22 22 18
leaf_count=33 20 77 16 325 22 22 18
internal_value=0 0.00172454 0.0171134 0.000346434 -0.00795105 0.00183684 -0.0163955
internal_weight=0 438 36 402 95 44 51
internal_count=533 438 36 402 95 44 51
is_linear=0
shrinkage=0.1


Tree=40
num_leaves=7
num_cat=0
split_feature=56 11 65 14 1 96
split_gain=0.677794 0.744918 1.76463 1.077 0.282107 0.0803844
threshold=8.7278274885083122e-18 2.0126758453675748 0.74149699882412123 1.162264728904461e-16 9.4867690092481657e-19 1.4419888894057212e-17
decision_type=2 2 2 2 2 2
left_child=4 2 -2 -3 5 -1
right_child=1 3 -4 -5 -6 -7
leaf_value=-0.0084082984099430706 -0.0081135912280943662 -0.01712327757332888 0.020071855341566022 0.001068375751153452 -0.019500990547239781 0.00047702723240945489
leaf_weight=28 36 36 58 339 20 15.999999999999998
leaf_count=28 36 36 58 339 20 16
internal_value=0 0.00131731 0.00927743 -0.000678023 -0.00965343 -0.00517727
internal_weight=0 469 94 375 64 44
internal_count=533 469 94 375 64 44
is_linear=0
shrinkage=0.1


Tree=41
num_leaves=4
num_cat=0
split_feature=98 89 72
split_gain=0.660168 0.66435 0.636575
threshold=5.4248626803891185 0.68714873750689331 0.69314718055994551
decision_type=2 2 2
left_child=1 2 -1
right_child=-2 -3 -4
leaf_value=-0.0024728957022824845 0.021428078812147894 0.017293031085282566 0.0095295777879370273
leaf_weight=450 13.999999999999998 20 49
leaf_count=450 14 20 49
internal_value=0 -0.000578021 -0.0012943
internal_weight=0 519 499
internal_count=533 519 499
is_linear=0
shrinkage=0.1


Tree=42
num_leaves=7
num_cat=0
split_feature=68 37 17 51 88 34
split_gain=0.5905 1.15625 0.824516 1.00967 0.957306 0.672204
threshold=3.2504310119945585 3.4811217321331038 2.8029010331479989 4.6959141240107813 0.41772296771466128 3.6242520361853052
decision_type=2 2 2 2 2 2
left_child=2 5 4 -4 -1 -2
right_child=1 -3 3 -5 -6 -7
leaf_value=-0.0028475759170844611 0.0035412106973429511 -0.014853899464166412 -0.031380141261768968 -0.0012909174241401533 0.0070843584244497694 0.034096354991197585
leaf_weight=302 12.000000000000002 11.999999999999998 19 27 143 18
leaf_count=302 12 12 19 27 143 18
internal_value=0 0.0113805 -0.000973487 -0.0137191 0.000344034 0.0218743
internal_weight=0 42 491 46 445 30
internal_count=533 42 491 46 445 30
is_linear=0
shrinkage=0.1


Tree=43
num_leaves=7
num_cat=0
split_feature=2 29 1 31 51 96
split_gain=0.555608 0.788734 1.63445 1.42601 0.665613 0.969307
threshold=1.3281476612947431e-18 2.249904835165133 2.3502401828962087 5.3890613045707267 4.6395599436855051 5.9631119486702756e-17
decision_type=2 2 2 2 2 2
left_child=4 3 -3 -2 5 -1
right_child=1 2 -4 -5 -6 -7
leaf_value=-0.0034245040419045841 0.0030472115513676401 -0.016144239799486419 0.0051756304167093169 0.038247931127746902 0.015081338662033282 -0.027569670602679255
leaf_weight=60 281 66 79 11.999999999999998 11.999999999999998 23
leaf_count=60 281 66 79 12 12 23
internal_value=0 0.00150365 -0.00452859 0.00448888 -0.0069326 -0.0101153
internal_weight=0 438 145 293 95 83
internal_count=533 438 145 293 95 83
is_linear=0
shrinkage=0.1


Tree=44
num_leaves=6
num_cat=0
split_feature=56 57 38 13 100
split_gain=0.497544 0.756695 1.07169 0.235038 0.132636
threshold=8.7278274885083122e-18 0.40546510810804398 2.5804011705155012e-17 9.4867690092481657e-19 3.7494348669884658
decision_type=2 2 2 2 2
left_child=3 -2 -3 4 -1
right_child=1 2 -4 -5 -6
leaf_value=-0.0077934170971275312 0.019681180481399812 0.010515583156192878 -0.0020733304462740069 -0.017597103535540795 0.00418474986576117
leaf_weight=32 21 83 365 19 12.999999999999998
leaf_count=32 21 83 365 19 13
internal_value=0 0.00112864 0.000258991 -0.00827082 -0.00433306
internal_weight=0 469 448 64 45
internal_count=533 469 448 64 45
is_linear=0
shrinkage=0.1


Tree=45
num_leaves=5
num_cat=0
split_feature=89 14 7 50
split_gain=0.501876 0.591477 1.14533 0.811894
threshold=0.68714873750689331 1.162264728904461e-16 1.0000000180025095e-35 4.0342014792848504
decision_type=2 2 2 2
left_child=1 2 -1 -3
right_child=-2 3 -4 -5
leaf_value=0.0084139646323663844 0.015540969981811942 5.3614067149718056e-05 -0.013117068018653387 0.018338290960169756
leaf_weight=35 20 368 84 26
leaf_count=35 20 368 84 26
internal_value=0 -0.000605886 -0.00678441 0.00126022
internal_weight=0 513 119 394
internal_count=533 513 119 394
is_linear=0
shrinkage=0.1


Tree=46
num_leaves=7
num_cat=0
split_feature=61 6 20 14 70 102
split_gain=0.442712 1.54066 1.23819 2.44787 1.22684 1.01548
threshold=0.56299803085119071 1.4978661367769959 2.6088614775432455e-19 2.1383330595080285 0.38806711713405745 1.2424533248940006
decision_type=2 2 2 2 2 2
left_child=1 4 3 -2 -1 -4
right_child=2 -3 5 -5 -6 -7
leaf_value=-0.0044975644060045103 0.023525575531477279 0.028117340554793674 -0.016181090402488524 -0.02091525499999989 -0.033426345305310357 0.00092794156258304422
leaf_weight=79 55 11.999999999999998 39 15.999999999999998 18 314
leaf_count=79 55 12 39 16 18 314
internal_value=0 -0.00568416 0.00146126 0.0135107 -0.00986579 -0.000962291
internal_weight=0 109 424 71 97 353
internal_count=533 109 424 71 97 353
is_linear=0
shrinkage=0.1


Tree=47
num_leaves=8
num_cat=0
split_feature=76 37 80 53 68 37 37
split_gain=0.46334 0.848984 1.36695 1.0047 0.660329 0.978105 0.736511
threshold=1.2872594042388441 1.2424533248940006 1.7607232549068661 1.1382560993413378 3.2504310119945585 3.4811217321331038 9.4867690092481657e-19
decision_type=2 2 2 2 2 2 2
left_child=4 2 -2 -3 6 -6 -1
right_child=1 3 -4 -5 5 -7 -8
leaf_value=0.0040114516846653887 0.0084198805947034144 0.041387445880816526 -0.028687650008270373 0.0034053105395287276 0.021234894124791029 -0.012888567892756934 -0.0052374034046717899
leaf_weight=123 42 13.000000000000002 12.999999999999998 14.999999999999998 28 11.999999999999998 287
leaf_count=123 42 13 13 15 28 12 287
internal_value=0 0.0068652 -0.00035099 0.0210399 -0.00126625 0.0109979 -0.00246275
internal_weight=0 83 55 28 450 40 410
internal_count=533 83 55 28 450 40 410
is_linear=0
shrinkage=0.1


Tree=48
num_leaves=5
num_cat=0
split_feature=72 14 11 68
split_gain=0.397671 0.519943 1.23524 0.705398
threshold=36.051527567601234 1.162264728904461e-16 3.6429192995512949e-16 1.8953576723987215
decision_type=2 2 2 2
left_child=1 2 -1 -3
right_child=-2 3 -4 -5
leaf_value=0.0067479726051290836 0.016630982288292476 0.0063891501522403199 -0.014316460773450871 -0.0021668503862262395
leaf_weight=45 13.999999999999998 161 73 240
leaf_count=45 14 161 73 240
internal_value=0 -0.00044862 -0.00628341 0.00126835
internal_weight=0 519 118 401
internal_count=533 519 118 401
is_linear=0
shrinkage=0.1


Tree=49
num_leaves=6
num_cat=0
split_feature=7 31 6 37 87
split_gain=0.410896 1.09718 0.870554 0.753502 0.739854
threshold=5.1503930356556173 5.8930159129848114 3.1345481418531311 1.0000000180025095e-35 0.022289016848914333
decision_type=2 2 2 2 2
left_child=1 3 -2 -1 -4
right_child=2 -3 4 -5 -6
leaf_value=0.0060366255803889933 0.026210748209782381 -0.027998219297151086 0.012272410633830498 -0.0033218648756652893 -0.0056022974744177707
leaf_weight=124 17 14.999999999999998 39 281 57
leaf_count=124 17 15 39 281 57
internal_value=0 -0.00144018 0.00535288 -0.000456549 0.0016593
internal_weight=0 420 113 405 96
internal_count=533 420 113 405 96
is_linear=0
shrinkage=0.1


Tree=50
num_leaves=7
num_cat=0
split_feature=61 6 70 38 9 38
split_gain=0.383841 1.19425 1.06441 0.98028 2.09505 0.755638
threshold=0.56299803085119071 1.4978661367769959 0.38806711713405745 2.5804011705155012e-17 0.69314718055994573 4.1286418728248009e-16
decision_type=2 2 2 2 2 2
left_child=1 2 -1 4 -2 -5
right_child=3 -3 -4 5 -6 -7
leaf_value=-0.0039741400016259547 0.031462533219206716 0.024466987823446595 -0.030919851569665802 -0.025356178482373554 -0.0044820591999108301 0.00016782756482844137
leaf_weight=79 31 11.999999999999998 18 11.999999999999998 34 347
leaf_count=79 31 12 18 12 34 347
internal_value=0 -0.00529276 -0.00897438 0.00136064 0.0126607 -0.000685343
internal_weight=0 109 97 424 65 359
internal_count=533 109 97 424 65 359
is_linear=0
shrinkage=0.1


Tree=51
num_leaves=5
num_cat=0
split_feature=89 47 43 89
split_gain=0.381244 0.4347 1.47461 1.4131
threshold=0.68714873750689331 5.476428537312894 5.2857353797162627 0.065471168630690413
decision_type=2 2 2 2
left_child=1 2 -1 -3
right_child=-2 3 -4 -5
leaf_value=-9.5353078372767728e-05 0.013545075482688846 -0.0064110320964545914 -0.023403401128498133 0.02443670001294878
leaf_weight=424 20 33 29 27
leaf_count=424 20 33 29 27
internal_value=0 -0.000528073 -0.00158748 0.00747045
internal_weight=0 513 453 60
internal_count=533 513 453 60
is_linear=0
shrinkage=0.1


Tree=52
num_leaves=7
num_cat=0
split_feature=85 100 103 53 19 22
split_gain=0.370707 0.632694 1.10098 1.07139 0.546887 1.06666
threshold=0.67502022235731507 4.7140145363037149 2.9174053685313028 0.53479999673944212 4.8903208612686422 1.4978661367769959
decision_type=2 2 2 2 2 2
left_child=1 2 -1 -3 5 -2
right_child=4 3 -4 -5 -6 -7
leaf_value=-0.0039296001266572985 -0.025228409810612602 0.022284685854890175 0.018416921445168554 0.0019932256622044483 -0.025980727718426633 0.012483903914690017
leaf_weight=271 11.999999999999998 31 24 162 12.999999999999998 20
leaf_count=271 12 31 24 162 13 20
internal_value=0 0.000800845 -0.00211158 0.00525248 -0.00868472 -0.00165821
internal_weight=0 488 295 193 45 32
internal_count=533 488 295 193 45 32
is_linear=0
shrinkage=0.1


Tree=53
num_leaves=8
num_cat=0
split_feature=76 21 80 86 64 61 25
split_gain=0.364782 0.705229 0.888984 0.669259 0.486386 0.722088 0.533664
threshold=1.2872594042388441 1.2424533248940006 1.7607232549068661 0.38001344672454257 3.2879929278339941 2.6201203906183044 3.4175922930736511
decision_type=2 2 2 2 2 2 2
left_child=4 2 -2 -3 5 -1 -6
right_child=1 3 -4 -5 6 -7 -8
leaf_value=-0.00123922252913809 0.0066186639664391452 0.0052846845518797628 -0.023223824046838745 0.036968892176325124 0.017820676912267047 -0.021721750745523929 -0.0069939567850759408
leaf_weight=393 43 15.000000000000002 12.999999999999998 11.999999999999998 26 18 12.999999999999998
leaf_count=393 43 15 13 12 26 18 13
internal_value=0 0.00609144 -0.000309056 0.0193666 -0.00112353 -0.00213627 0.00954913
internal_weight=0 83 56 27 450 411 39
internal_count=533 83 56 27 450 411 39
is_linear=0
shrinkage=0.1


Tree=54
num_leaves=7
num_cat=0
split_feature=50 45 45 95 54 82
split_gain=0.347608 0.967708 1.597 0.778244 1.03184 0.791603
threshold=1.8688348091416846 3.1567740231385479 2.9700856263602158 2.4414009612931857 1.7005986908310782 19.316560467464168
decision_type=2 2 2 2 2 2
left_child=1 2 -1 5 -5 -2
right_child=3 -3 -4 4 -6 -7
leaf_value=0.0029495936997875338 -0.0089724381883187522 0.029070152399631649 -0.031746704477284636 0.031252026292853632 0.00046678995018574731 0.011740667231026151
leaf_weight=253 152 12.999999999999998 13.999999999999998 12.999999999999998 67 21
leaf_count=253 152 13 14 13 67 21
internal_value=0 0.00242752 0.00113031 -0.00268658 0.00546939 -0.00645813
internal_weight=0 280 267 253 80 173
internal_count=533 280 267 253 80 173
is_linear=0
shrinkage=0.1


Tree=55
num_leaves=4
num_cat=0
split_feature=98 7 50
split_gain=0.33658 0.540151 0.458191
threshold=5.4248626803891185 6.1632593993030218 1.8688348091416846
decision_type=2 2 2
left_child=1 2 -1
right_child=-2 -3 -4
leaf_value=0.0029234076927547479 0.015300299227237702 -0.019788347417488694 -0.0031171402750680083
leaf_weight=271 13.999999999999998 13.999999999999998 234
leaf_count=271 14 14 234
internal_value=0 -0.000412725 0.000124421
internal_weight=0 519 505
internal_count=533 519 505
is_linear=0
shrinkage=0.1


Tree=56
num_leaves=7
num_cat=0
split_feature=1 5 26 14 26 99
split_gain=0.31664 1.95328 1.17597 1.10036 0.814191 0.658503
threshold=1.4978661367769959 0.69314718055994573 1.8688348091416846 0.89587973461402759 2.4414009612931857 4.0859410030639109
decision_type=2 2 2 2 2 2
left_child=2 -2 3 -1 -4 -3
right_child=1 5 4 -5 -6 -7
leaf_value=-0.0031567976567742789 0.037590362099775426 -0.0064629878351380211 -0.022600285729123773 0.013010839521302843 -0.0038930891267955309 0.0045025934829729898
leaf_weight=123 14.999999999999998 88 38 64 60 145
leaf_count=123 15 88 38 64 60 145
internal_value=0 0.00261286 -0.00227364 0.00237651 -0.0111469 0.000361086
internal_weight=0 248 285 187 98 233
internal_count=533 248 285 187 98 233
is_linear=0
shrinkage=0.1


Tree=57
num_leaves=7
num_cat=0
split_feature=11 57 77 16 46 12
split_gain=0.333667 1.21569 1.13833 0.793005 0.80629 0.671517
threshold=2.0126758453675748 1.2180165702385466 0.89587973461402781 5.1608023410310023e-17 4.3639137442541569e-18 1.9428902930940239e-16
decision_type=2 2 2 2 2 2
left_child=1 2 -1 4 -2 -5
right_child=3 -3 -4 5 -6 -7
leaf_value=0.0047367674520562833 0.0033059288662942972 0.034566253144294026 -0.023687299340963364 0.013721940534956316 -0.020636426318341342 -0.001127371955615124
leaf_weight=118 22 11.999999999999998 15.999999999999998 34 39 292
leaf_count=118 22 12 16 34 39 292
internal_value=0 0.00407354 0.00134285 -0.00153679 -0.0120015 0.000421329
internal_weight=0 146 134 387 61 326
internal_count=533 146 134 387 61 326
is_linear=0
shrinkage=0.1


Tree=58
num_leaves=8
num_cat=0
split_feature=87 46 30 28 26 7 43
split_gain=0.311914 0.979985 0.921383 1.096 0.894119 0.818047 0.806743
threshold=0.053353963967756303 1.2424533248940002 1.4419888894057212e-17 4.4408920985006257e-16 5.2041704279304219e-17 4.7664292796317111 3.1984648276080736
decision_type=2 2 2 2 2 2 2
left_child=1 6 3 -2 -4 -3 -1
right_child=2 5 4 -5 -6 -7 -8
leaf_value=0.0061291647994269928 -0.0045974544279517669 -0.0069488023964958817 0.026796589419245721 -0.037524928251902262 -0.0013149165238531288 0.0069081530252944187 0.029703648150381113
leaf_weight=75 31 117 11.999999999999998 14.999999999999998 198 67 18
leaf_count=75 31 117 12 15 198 67 18
internal_value=0 0.00232559 -0.00251636 -0.0153347 0.000291455 -0.00190306 0.010692
internal_weight=0 277 256 46 210 184 93
internal_count=533 277 256 46 210 184 93
is_linear=0
shrinkage=0.1


Tree=59
num_leaves=5
num_cat=0
split_feature=72 87 43 29
split_gain=0.285659 0.414742 0.874485 0.831481
threshold=36.051527567601234 0.32239255231084707 4.3882378946731615 2.249904835165133
decision_type=2 2 2 2
left_child=1 3 -3 -1
right_child=-2 2 -4 -5
leaf_value=0.0053721789062486681 0.014095490691917284 -0.010156444956126782 0.0033295415873660452 -0.0053658906768153736
leaf_weight=217 13.999999999999998 106 88 108
leaf_count=217 14 106 88 108
internal_value=0 -0.000380225 -0.00403909 0.00180384
internal_weight=0 519 194 325
internal_count=533 519 194 325
is_linear=0
shrinkage=0.1


Tree=60
num_leaves=8
num_cat=0
split_feature=27 11 27 23 95 32 39
split_gain=0.287084 1.05317 1.15486 0.818092 0.812926 0.734181 0.49071
threshold=0.89587973461402759 2.0126758453675748 3.4811217321331038 1.0000000180025095e-35 0.69314718055994573 1.2836953722228375e-16 1.8688348091416842
decision_type=2 2 2 2 2 2 2
left_child=3 2 -2 5 -3 -1 -5
right_child=1 4 -4 6 -6 -7 -8
leaf_value=0.012295248783526145 0.018580645546745999 -0.0081835067368989291 -0.01347408097769533 -0.0082317583332769586 0.0021064991449346263 -0.014147524187962217 -0.031288263946771623
leaf_weight=35 57 111 13.999999999999998 40 249 14.999999999999998 11.999999999999998
leaf_count=35 57 111 14 40 249 15 12
internal_value=0 0.00112902 0.01226 -0.00477067 -0.00106625 0.00436242 -0.0135525
internal_weight=0 431 71 102 360 50 52
internal_count=533 431 71 102 360 50 52
is_linear=0
shrinkage=0.1


Tree=61
num_leaves=7
num_cat=0
split_feature=61 6 70 38 9 57
split_gain=0.297988 0.891671 0.887608 0.772755 1.46097 0.704317
threshold=0.56299803085119071 1.4978661367769959 0.38806711713405745 2.5804011705155012e-17 0.69314718055994573 0.40546510810804398
decision_type=2 2 2 2 2 2
left_child=1 2 -1 4 -2 -5
right_child=3 -3 -4 5 -6 -7
leaf_value=-0.0032785301397354168 0.026932611247344362 0.021051430702209474 -0.027884851789308919 0.018660999824189478 -0.0030836429638678537 -0.0016353403033823174
leaf_weight=79 31 11.999999999999998 18 18 34 341
leaf_count=79 31 12 18 18 34 341
internal_value=0 -0.00466343 -0.00784465 0.00119885 0.0112318 -0.000617697
internal_weight=0 109 97 424 65 359
internal_count=533 109 97 424 65 359
is_linear=0
shrinkage=0.1


Tree=62
num_leaves=7
num_cat=0
split_feature=16 16 24 57 14 20
split_gain=0.273225 1.24014 0.799123 1.05035 0.99328 0.780069
threshold=4.4018608202911492e-17 2.9490299091605721e-16 1.2836953722228375e-16 0.6823890456662044 1.8688348091416846 1.2836953722228375e-16
decision_type=2 2 2 2 2 2
left_child=2 -2 4 -4 -1 -3
right_child=1 5 3 -5 -6 -7
leaf_value=0.0050602709938910731 0.024495587815445932 0.011344100737299485 -0.0010957042872905731 -0.031841631913557648 -0.021206637466435925 -0.0019132790976379177
leaf_weight=94 22 52 25 20 17 303
leaf_count=94 22 52 25 20 17 303
internal_value=0 0.00145643 -0.0035197 -0.0147606 0.00103741 2.8647e-05
internal_weight=0 377 156 45 111 355
internal_count=533 377 156 45 111 355
is_linear=0
shrinkage=0.1


Tree=63
num_leaves=6
num_cat=0
split_feature=1 5 8 12 29
split_gain=0.316324 1.51595 0.88165 0.695075 0.52239
threshold=1.4978661367769959 0.69314718055994573 2.249904835165133 1.8688348091416846 2.9700856263602158
decision_type=2 2 2 2 2
left_child=2 -2 3 -1 -3
right_child=1 4 -4 -5 -6
leaf_value=-0.0024806873029789016 0.033425602223724128 -0.0017206115899657344 -0.02771375503104467 0.016887322962284089 0.010174692880789973
leaf_weight=252 14.999999999999998 187 12.999999999999998 20 46
leaf_count=252 15 187 13 20 46
internal_value=0 0.00261155 -0.00227251 -0.00105657 0.000627818
internal_weight=0 248 285 272 233
internal_count=533 248 285 272 233
is_linear=0
shrinkage=0.1


Tree=64
num_leaves=8
num_cat=0
split_feature=61 59 27 102 50 17 26
split_gain=0.289697 0.752162 0.867787 0.577768 0.309757 0.377115 0.207879
threshold=0.46172290116036946 0.89587973461402781 4.2696729980286863 1.4978661367769959 1.3281476612947431e-18 9.4867690092481657e-19 2.2759572004815678e-15
decision_type=2 2 2 2 2 2 2
left_child=4 2 -2 -3 6 -6 -1
right_child=1 3 -4 -5 5 -7 -8
leaf_value=-0.022682736468102246 0.025212349011920966 -0.011323570802288 -0.002118888383154713 0.00094996800839664865 -0.0056125519169048258 0.01304043507469552 -0.0047462353172401592
leaf_weight=14.000000000000002 26 43 21 355 48 13.999999999999998 11.999999999999998
leaf_count=14 26 43 21 355 48 14 12
internal_value=0 0.00103674 0.0130005 -0.000376068 -0.00524261 -0.00140059 -0.0144044
internal_weight=0 445 47 398 88 62 26
internal_count=533 445 47 398 88 62 26
is_linear=0
shrinkage=0.1


Tree=65
num_leaves=7
num_cat=0
split_feature=50 43 43 95 54 28
split_gain=0.267048 0.876148 0.826667 0.554854 0.844329 0.554906
threshold=1.8688348091416846 5.5173803117218938 5.2857353797162627 2.4414009612931857 1.7005986908310782 2.9174053685313028
decision_type=2 2 2 2 2 2
left_child=1 2 -1 5 -5 -2
right_child=3 -3 -4 4 -6 -7
leaf_value=0.0021460946865741884 -0.0039931553126723507 0.020826450929693555 -0.018558477716786519 0.027854436019865366 6.5856745706370748e-06 -0.026284131904443106
leaf_weight=236 161 23 21 12.999999999999998 67 11.999999999999998
leaf_count=236 161 23 21 13 67 12
internal_value=0 0.00212771 0.000454281 -0.00235478 0.00453186 -0.00553935
internal_weight=0 280 257 253 80 173
internal_count=533 280 257 253 80 173
is_linear=0
shrinkage=0.1


Tree=66
num_leaves=7
num_cat=0
split_feature=65 5 53 67 69 22
split_gain=0.264352 1.16025 1.10544 0.841938 0.702592 0.803558
threshold=1.1719896911815484 1.9255430583342561e-16 1.0000000180025095e-35 2.8029010331479989 1.3986967388975553 2.249904835165133
decision_type=2 2 2 2 2 2
left_child=4 3 -3 -2 5 -1
right_child=1 2 -4 -5 -6 -7
leaf_value=0.00071728312477441225 0.028330229280086668 0.014434550963178481 -0.0036901398505609184 0.0023565926336838556 -0.026106485972801848 -0.019855276823398615
leaf_weight=198 26 40 212 24 11.999999999999998 21
leaf_count=198 26 40 212 24 12 21
internal_value=0 0.00194774 -0.000813205 0.0158629 -0.00254639 -0.00125543
internal_weight=0 302 252 50 231 219
internal_count=533 302 252 50 231 219
is_linear=0
shrinkage=0.1


Tree=67
num_leaves=7
num_cat=0
split_feature=1 5 19 50 12 99
split_gain=0.295102 1.14497 0.798758 1.66719 1.16612 0.478672
threshold=1.4978661367769959 0.69314718055994573 3.7726948748059121 2.8029010331479989 0.89587973461402781 4.0859410030639109
decision_type=2 2 2 2 2 2
left_child=2 -2 4 -4 -1 -3
right_child=1 5 3 -5 -6 -7
leaf_value=-0.0024418811329617457 0.029301991782461609 -0.005019711056692442 -0.0043646174282508179 -0.043274913384364205 0.017022325083809464 0.0043294301890800229
leaf_weight=162 14.999999999999998 88 72 12.999999999999998 38 145
leaf_count=162 15 88 72 13 38 145
internal_value=0 0.00252243 -0.00219496 -0.0103156 0.00125632 0.000798424
internal_weight=0 248 285 85 200 233
internal_count=533 248 285 85 200 233
is_linear=0
shrinkage=0.1


Tree=68
num_leaves=4
num_cat=0
split_feature=99 6 7
split_gain=0.240891 0.425867 0.335664
threshold=6.2833660702955116 4.70043904177074 5.1503930356556173
decision_type=2 2 2
left_child=1 2 -1
right_child=-2 -3 -4
leaf_value=-0.0010348334599762006 0.014007962730829604 -0.017527776517506158 0.0057286937114144308
leaf_weight=418 11.999999999999998 13.999999999999998 89
leaf_count=418 12 14 89
internal_value=0 -0.00032264 0.000152452
internal_weight=0 521 507
internal_count=533 521 507
is_linear=0
shrinkage=0.1


Tree=69
num_leaves=7
num_cat=0
split_feature=11 65 77 102 104 89
split_gain=0.239356 1.31569 0.830935 0.559704 0.708939 0.501083
threshold=1.0000000180025095e-35 1.0652754322636857 9.1289822923279461e-17 1.2424533248940006 1.0986122886681102 0.15165382572991423
decision_type=2 2 2 2 2 2
left_child=1 2 -1 4 -2 -5
right_child=3 -3 -4 5 -6 -7
leaf_value=0.0085574548624988128 -0.0031602234665402459 0.034086298942565922 -0.019470165713745005 -0.0026126504404585748 -0.02883490542105089 0.0043203961575079336
leaf_weight=28 38 12.999999999999998 17 234 14.999999999999998 188
leaf_count=28 38 13 17 234 15 188
internal_value=0 0.00606444 -0.00203076 -0.000740501 -0.0104266 0.000476005
internal_weight=0 58 45 475 53 422
internal_count=533 58 45 475 53 422
is_linear=0
shrinkage=0.1


Tree=70
num_leaves=5
num_cat=0
split_feature=72 14 48 87
split_gain=0.231647 0.343745 0.902196 0.573886
threshold=36.051527567601234 4.3639137442541569e-18 1.4978661367769959 0.32239255231084707
decision_type=2 2 2 2
left_child=1 2 -1 -3
right_child=-2 3 -4 -5
leaf_value=-0.0017494435238382634 0.012693140017134803 0.0038169608466708349 -0.029192544636316597 -0.0037570389187637655
leaf_weight=83 13.999999999999998 259 13.999999999999998 163
leaf_count=83 14 259 14 163
internal_value=0 -0.000342397 -0.0057103 0.000891459
internal_weight=0 519 97 422
internal_count=533 519 97 422
is_linear=0
shrinkage=0.1


Tree=71
num_leaves=6
num_cat=0
split_feature=39 43 36 43 100
split_gain=0.238869 1.40721 0.921995 0.665549 0.474952
threshold=5.7541272866601654 5.5173803117218938 3.0201273556387074 5.2857353797162627 5.2012518591713119
decision_type=2 2 2 2 2
left_child=1 3 -2 -1 -4
right_child=2 -3 4 -5 -6
leaf_value=0.00044533889672687546 -0.028121904456721886 0.026584948208183051 0.01722428427579311 -0.015449703205376863 -0.0098070855001704052
leaf_weight=445 13.999999999999998 20 13.000000000000002 28 12.999999999999998
leaf_count=445 14 20 13 28 13
internal_value=0 0.000603008 -0.00743208 -0.000495594 0.0037086
internal_weight=0 493 40 473 26
internal_count=533 493 40 473 26
is_linear=0
shrinkage=0.1


Tree=72
num_leaves=6
num_cat=0
split_feature=50 85 103 1 102
split_gain=0.234675 0.345423 0.503995 0.346318 0.248174
threshold=4.0342014792848504 0.67502022235731507 3.7726948748059121 1.8688348091416844 4.2413008733233104
decision_type=2 2 2 2 2
left_child=1 3 -3 -1 -2
right_child=4 2 -4 -5 -6
leaf_value=-0.0018935519860612906 0.016563505911514818 -0.025738950105957115 -0.0004469393752515316 0.0037451771460879635 -0.001415713834908924
leaf_weight=297 17.000000000000004 12.999999999999998 20 172 13.999999999999998
leaf_count=297 17 13 20 172 14
internal_value=0 -0.000521433 -0.0104105 0.000174383 0.00844386
internal_weight=0 502 33 469 31
internal_count=533 502 33 469 31
is_linear=0
shrinkage=0.1


Tree=73
num_leaves=6
num_cat=0
split_feature=81 99 81 6 11
split_gain=0.227998 0.748939 0.513565 1.33981 0.563787
threshold=18.767254321742332 3.7256208424938388 2.9997163523785799 1.4978661367769959 3.6429192995512949e-16
decision_type=2 2 2 2 2
left_child=2 -2 4 -4 -1
right_child=1 -3 3 -5 -6
leaf_value=0.0095988619392021347 -0.019121087601651317 0.0081131291265289004 -0.010339265001507903 0.032881119531521112 -0.0014527484337536398
leaf_weight=52 23 18 13.000000000000002 15.999999999999998 411
leaf_count=52 23 18 13 16 411
internal_value=0 -0.0071646 0.00059705 0.0135065 -0.000211531
internal_weight=0 41 492 29 463
internal_count=533 41 492 29 463
is_linear=0
shrinkage=0.1


Tree=74
num_leaves=7
num_cat=0
split_feature=27 31 38 16 34 99
split_gain=0.230344 0.704424 0.542404 0.639108 0.638881 0.46699
threshold=0.89587973461402759 0.69314718055994529 5.9631119486702756e-17 8.3266726846886741e-17 1.4978661367769959 3.9844429838842296e-18
decision_type=2 2 2 2 2 2
left_child=2 -2 3 -1 -4 -3
right_child=1 5 4 -5 -6 -7
leaf_value=-0.0043983113310403291 0.018442573347552258 0.011873018104703197 -0.02535019019130795 0.018871122994460168 -0.0003768138680607081 -0.00089397849654825046
leaf_weight=45 22 31 21 15.999999999999998 20 378
leaf_count=45 22 31 21 16 20 378
internal_value=0 0.00101131 -0.0042733 0.00170515 -0.0131681 7.36912e-05
internal_weight=0 431 102 61 41 409
internal_count=533 431 102 61 41 409
is_linear=0
shrinkage=0.1


Tree=75
num_leaves=5
num_cat=0
split_feature=97 2 39 51
split_gain=0.214498 0.598307 0.420698 0.188684
threshold=5.94668678727363 4.3336679249229801 3.4811217321331038 5.1873233819198283
decision_type=2 2 2 2
left_child=1 2 -1 -2
right_child=3 -3 -4 -5
leaf_value=0.0033720083505074773 -0.00026388360316299695 -0.021663997637537812 -0.0025297485759531073 0.015632726612966507
leaf_weight=216 14.000000000000002 12.999999999999998 274 15.999999999999998
leaf_count=216 14 13 274 16
internal_value=0 -0.000489919 7.18422e-05 0.00821431
internal_weight=0 503 490 30
internal_count=533 503 490 30
is_linear=0
shrinkage=0.1


Tree=76
num_leaves=6
num_cat=0
split_feature=40 43 41 68 21
split_gain=0.213125 0.882667 1.00193 0.810004 0.761934
threshold=1.2424533248940006 4.5485858369352732 1.4978661367769959 1.3841619696533567 1.0408340855860844e-16
decision_type=2 2 2 2 2
left_child=1 2 -1 -2 -5
right_child=3 -3 -4 4 -6
leaf_value=-0.00025587820435957241 0.021989177598765022 0.018967134819218988 -0.015506498674491283 -0.015974259834736586 0.0025272883671062616
leaf_weight=213 19 19 54 25 203
leaf_count=213 19 19 54 25 203
internal_value=0 -0.00185831 -0.00334027 0.00215173 0.00049861
internal_weight=0 286 267 247 228
internal_count=533 286 267 247 228
is_linear=0
shrinkage=0.1


Tree=77
num_leaves=8
num_cat=0
split_feature=76 37 53 80 40 42 31
split_gain=0.213352 0.578858 0.630412 0.57493 0.322832 0.896207 0.76146
threshold=1.2872594042388441 1.2424533248940006 1.1382560993413378 1.7607232549068661 1.2424533248940006 1.8688348091416846 2.8617925509761908
decision_type=2 2 2 2 2 2 2
left_child=4 3 -3 -2 5 -1 -6
right_child=1 2 -4 -5 6 -7 -8
leaf_value=4.5545850349426797e-05 0.0043881349246172856 0.032480818119186614 0.0023941564590980614 -0.019677238166332246 0.025320377745307411 -0.014629481820050966 0.00038392274345048393
leaf_weight=171 42 13.000000000000002 14.999999999999998 12.999999999999998 12.999999999999998 55 211
leaf_count=171 42 13 15 13 13 55 211
internal_value=0 0.00465856 0.016363 -0.00130004 -0.000859246 -0.00352581 0.00183113
internal_weight=0 83 28 55 450 226 224
internal_count=533 83 28 55 450 226 224
is_linear=0
shrinkage=0.1


Tree=78
num_leaves=5
num_cat=0
split_feature=103 6 34 50
split_gain=0.219746 0.428508 0.400705 0.353887
threshold=4.5215522263001349 4.5841337977771381 1.8688348091416846 1.8688348091416846
decision_type=2 2 2 2
left_child=1 3 -2 -1
right_child=2 -3 -4 -5
leaf_value=0.0023793200337889099 -0.0040409477993047652 -0.019165941985556857 0.019124950258992614 -0.003019228965210707
leaf_weight=271 14.000000000000002 11.999999999999998 15.999999999999998 220
leaf_count=271 14 12 16 220
internal_value=0 -0.000495877 0.0083142 -3.95818e-05
internal_weight=0 503 30 491
internal_count=533 503 30 491
is_linear=0
shrinkage=0.1


Tree=79
num_leaves=7
num_cat=0
split_feature=51 51 47 68 104 71
split_gain=0.22056 0.786113 1.04206 0.582527 0.505863 0.472678
threshold=4.5271940351011493 3.7256208424938388 3.6429192995512949e-16 0.99641114983250378 2.740319461670996 2.3502401828962087
decision_type=2 2 2 2 2 2
left_child=1 4 -3 -2 -1 -5
right_child=3 2 -4 5 -6 -7
leaf_value=-0.0020266879530456126 0.024181314185261728 -0.032027094000402621 -0.0042627044563149944 -0.00031416336321460738 0.0069197057442245448 0.018909915776125025
leaf_weight=178 11.999999999999998 17 66 148 98 13.999999999999998
leaf_count=178 12 17 66 148 98 14
internal_value=0 -0.00141621 -0.00994939 0.00292194 0.00114993 0.00134718
internal_weight=0 359 83 174 276 162
internal_count=533 359 83 174 276 162
is_linear=0
shrinkage=0.1


Tree=80
num_leaves=8
num_cat=0
split_feature=47 43 89 89 104 26 35
split_gain=0.20897 0.871127 0.740001 1.46127 0.575309 0.50667 0.454698
threshold=5.476428537312894 5.2857353797162627 0.065471168630690413 0.571582639492208 2.9700856263602162 3.7256208424938388 4.7050052835523761
decision_type=2 2 2 2 2 2 2
left_child=1 6 4 -4 -2 -3 -1
right_child=2 5 3 -5 -6 -7 -8
leaf_value=-0.0011818499441965582 -0.016117930967409752 -0.028613363863790733 0.0387978043158849 -0.0061236685790520698 0.010597786846171534 -0.00177559427684173 0.0069563611924155239
leaf_weight=357 19 17.000000000000004 15.000000000000002 13.999999999999998 13.999999999999998 11.999999999999998 85
leaf_count=357 19 17 15 14 14 12 85
internal_value=0 -0.000718395 0.00545748 0.0171116 -0.00478399 -0.0175081 0.000383191
internal_weight=0 471 62 29 33 29 442
internal_count=533 471 62 29 33 29 442
is_linear=0
shrinkage=0.1


Tree=81
num_leaves=6
num_cat=0
split_feature=81 85 81 51 11
split_gain=0.204794 0.55901 0.362687 0.969009 0.473922
threshold=18.767254321742332 0.13877848486586861 2.9997163523785799 3.8393944990995772 3.6429192995512949e-16
decision_type=2 2 2 2 2
left_child=2 -2 4 -4 -1
right_child=1 -3 3 -5 -6
leaf_value=0.0088809600614835147 -0.019354956557876186 0.00406108811836351 0.029074177900329224 -0.0075066272169351583 -0.0012516534390435566
leaf_weight=52 19 22 15.000000000000002 13.999999999999998 411
leaf_count=52 19 22 15 14 411
internal_value=0 -0.00679025 0.000565854 0.0114145 -0.000113649
internal_weight=0 41 492 29 463
internal_count=533 41 492 29 463
is_linear=0
shrinkage=0.1


Tree=82
num_leaves=8
num_cat=0
split_feature=27 27 27 3 23 32 39
split_gain=0.209472 0.633737 1.20664 0.751149 0.440245 0.52769 0.314208
threshold=0.89587973461402759 3.2951505240983434 3.0201273556387078 3.3842466058243152 1.0000000180025095e-35 1.2836953722228375e-16 1.8688348091416842
decision_type=2 2 2 2 2 2 2
left_child=4 2 -2 -3 5 -1 -6
right_child=1 3 -4 -5 6 -7 -8
leaf_value=0.0093501052310291152 0.0038451804513713779 -0.010798583638318109 0.037422245896110935 0.0011756941547120491 -0.0062596141849644493 -0.013067795236905417 -0.024709315784275532
leaf_weight=35 99 66 11.999999999999998 254 40 14.999999999999998 11.999999999999998
leaf_count=35 99 66 12 254 40 15 12
internal_value=0 0.000964407 0.00747513 -0.001294 -0.00407509 0.00262474 -0.0105172
internal_weight=0 431 111 320 102 50 52
internal_count=533 431 111 320 102 50 52
is_linear=0
shrinkage=0.1


Tree=83
num_leaves=7
num_cat=0
split_feature=61 69 96 6 70 102
split_gain=0.19024 0.520341 1.37955 0.505017 0.63528 0.40718
threshold=0.56299803085119071 0.68271537839491436 4.1286418728248009e-16 1.4978661367769959 0.288045449485344 1.2424533248940006
decision_type=2 2 2 2 2 2
left_child=3 2 -2 4 -1 -3
right_child=1 5 -4 -5 -6 -7
leaf_value=-0.0021260686338138886 0.034653442489798181 -0.010040677000621431 -0.0024027343977380683 0.015626277712484201 -0.022517339184292055 0.00086913101213292496
leaf_weight=78 15.999999999999998 38 27 11.999999999999998 19 343
leaf_count=78 16 38 27 12 19 343
internal_value=0 0.000957895 0.0113856 -0.00372612 -0.00612024 -0.000218986
internal_weight=0 424 43 109 97 381
internal_count=533 424 43 109 97 381
is_linear=0
shrinkage=0.1


Tree=84
num_leaves=6
num_cat=0
split_feature=29 31 31 27 88
split_gain=0.189723 0.85941 0.589394 0.749869 0.510554
threshold=2.249904835165133 5.3890613045707267 4.0859410030639109 4.9163179057820896 0.41040294975001845
decision_type=2 2 2 2 2
left_child=1 4 -2 -4 -1
right_child=2 -3 3 -5 -6
leaf_value=-0.0022950310617745819 -0.021141768014058471 0.027528296929934488 0.011524603655561806 -0.0053064343348378316 0.0055956429129890434
leaf_weight=246 15.999999999999998 11.999999999999998 36 100 123
leaf_count=246 16 12 36 100 123
internal_value=0 0.00119167 -0.00298701 -0.00085116 0.000335194
internal_weight=0 381 152 136 369
internal_count=533 381 152 136 369
is_linear=0
shrinkage=0.1


Tree=85
num_leaves=6
num_cat=0
split_feature=79 53 50 83 14
split_gain=0.178473 0.652072 0.710653 0.497659 0.484793
threshold=1.4978661367769959 0.8813735870194993 2.8617925509761908 19.663134067100803 2.9174053685313033
decision_type=2 2 2 2 2
left_child=3 -2 -3 4 -1
right_child=1 2 -4 -5 -6
leaf_value=-0.001515436990992757 0.012706992598250508 -0.016111530215065513 0.001761215383356268 0.016325592605862766 0.0073041765220378616
leaf_weight=327 20 45 44 20 77
leaf_count=327 20 45 44 20 77
internal_value=0 -0.00360904 -0.00727557 0.000927796 0.000165529
internal_weight=0 109 89 424 404
internal_count=533 109 89 424 404
is_linear=0
shrinkage=0.1


Tree=86
num_leaves=8
num_cat=0
split_feature=11 65 9 97 72 52 86
split_gain=0.177294 0.762367 1.18227 0.472496 0.45202 0.444108 0.276409
threshold=2.0126758453675748 0.74149699882412123 0.69314718055994506 2.0126758453675748 1.1512925464970232 0.54930614433405511 1.0000000180025095e-35
decision_type=2 2 2 2 2 2 2
left_child=1 5 -3 6 -5 -1 -2
right_child=3 2 -4 4 -6 -7 -8
leaf_value=-0.00036753744153039799 0.00010185129940509796 0.027580116925617827 -9.3712226340645242e-05 -0.00072015899214289186 0.018280939528575312 -0.021189007038871447 -0.01862029697260131
leaf_weight=70 11.999999999999998 26 38 339 12.999999999999998 11.999999999999998 23
leaf_count=70 12 26 38 339 13 12 23
internal_value=0 0.00296936 0.0111488 -0.00112022 -1.84139e-05 -0.00341458 -0.0122013
internal_weight=0 146 64 387 352 82 35
internal_count=533 146 64 387 352 82 35
is_linear=0
shrinkage=0.1


Tree=87
num_leaves=6
num_cat=0
split_feature=70 102 53 6 92
split_gain=0.187487 1.25884 0.628685 0.482084 0.461827
threshold=0.816668934230115 1.700598690831078 0.88137358701950874 1.7005986908310777 2.1690617510329546
decision_type=2 2 2 2 2
left_child=2 -2 3 -1 -3
right_child=1 4 -4 -5 -6
leaf_value=-0.0016301957401058946 -0.024580625732513992 -0.0034487842092370026 0.024593417346477509 0.010605831271628055 0.0043121085493011274
leaf_weight=150 22 164 11.999999999999998 41 144
leaf_count=150 22 164 12 41 144
internal_value=0 -0.001471 0.00239128 0.000996386 0.000179685
internal_weight=0 330 203 191 308
internal_count=533 330 203 191 308
is_linear=0
shrinkage=0.1


Tree=88
num_leaves=6
num_cat=0
split_feature=39 43 36 43 100
split_gain=0.191286 0.952833 0.681834 0.396427 0.372987
threshold=5.7541272866601654 5.5173803117218938 3.0201273556387074 5.2857353797162627 5.2012518591713119
decision_type=2 2 2 2 2
left_child=1 3 -2 -1 -4
right_child=2 -3 4 -5 -6
leaf_value=0.00036180328040153544 -0.024443051799400047 0.021919265212491157 0.014907034873389277 -0.011905619788116642 -0.0090476260090676646
leaf_weight=445 13.999999999999998 20 13.000000000000002 28 12.999999999999998
leaf_count=445 14 20 13 28 13
internal_value=0 0.000539615 -0.00665076 -0.000364387 0.0029297
internal_weight=0 493 40 473 26
internal_count=533 493 40 473 26
is_linear=0
shrinkage=0.1


Tree=89
num_leaves=7
num_cat=0
split_feature=16 9 5 30 88 75
split_gain=0.164586 0.749981 0.750816 0.637971 0.607349 0.480152
threshold=1.2424533248940006 2.3245294578089215e-16 1.9255430583342561e-16 1.7005986908310777 0.68552979521950808 0.69314718055994551
decision_type=2 2 2 2 2 2
left_child=4 3 -3 -2 5 -1
right_child=1 2 -4 -5 -6 -7
leaf_value=0.0032021557876183108 -0.0016585391874496748 0.022455577851672258 -0.0014655742437370417 -0.032422814559790174 0.022763941293725602 -0.006292446223980658
leaf_weight=197 13.000000000000002 13.999999999999998 209 13.999999999999998 12.999999999999998 73
leaf_count=197 13 14 209 14 13 73
internal_value=0 -0.00186963 3.62021e-05 -0.0176104 0.00165162 0.000635097
internal_weight=0 250 223 27 283 270
internal_count=533 250 223 27 283 270
is_linear=0
shrinkage=0.1


Tree=90
num_leaves=8
num_cat=0
split_feature=61 59 27 42 50 96 26
split_gain=0.163849 0.474785 0.494618 0.362763 0.187132 0.242088 0.14884
threshold=0.46172290116036946 0.89587973461402781 4.2696729980286863 1.4978661367769959 1.0000000180025095e-35 1.0169816377914033e-16 4.1286418728248009e-16
decision_type=2 2 2 2 2 2 2
left_child=4 2 -2 -3 6 -6 -1
right_child=1 3 -4 -5 5 -7 -8
leaf_value=-0.019348169909790155 0.019504421648497767 0.0034373473823295845 -0.0011297832864026228 -0.0027539837302030697 -0.0057253132040453398 0.0070927000354656586 -0.0035980431518206992
leaf_weight=12.000000000000002 26 155 21 243 41 23 11.999999999999998
leaf_count=12 26 155 21 243 41 23 12
internal_value=0 0.000779686 0.0102849 -0.000342787 -0.00394273 -0.00111884 -0.0114731
internal_weight=0 445 47 398 88 64 24
internal_count=533 445 47 398 88 64 24
is_linear=0
shrinkage=0.1


Tree=91
num_leaves=7
num_cat=0
split_feature=25 34 1 88 40 27
split_gain=0.16865 0.701403 0.645461 0.527876 0.712892 0.493199
threshold=2.249904835165133 2.1383330595080285 0.69314718055994573 0.41040294975001845 4.4018608202911492e-17 3.2951505240983434
decision_type=2 2 2 2 2 2
left_child=3 -2 -3 5 -5 -1
right_child=1 2 -4 4 -6 -7
leaf_value=0.00032269807928066727 0.021959002557046275 0.022543252453518414 -0.0017540901520278125 -0.0052727661637119111 0.0098200884927926516 -0.0085991718342923167
leaf_weight=133 17 11.999999999999998 123 51 81 116
leaf_count=133 17 12 123 51 81 116
internal_value=0 0.00281624 0.000405674 -0.00112354 0.00398876 -0.00383368
internal_weight=0 152 135 381 132 249
internal_count=533 152 135 381 132 249
is_linear=0
shrinkage=0.1


Tree=92
num_leaves=7
num_cat=0
split_feature=27 31 23 32 99 39
split_gain=0.168506 0.467903 0.359967 0.404651 0.351209 0.234573
threshold=0.89587973461402759 0.69314718055994529 1.0000000180025095e-35 1.2836953722228375e-16 3.7643499428696714e-16 1.8688348091416842
decision_type=2 2 2 2 2 2
left_child=2 -2 3 -1 -3 -4
right_child=1 4 5 -5 -6 -7
leaf_value=0.0082926489944968908 0.015071565393273804 0.0099922138238043509 -0.0058014725864632063 -0.011338500728209813 -0.0007673191010984196 -0.021742653474211695
leaf_weight=35 22 33 40 14.999999999999998 376 11.999999999999998
leaf_count=35 22 33 40 15 376 12
internal_value=0 0.000864978 -0.00365496 0.0024033 0.000100809 -0.00948021
internal_weight=0 431 102 50 409 52
internal_count=533 431 102 50 409 52
is_linear=0
shrinkage=0.1


Tree=93
num_leaves=7
num_cat=0
split_feature=1 5 26 14 53 72
split_gain=0.168995 0.762823 0.553251 0.627557 0.565381 0.319081
threshold=1.4978661367769959 0.69314718055994573 1.8688348091416846 0.89587973461402759 0.53479999673931744 0.78149331541644584
decision_type=2 2 2 2 2 2
left_child=2 -2 3 -1 -4 -3
right_child=1 5 4 -5 -6 -7
leaf_value=-0.0026501874239713984 0.023767246265585226 -0.00050320319535236485 0.0024432283586689404 0.0095595070437411792 -0.013408594998338866 0.014129969070199878
leaf_weight=123 14.999999999999998 217 35 64 63 15.999999999999998
leaf_count=123 15 217 35 64 63 16
internal_value=0 0.00190884 -0.00166103 0.00152853 -0.00774723 0.00050165
internal_weight=0 248 285 187 98 233
internal_count=533 248 285 187 98 233
is_linear=0
shrinkage=0.1


Tree=94
num_leaves=8
num_cat=0
split_feature=47 39 28 43 35 7 88
split_gain=0.176857 0.585057 0.575633 0.557364 0.385534 0.36897 0.361955
threshold=5.476428537312894 5.7300786997157873 2.1383330595080285 5.2857353797162627 4.7050052835523761 5.0998478373536722 0.381909351472076
decision_type=2 2 2 2 2 2 2
left_child=3 2 -2 4 -1 -3 -5
right_child=1 5 -4 6 -6 -7 -8
leaf_value=-0.0012208569922558807 -0.00083119096234440793 -0.011991037698906094 0.028142330283299089 -0.02347705446402816 0.0062728906176326912 0.0094454464135476611 -0.00079348484481063996
leaf_weight=357 12.000000000000002 21 15.999999999999998 17.000000000000004 85 12.999999999999998 11.999999999999998
leaf_count=357 12 21 16 17 85 13 12
internal_value=0 0.00502068 0.0157251 -0.000660896 0.000220248 -0.00379473 -0.0140907
internal_weight=0 62 28 471 442 34 29
internal_count=533 62 28 471 442 34 29
is_linear=0
shrinkage=0.1


Tree=95
num_leaves=7
num_cat=0
split_feature=86 17 17 99 21 86
split_gain=0.164911 0.460758 0.230755 0.964102 0.649258 0.133176
threshold=0.67986905584219193 0.69314718055994506 2.602003343538398 3.9796379800581989 2.602003343538398 0.68912032444790206
decision_type=2 2 2 2 2 2
left_child=2 -2 4 -4 -1 -3
right_child=1 5 3 -5 -6 -7
leaf_value=-0.00033375092304509393 -0.0091113386496614948 0.020572099435542307 -0.022219518375156136 0.0013857645741213234 0.01962924571361167 0.0062157079577445989
leaf_weight=391 12.999999999999998 14.000000000000002 24 62 17 11.999999999999998
leaf_count=391 13 14 24 62 17 12
internal_value=0 0.00626027 -0.000494232 -0.00520176 0.000498041 0.0139461
internal_weight=0 39 494 86 408 26
internal_count=533 39 494 86 408 26
is_linear=0
shrinkage=0.1


Tree=96
num_leaves=7
num_cat=0
split_feature=50 45 45 30 25 44
split_gain=0.159803 0.478135 0.516444 0.333283 0.544058 0.294884
threshold=1.8688348091416846 3.1567740231385479 2.9700856263602158 1.4419888894057212e-17 1.4113769201686037e-22 1.9428902930940239e-16
decision_type=2 2 2 2 2 2
left_child=1 2 -1 5 -5 -2
right_child=3 -3 -4 4 -6 -7
leaf_value=0.0017686709257306553 -0.0047186788091494241 0.02037343723842731 -0.017962047750396389 0.010496006697081985 -0.0026000079935800066 -0.023100410277644794
leaf_weight=253 32 12.999999999999998 13.999999999999998 39 170 11.999999999999998
leaf_count=253 32 13 14 39 170 12
internal_value=0 0.00164593 0.000734101 -0.00182158 -0.000156254 -0.00973188
internal_weight=0 280 267 253 209 44
internal_count=533 280 267 253 209 44
is_linear=0
shrinkage=0.1


Tree=97
num_leaves=8
num_cat=0
split_feature=47 36 61 39 46 24 61
split_gain=0.143479 0.585153 0.932136 0.540648 0.542006 0.49766 0.452937
threshold=2.524928003624769 0.89587973461402781 1.2893635325497528 3.4811217321331038 1.4978661367769959 0.89587973461402781 2.4699860590157949
decision_type=2 2 2 2 2 2 2
left_child=1 6 -3 4 -2 -5 -1
right_child=3 2 -4 5 -6 -7 -8
leaf_value=0.0018870199990049269 0.017364281425378412 -0.036638883594423521 0.00023067614529281855 -0.0089081263161753712 -0.00056135652947329707 0.0014246490945174833 -0.016390869493285814
leaf_weight=141 37 12.000000000000002 15.999999999999998 59 31 222 14.999999999999998
leaf_count=141 37 12 16 59 31 222 15
internal_value=0 -0.00225961 -0.0155706 0.00119132 0.0091923 -0.000744866 0.000129531
internal_weight=0 184 28 349 68 281 156
internal_count=533 184 28 349 68 281 156
is_linear=0
shrinkage=0.1


Tree=98
num_leaves=8
num_cat=0
split_feature=47 89 31 43 104 27 24
split_gain=0.142994 0.530855 0.841186 0.426579 0.339269 0.320322 0.311949
threshold=5.476428537312894 0.065471168630690413 5.654166879525274 5.2857353797162627 2.9700856263602162 5.2857353797162627 2.9700856263602158
decision_type=2 2 2 2 2 2 2
left_child=3 4 -3 5 -2 -1 -5
right_child=1 2 -4 6 -6 -7 -8
leaf_value=-0.00064902916339705562 -0.012863455516727349 0.030839023490746811 -0.003243783591980381 -0.023078828990193347 0.0076523299328982832 0.0089543000369112155 -0.0023234244141106804
leaf_weight=404 19 15.000000000000002 13.999999999999998 14.000000000000002 13.999999999999998 38 14.999999999999998
leaf_count=404 19 15 14 14 14 38 15
internal_value=0 0.00451451 0.0143853 -0.000594266 -0.00415979 0.000176596 -0.0123433
internal_weight=0 62 29 471 33 442 29
internal_count=533 62 29 471 33 442 29
is_linear=0
shrinkage=0.1


Tree=99
num_leaves=6
num_cat=0
split_feature=50 50 75 30 102
split_gain=0.141712 0.23654 0.472839 0.339732 0.176691
threshold=4.0342014792848504 1.8688348091416846 0.69314718055994551 1.4419888894057212e-17 4.2413008733233104
decision_type=2 2 2 2 2
left_child=1 2 -1 -3 -2
right_child=4 3 -4 -5 -6
leaf_value=0.0036052543068285864 0.013412798059118143 -0.011590382396369368 -0.0066005145622113019 -0.0010935585956778251 -0.0017576755290584908
leaf_weight=223 17.000000000000004 37 57 185 13.999999999999998
leaf_count=223 17 37 57 185 14
internal_value=0 -0.000405199 0.00152765 -0.00284303 0.00656162
internal_weight=0 502 280 222 31
internal_count=533 502 280 222 31
is_linear=0
shrinkage=0.1


end of trees

feature_importances:
Virginia_current=23
Delaware_roll_mean_2=21
New_Mexico_lag_52=16
Puerto_Rico_current=15
Michigan_lag_7=14
Michigan_lag_11=14
Delaware_roll_std_8=14
Nevada_current=14
Delaware_diff_8=13
week_cos=13
quarter_sin=13
Arkansas_current=12
Michigan_lag_3=11
Delaware_ewm_alpha_0.5=11
Vermont_lag_1=10
New_Mexico_lag_1=10
New_Mexico_lag_2=10
Delaware_pct_change_1=10
New_Mexico_current=10
Mississippi_current=10
Oklahoma_current=10
Michigan_lag_2=9
New_Mexico_lag_4=9
New_Mexico_lag_7=9
Michigan_lag_8=9
Delaware_roll_min_2=9
Delaware_pct_change_4=9
Michigan_lag_10=8
Delaware_diff_1=8
month_cos=8
Michigan_lag_1=7
Vermont_lag_10=7
Michigan_lag_12=7
Delaware_roll_std_2=7
Delaware_diff_2=7
month_sin=7
Pennsylvania_current=7
Vermont_lag_2=6
Delaware_lag_5=6
Delaware_lag_8=6
New_Mexico_lag_8=6
Michigan_lag_52=6
Delaware_roll_mean_4=6
Delaware_roll_std_4=6
Delaware_cumulative_mean=6
Vermont_current=6
Vermont_lag_3=5
Delaware_lag_4=5
Vermont_lag_7=5
Vermont_lag_8=5
New_Mexico_lag_10=5
Delaware_roll_std_12=5
Delaware_ewm_alpha_0.1=5
Delaware_momentum_4=5
Vermont_lag_5=4
Michigan_lag_5=4
Delaware_lag_7=4
New_Mexico_lag_9=4
Michigan_lag_9=4
Delaware_lag_10=4
Delaware_lag_11=4
Vermont_lag_12=4
New_Mexico_lag_12=4
Vermont_lag_52=4
Delaware_diff_4=4
Delaware_pct_change_52=4
quarter_cos=4
Michigan_current=4
Michigan_lag_4=3
Vermont_lag_6=3
New_Mexico_lag_6=3
Michigan_lag_6=3
Delaware_lag_9=3
Delaware_ewm_alpha_0.3=3
Delaware_momentum_12=3
Delaware_lag_1=2
Vermont_lag_4=2
Delaware_lag_6=2
Vermont_lag_11=2
New_Mexico_lag_11=2
Delaware_roll_max_2=2
Delaware_roll_max_4=2
Delaware_roll_mean_8=2
Delaware_roll_mean_12=2
Delaware_lag_2=1
Delaware_lag_3=1
Vermont_lag_9=1
Delaware_lag_12=1
Delaware_lag_52=1
Delaware_roll_max_12=1
Delaware_pct_change_2=1
Delaware_diff_52=1
Delaware_momentum_8=1
week_sin=1

parameters:
[boosting: gbdt]
[objective: regression]
[metric: l1]
[tree_learner: serial]
[device_type: cpu]
[data_sample_strategy: bagging]
[data: ]
[valid: ]
[num_iterations: 100]
[learning_rate: 0.1]
[num_leaves: 8]
[num_threads: 16]
[seed: 0]
[deterministic: 0]
[force_col_wise: 0]
[force_row_wise: 0]
[histogram_pool_size: -1]
[max_depth: 3]
[min_data_in_leaf: 12]
[min_sum_hessian_in_leaf: 0.001]
[bagging_fraction: 1]
[pos_bagging_fraction: 1]
[neg_bagging_fraction: 1]
[bagging_freq: 0]
[bagging_seed: 3]
[feature_fraction: 1]
[feature_fraction_bynode: 1]
[feature_fraction_seed: 2]
[extra_trees: 0]
[extra_seed: 6]
[early_stopping_round: 0]
[first_metric_only: 0]
[max_delta_step: 0]
[lambda_l1: 0]
[lambda_l2: 0]
[linear_lambda: 0]
[min_gain_to_split: 0]
[drop_rate: 0.1]
[max_drop: 50]
[skip_drop: 0.5]
[xgboost_dart_mode: 0]
[uniform_drop: 0]
[drop_seed: 4]
[top_rate: 0.2]
[other_rate: 0.1]
[min_data_per_group: 100]
[max_cat_threshold: 32]
[cat_l2: 10]
[cat_smooth: 10]
[max_cat_to_onehot: 4]
[top_k: 20]
[monotone_constraints: ]
[monotone_constraints_method: basic]
[monotone_penalty: 0]
[feature_contri: ]
[forcedsplits_filename: ]
[refit_decay_rate: 0.9]
[cegb_tradeoff: 1]
[cegb_penalty_split: 0]
[cegb_penalty_feature_lazy: ]
[cegb_penalty_feature_coupled: ]
[path_smooth: 0]
[interaction_constraints: ]
[verbosity: -1]
[saved_feature_importance_type: 0]
[use_quantized_grad: 0]
[num_grad_quant_bins: 4]
[quant_train_renew_leaf: 0]
[stochastic_rounding: 1]
[linear_tree: 0]
[max_bin: 255]
[max_bin_by_feature: ]
[min_data_in_bin: 3]
[bin_construct_sample_cnt: 200000]
[data_random_seed: 1]
[is_enable_sparse: 1]
[enable_bundle: 1]
[use_missing: 1]
[zero_as_missing: 0]
[feature_pre_filter: 1]
[pre_partition: 0]
[two_round: 0]
[header: 0]
[label_column: ]
[weight_column: ]
[group_column: ]
[ignore_column: ]
[categorical_feature: ]
[forcedbins_filename: ]
[precise_float_parser: 0]
[parser_config_file: ]
[objective_seed: 5]
[num_class: 1]
[is_unbalance: 0]
[scale_pos_weight: 1]
[sigmoid: 1]
[boost_from_average: 1]
[reg_sqrt: 0]
[alpha: 0.9]
[fair_c: 1]
[poisson_max_delta_step: 0.7]
[tweedie_variance_power: 1.5]
[lambdarank_truncation_level: 30]
[lambdarank_norm: 1]
[label_gain: ]
[lambdarank_position_bias_regularization: 0]
[eval_at: ]
[multi_error_top_k: 1]
[auc_mu_weights: ]
[num_machines: 1]
[local_listen_port: 12400]
[time_out: 120]
[machine_list_filename: ]
[machines: ]
[gpu_platform_id: -1]
[gpu_device_id: -1]
[gpu_use_dp: 0]
[num_gpu: 1]

end of parameters

pandas_categorical:[]
