tree
version=v4
num_class=1
num_tree_per_iteration=1
label_index=0
max_feature_idx=103
objective=regression
feature_names=Puerto_Rico_lag_1 Georgia_lag_1 Nevada_lag_1 Alabama_lag_1 Puerto_Rico_lag_2 Georgia_lag_2 Nevada_lag_2 Alabama_lag_2 Puerto_Rico_lag_3 Georgia_lag_3 Nevada_lag_3 Alabama_lag_3 Puerto_Rico_lag_4 Georgia_lag_4 Nevada_lag_4 Alabama_lag_4 Puerto_Rico_lag_5 Georgia_lag_5 Nevada_lag_5 Alabama_lag_5 Puerto_Rico_lag_6 Georgia_lag_6 Nevada_lag_6 Alabama_lag_6 Puerto_Rico_lag_7 Georgia_lag_7 Nevada_lag_7 Alabama_lag_7 Puerto_Rico_lag_8 Georgia_lag_8 Nevada_lag_8 Alabama_lag_8 Puerto_Rico_lag_9 Georgia_lag_9 Nevada_lag_9 Alabama_lag_9 Puerto_Rico_lag_10 Georgia_lag_10 Nevada_lag_10 Alabama_lag_10 Puerto_Rico_lag_11 Georgia_lag_11 Nevada_lag_11 Alabama_lag_11 Puerto_Rico_lag_12 Georgia_lag_12 Nevada_lag_12 Alabama_lag_12 Puerto_Rico_lag_52 Georgia_lag_52 Nevada_lag_52 Alabama_lag_52 Puerto_Rico_roll_mean_2 Puerto_Rico_roll_std_2 Puerto_Rico_roll_min_2 Puerto_Rico_roll_max_2 Puerto_Rico_roll_mean_4 Puerto_Rico_roll_std_4 Puerto_Rico_roll_min_4 Puerto_Rico_roll_max_4 Puerto_Rico_roll_mean_8 Puerto_Rico_roll_std_8 Puerto_Rico_roll_min_8 Puerto_Rico_roll_max_8 Puerto_Rico_roll_mean_12 Puerto_Rico_roll_std_12 Puerto_Rico_roll_min_12 Puerto_Rico_roll_max_12 Puerto_Rico_ewm_alpha_0.1 Puerto_Rico_ewm_alpha_0.3 Puerto_Rico_ewm_alpha_0.5 Puerto_Rico_diff_1 Puerto_Rico_pct_change_1 Puerto_Rico_diff_2 Puerto_Rico_pct_change_2 Puerto_Rico_diff_4 Puerto_Rico_pct_change_4 Puerto_Rico_diff_8 Puerto_Rico_pct_change_8 Puerto_Rico_diff_52 Puerto_Rico_pct_change_52 Puerto_Rico_momentum_4 Puerto_Rico_momentum_8 Puerto_Rico_momentum_12 week_sin week_cos quarter_sin quarter_cos month_sin month_cos is_flu_season is_peak_flu Puerto_Rico_cumulative_mean Puerto_Rico_trend_8w Puerto_Rico_trend_12w Georgia_current Nevada_current Alabama_current New_Hampshire_current District_of_Columbia_current Florida_current Vermont_current Arizona_current Connecticut_current
feature_infos=[0:7.1308988302963465] [0:7.2254814727822945] [0:5.9610053396232736] [0:6.5998704992128365] [0:7.1308988302963465] [0:7.2254814727822945] [0:5.9610053396232736] [0:6.5998704992128365] [0:7.1308988302963465] [0:7.2254814727822945] [0:5.9610053396232736] [0:6.5998704992128365] [0:7.1308988302963465] [0:7.2254814727822945] [0:5.9610053396232736] [0:6.5998704992128365] [0:7.1308988302963465] [0:7.2254814727822945] [0:5.9610053396232736] [0:6.5998704992128365] [0:7.1308988302963465] [0:7.2254814727822945] [0:5.9610053396232736] [0:6.5998704992128365] [0:7.1308988302963465] [0:7.2254814727822945] [0:5.9610053396232736] [0:6.5998704992128365] [0:7.1308988302963465] [0:7.2254814727822945] [0:5.9610053396232736] [0:6.5998704992128365] [0:7.1308988302963465] [0:7.2254814727822945] [0:5.9610053396232736] [0:6.5998704992128365] [0:7.1308988302963465] [0:7.2254814727822945] [0:5.9610053396232736] [0:6.5998704992128365] [0:7.1308988302963465] [0:7.2254814727822945] [0:5.9610053396232736] [0:6.5998704992128365] [0:7.1308988302963465] [0:7.2254814727822945] [0:5.9610053396232736] [0:6.5998704992128365] [0:6.5624440936937196] [0:6.7730803756555353] [0:5.5451774444795623] [0:6.4952655559370083] [0:7.0304152917180245] [0:6.062637362720336] [0:6.9186952190204716] [0:7.1308988302963465] [0:6.8059993700277497] [0:5.9790086374011402] [0:6.4676987261043539] [0:7.1308988302963465] [0:6.5514374141402181] [0:5.9223329646049097] [0:6.1268691841141854] [0:7.1308988302963465] [0.15415067982725833:6.3584198004542705] [0:5.960690921084999] [0:5.5294290875114234] [1.0986122886681098:7.1308988302963465] [1.7435525732782955:6.1028375751017787] [0.13547821305658933:6.7194414480892677] [0.0050080784222631958:6.9342579021071398] [0:5.7170277014062219] [0:39.301749927138637] [0:6.2971093199339352] [0:38.876866733173372] [0:6.6592939196836376] [0:41.41362674457163] [0:6.9295167707636498] [0:42.349928676065169] [0:7.0808678966907816] [0:42.233968794970302] [0:22.371924462533794] [0:23.340661664229376] [0:24.545364129295454] [0:0.69313995585920651] [0:0.6931425567534768] [0:0.69312377246641454] [0:0.6931425567534768] [0:0.69314457966968368] [0:0.69310556604517093] [0:0.69314718055994529] [0:0.69314718055994529] [2.5048219594889418:4.1037086813743571] none none [0:7.2262090101006713] [0:5.9610053396232736] [0:6.5998704992128365] [0:5.3612921657094255] [0:5.5606816310155276] [0:8.2430194689892495] [0:4.9052747784384296] [0:7.9540210872780372] [0:6.481577129276431]
tree_sizes=1084 1122 1136 1149 1138 1137 1136 1064 1141 1062 1065 978 986 987 1066 904 987 904 896 897 907 989 899 900 1077 738 985 658 902 744 744 1156 825 742 833 743 989 743 745 911 906 731 653 910 747 989 661 652 825 656 740 991 906 736 906 745 827 574 829 993 658 741 920 738 905 663 904 662 915 831 903 744 909 994 753 662 662 741 831 993 919 745 749 990 657 745 665 833 828 920 910 659 753 836 915 669 834 656 739 579

Tree=0
num_leaves=12
num_cat=0
split_feature=52 55 52 54 97 52 51 88 77 61 61
split_gain=606.452 130.341 53.9873 50.1181 16.1625 14.9782 9.22164 6.83647 5.7607 4.02262 3.3361
threshold=2.9311048556253598 4.1026092131977068 5.0670515593445202 1.4978661367769959 4.250072516143178e-17 3.5040265001487509 1.700598690831078 0.089250971907882948 3.7256208424938388 2.8170425644174366 2.7333749047157769
decision_type=2 2 2 2 2 2 2 2 2 2 2
left_child=3 5 8 4 -1 10 -5 -6 -3 -7 -2
right_child=1 2 -4 6 7 9 -8 -9 -10 -11 -12
leaf_value=2.9979843712672691 3.2270999674316418 3.3443259288031326 3.4933686578062679 3.1242323500844082 3.1112672818710774 3.312665433136508 3.1949379008095744 3.0447011817538097 3.3862271552202641 3.265453572519891 3.2659682631492872
leaf_weight=35 63 92 38 35 36 59 39 27 51 26 34
leaf_count=35 63 92 38 35 36 59 39 27 51 26 34
internal_value=3.25405 3.32734 3.38742 3.09938 3.05247 3.26758 3.1615 3.08274 3.35927 3.29822 3.24072
internal_weight=0 363 181 172 98 182 74 63 143 85 97
internal_count=535 363 181 172 98 182 74 63 143 85 97
is_linear=0
shrinkage=1


Tree=1
num_leaves=12
num_cat=0
split_feature=52 70 54 52 52 97 51 8 31 33 48
split_gain=491.226 107.316 40.5956 29.6891 24.7944 13.0916 7.46952 5.85514 4.3008 3.31804 1.76587
threshold=2.9311048556253598 4.2763376227463015 1.4978661367769959 5.0670515593445202 3.5040265001487509 4.250072516143178e-17 1.700598690831078 2.249904835165133 1.700598690831078 3.6762205501217919 3.0201273556387074
decision_type=2 2 2 2 2 2 2 2 2 2 2
left_child=2 4 5 10 9 -1 -4 -7 -6 -2 -3
right_child=1 3 6 -5 8 7 -8 -9 -10 -11 -12
leaf_value=-0.23045707843133384 0.0041706235418942838 0.09183279277490719 -0.11683389560984714 0.21538878616533783 0.018360494715826854 -0.12602280623224729 -0.053198903932785382 -0.18718743570919694 0.062063835947571894 -0.033156182612514212 0.12111943048238755
leaf_weight=35 55 35 35 38 28 34 39 29 115 42 50
leaf_count=35 55 35 35 38 28 34 39 29 115 42 50
internal_value=0 0.0659591 -0.139204 0.14191 0.0270344 -0.18142 -0.0832965 -0.154178 0.0535065 -0.0119915 0.10906
internal_weight=0 363 172 123 240 98 74 63 143 97 85
internal_count=535 363 172 123 240 98 74 63 143 97 85
is_linear=0
shrinkage=0.1


Tree=2
num_leaves=12
num_cat=0
split_feature=52 55 54 54 52 86 36 88 7 1 77
split_gain=398.119 88.9761 32.5342 30.5546 14.8501 12.306 9.85497 9.22882 3.85348 3.62215 2.88946
threshold=2.9040712449902224 4.2483931908192885 1.0000000180025095e-35 4.9050278038717883 3.5040265001487509 0.32240720641703952 2.7403194616709965 0.29140599236096953 3.5114340430413216 2.8617925509761908 3.7256208424938388
decision_type=2 2 2 2 2 2 2 2 2 2 2
left_child=2 4 7 10 8 6 -4 -1 -2 -6 -3
right_child=1 3 5 -5 9 -7 -8 -9 -10 -11 -12
leaf_value=-0.15180511611380748 0.00022137831594492936 0.077350602145580691 -0.16120317351305857 0.19295637668707433 0.0088968016457958866 -0.053262683125847782 -0.082721599427168266 -0.23045848080745113 -0.044531792036902447 0.05149156981862562 0.10959496846858492
leaf_weight=35 74 68 32 39 26 44 32 26 26 86 47
leaf_count=35 74 68 32 39 26 44 32 26 26 86 47
internal_value=0 0.0586182 -0.126948 0.116468 0.016595 -0.0939736 -0.121962 -0.18533 -0.0114144 0.0416035 0.0905287
internal_weight=0 366 169 154 212 108 64 61 100 112 115
internal_count=535 366 169 154 212 108 64 61 100 112 115
is_linear=0
shrinkage=0.1


Tree=3
num_leaves=12
num_cat=0
split_feature=52 54 52 55 96 25 86 100 86 84 51
split_gain=323.492 57.6418 48.198 21.736 12.0034 11.5353 10.6217 7.68009 4.59476 4.54275 3.74635
threshold=3.1883634739493139 4.6298509007569537 2.3269801750787624 3.9796379800581989 7.5894152073985326e-18 1.7347234759768071e-16 0.27456742417479296 6.365477504392949 0.44420494467535737 0.074454779716252931 6.6407383064737156e-19
decision_type=2 2 2 2 2 2 2 2 2 2 2
left_child=2 3 5 10 -4 -1 -7 -3 -6 -5 -2
right_child=1 7 4 9 8 6 -8 -9 -10 -11 -12
leaf_value=-0.19018929198177326 -0.020042566216930194 0.12043346721550514 -0.10300418847593769 0.086475963397072517 -0.050397097645327453 -0.15233757339772724 -0.072823784251210916 0.19528122956936178 -0.00078381910654050965 0.051007390526287701 0.022026659482709914
leaf_weight=36 27 29 29 77 40 42 28 26 35 68 98
leaf_count=36 27 29 29 77 40 42 28 26 35 68 98
internal_value=0 0.0625061 -0.0967357 0.0434986 -0.0483696 -0.144189 -0.120532 0.155816 -0.0272442 0.0698424 0.0129397
internal_weight=0 325 210 270 104 106 70 55 75 145 125
internal_count=535 325 210 270 104 106 70 55 75 145 125
is_linear=0
shrinkage=0.1


Tree=4
num_leaves=12
num_cat=0
split_feature=70 70 54 65 55 86 97 49 38 72 54
split_gain=263.736 57.2346 24.4489 15.5805 14.7147 10.1961 8.12877 7.83096 4.48584 3.30196 1.59965
threshold=2.9778468769350259 4.3304931525026866 1.0000000180025095e-35 4.1406559572496908 3.8606743063089755 0.32240720641703952 1.4978661367769959 2.0126758453675748 2.6735537653587351 0.036819519484053202 4.6298509007569537
decision_type=2 2 2 2 2 2 2 2 2 2 2
left_child=2 4 6 10 9 7 -1 -4 -6 -2 -3
right_child=1 3 5 -5 8 -7 -8 -9 -10 -11 -12
leaf_value=-0.19276400382320089 -0.015575771270611678 0.077673313726804083 -0.14158992159825107 0.17475463063628585 0.062779087754520221 -0.038292450259905311 -0.11926929457660984 -0.071094195181503894 0.023012559836649377 0.016585809916884093 0.10694711995976312
leaf_weight=27 71 56 26 27 74 48 34 40 46 58 28
leaf_count=27 71 56 26 27 74 48 34 40 46 58 28
internal_value=0 0.0489526 -0.100702 0.108672 0.0223306 -0.0733609 -0.1518 -0.0988652 0.0475353 -0.00111553 0.0874312
internal_weight=0 360 175 111 249 114 61 66 120 129 84
internal_count=535 360 175 111 249 114 61 66 120 129 84
is_linear=0
shrinkage=0.1


Tree=5
num_leaves=12
num_cat=0
split_feature=52 70 54 65 55 57 39 59 7 38 92
split_gain=214.961 47.7908 17.9273 12.9415 12.2108 7.89241 6.79332 8.66335 3.65841 3.17249 1.95153
threshold=2.9040712449902224 4.3180128599129963 1.0000000180025095e-35 4.1406559572496908 3.8393944990995772 1.7434425421192434 4.3107766033702406 2.524928003624769 3.795426061844291 2.6735537653587351 3.5910946337684799
decision_type=2 2 2 2 2 2 2 2 2 2 2
left_child=2 4 5 10 8 -1 7 -4 -2 -6 -3
right_child=1 3 6 -5 9 -7 -8 -9 -10 -11 -12
leaf_value=-0.094886041776492056 0.006222560320581709 0.065144773963838817 -0.099319536132471908 0.1572791620537087 0.054675357260212713 -0.16762195842606681 -0.11224504180804447 -0.030554389644343899 -0.035049560790260635 0.02123306915163994 0.095439109890847598
leaf_weight=26 105 50 28 27 74 35 27 53 27 46 37
leaf_count=26 105 50 28 27 74 35 27 53 27 46 37
internal_value=0 0.0430731 -0.0932826 0.0967984 0.0187688 -0.13662 -0.0688051 -0.0543251 -0.00221946 0.0418558 0.0780286
internal_weight=0 366 169 114 252 61 108 81 132 120 87
internal_count=535 366 169 114 252 61 108 81 132 120 87
is_linear=0
shrinkage=0.1


Tree=6
num_leaves=12
num_cat=0
split_feature=52 70 52 55 73 95 4 100 84 51 86
split_gain=174.507 31.1009 26.401 10.9614 9.56447 9.39687 7.75119 4.6812 3.05621 2.91821 2.86295
threshold=3.1883634739493139 4.7081803987904385 2.3746352649809244 3.9796379800581989 3.4416913763379786e-15 2.4414009612931862 1.700598690831078 6.365477504392949 0.074454779716252931 6.6407383064737156e-19 0.44420494467535737
decision_type=2 2 2 2 2 2 2 2 2 2 2
left_child=2 3 4 9 6 -4 -1 -3 -5 -2 -7
right_child=1 7 5 8 -6 10 -8 -9 -10 -11 -12
leaf_value=-0.16020074381323701 -0.019443899724218582 0.084792763181030753 -0.079293916995326674 0.063965486063572927 -0.060469082013836932 -0.029468182935260046 -0.096393761518928756 0.1407814613410405 0.034306303778430448 0.017685520429430262 0.012443316807704313
leaf_weight=33 27 32 30 76 35 39 45 28 64 98 28
leaf_count=33 27 32 30 76 35 39 45 28 64 98 28
internal_value=0 0.045909 -0.0710496 0.0311893 -0.103901 -0.03278 -0.123389 0.110921 0.050407 0.00966557 -0.0119529
internal_weight=0 325 210 265 113 97 78 60 140 125 67
internal_count=535 325 210 265 113 97 78 60 140 125 67
is_linear=0
shrinkage=0.1


Tree=7
num_leaves=11
num_cat=0
split_feature=70 55 5 54 86 73 51 59 36 77
split_gain=142.464 33.0447 14.4919 12.9793 12.1686 7.40329 4.9058 4.99489 3.40404 1.82163
threshold=2.8760728492348728 4.1026092131977068 1.7347234759768071e-16 4.9050278038717883 0.47290197478767576 3.4416913763379786e-15 1.4978661367769959 3.6505739029280164 3.7012257604091228 3.7256208424938388
decision_type=2 2 2 2 2 2 2 2 2 2
left_child=2 6 -1 9 5 -4 8 -8 -2 -3
right_child=1 3 4 -5 -6 -7 7 -9 -10 -11
leaf_value=-0.12278196312021464 -0.04457633002228769 0.042519938621309497 -0.10296447234600783 0.11587241429548999 -0.0081011042327565307 -0.039454487916724436 -0.0099804710750468085 0.029681881738494783 0.0056727818517874071 0.066345015845774694
leaf_weight=50 28 93 50 39 34 29 50 87 26 49
leaf_count=50 28 93 50 39 34 29 50 87 26 49
internal_value=0 0.0341584 -0.0779567 0.0647751 -0.0581225 -0.0796507 0.00514479 0.0152066 -0.0203823 0.0507413
internal_weight=0 372 163 181 113 79 191 137 54 142
internal_count=535 372 163 181 113 79 191 137 54 142
is_linear=0
shrinkage=0.1


Tree=8
num_leaves=12
num_cat=0
split_feature=55 54 54 96 97 100 45 55 48 40 1
split_gain=117.179 25.2579 11.9627 9.88742 5.98059 5.53855 5.18204 5.10308 5.07204 1.24697 0.689236
threshold=3.1567740231385479 4.3693677306817369 1.4978661367769959 9.7461728493447945e-20 4.250072516143178e-17 6.365477504392949 2.0126758453675748 3.8393944990995772 2.249904835165133 3.3842466058243152 4.166635176627655
decision_type=2 2 2 2 2 2 2 2 2 2 2
left_child=2 3 4 -2 -1 10 -6 -5 -4 -10 -3
right_child=1 5 8 7 6 -7 -8 -9 9 -11 -12
leaf_value=-0.12511849342180151 -0.037832586386979658 0.072442936562001709 -0.074985247250232437 0.0075840309747339536 -0.10120663283392789 0.11582360586949758 -0.040819392882770415 0.036560493200789572 -0.0066836402579038244 -0.037366574664170357 0.050823198310260123
leaf_weight=35 29 30 27 108 30 28 27 139 27 26 29
leaf_count=35 29 30 27 108 30 28 27 139 27 26 29
internal_value=0 0.032215 -0.0679887 0.0174052 -0.0925812 0.079198 -0.0726022 0.0238906 -0.0397074 -0.0217356 0.0618163
internal_weight=0 363 172 276 92 87 57 247 80 53 59
internal_count=535 363 172 276 92 87 57 247 80 53 59
is_linear=0
shrinkage=0.1


Tree=9
num_leaves=11
num_cat=0
split_feature=55 70 20 50 45 96 65 25 55 92
split_gain=94.9149 20.7323 10.371 14.0927 9.57645 7.55239 5.95473 5.56578 3.22094 0.629792
threshold=3.1567740231385479 4.3304931525026866 2.9700856263602162 1.0269562977782696e-15 0.69314718055994551 9.7461728493447945e-20 4.1406559572496908 3.9607678160667752 3.8393944990995772 3.5910946337684799
decision_type=2 2 2 2 2 2 2 2 2 2
left_child=2 5 3 4 -1 -2 9 -4 -7 -3
right_child=1 6 7 -5 -6 8 -8 -9 -10 -11
leaf_value=-0.15214081300156457 -0.035832646038449767 0.044372206980672978 0.002306086077324806 -0.035603391071376597 -0.076273306368327728 0.0068256275094528175 0.10585571582670567 -0.060432268163332574 0.03082358131931838 0.061869314343978965
leaf_weight=28 28 48 31 46 41 108 27 26 116 36
leaf_count=28 28 48 31 46 41 108 27 26 116 36
internal_value=0 0.0289935 -0.0611899 -0.0784774 -0.10706 0.0131325 0.0650024 -0.0263114 0.0192531 0.051871
internal_weight=0 363 172 115 69 252 111 57 224 84
internal_count=535 363 172 115 69 252 111 57 224 84
is_linear=0
shrinkage=0.1


Tree=10
num_leaves=11
num_cat=0
split_feature=70 55 25 86 0 49 34 2 84 66
split_gain=77.8486 20.3091 11.0787 9.15 7.95392 4.384 3.30875 3.38343 1.97742 1.85567
threshold=2.7217185787407221 3.9796379800581989 3.794707603699266e-19 0.47290197478767576 5.2573732868116956 3.794707603699266e-19 1.8688348091416846 1.4978661367769954 1.0000000180025095e-35 2.524928003624769
decision_type=2 2 2 2 2 2 2 2 2 2
left_child=2 6 -1 5 8 -4 9 -8 -3 -2
right_child=1 4 3 -5 -6 -7 7 -9 -10 -11
leaf_value=-0.11156297458069667 0.031708958534229746 0.047571292132712328 -0.099776989718278253 -0.0072683438364612432 0.094928138703107845 -0.048807166436066231 -0.041045278756480133 -0.0010794171684785565 0.026090514879489757 0.00024680805367392468
leaf_weight=35 38 91 27 38 28 45 28 87 81 37
leaf_count=35 38 91 27 38 28 45 28 87 81 37
internal_value=0 0.0232595 -0.06256 -0.0469682 0.0455015 -0.0679209 -0.000153183 -0.0108102 0.0374553 0.0161876
internal_weight=0 390 145 110 200 72 190 115 172 75
internal_count=535 390 145 110 200 72 190 115 172 75
is_linear=0
shrinkage=0.1


Tree=11
num_leaves=10
num_cat=0
split_feature=56 55 102 86 92 63 7 34 84
split_gain=63.6606 16.2866 9.61972 9.57092 6.93748 6.68131 2.68158 3.15957 1.8651
threshold=2.7647145437557121 3.9796379800581989 2.9174053685313033 0.54205585727546068 3.3011231957157752 5.5829235912808963 3.9981586158983733 2.1383330595080285 0.074454779716252931
decision_type=2 2 2 2 2 2 2 2 2
left_child=2 6 -1 4 -4 8 7 -2 -3
right_child=1 5 3 -5 -6 -7 -8 -9 -10
leaf_value=-0.09207641203887762 0.019844902789881394 0.042625675786628708 -0.092476938797100894 0.013820935857410616 -0.028730956317954942 0.086251678956406452 -0.025380102479282546 -0.0086181736324364554 0.021593422022950209
leaf_weight=50 78 98 31 26 38 28 34 78 74
leaf_count=50 78 98 31 26 38 28 34 78 74
internal_value=0 0.0210334 -0.0565727 -0.0378865 -0.0573705 0.0409514 6.71652e-05 0.00561336 0.0335769
internal_weight=0 390 145 95 69 200 190 156 172
internal_count=535 390 145 95 69 200 190 156 172
is_linear=0
shrinkage=0.1


Tree=12
num_leaves=10
num_cat=0
split_feature=59 97 61 102 57 45 62 78 76
split_gain=52.137 10.9163 9.7769 8.07336 7.17901 6.18593 4.49058 4.8241 1.75805
threshold=3.5114340430413216 4.250072516143178e-17 4.1076674670171451 2.9174053685313033 2.2986334119126055 5.464378949326943e-17 3.2951505240983434 0.81595538414307989 0.21244159698263307
decision_type=2 2 2 2 2 2 2 2 2
left_child=1 3 6 -1 5 -3 7 -2 -8
right_child=2 4 -4 -5 -6 -7 8 -9 -10
leaf_value=-0.11552096459048766 -0.012554637375183459 -0.055603785247638308 0.083077881954334409 -0.039533791048773408 -0.070717194579940829 -0.0032057922739203611 0.02393618857834575 0.028978902142262088 0.046024489648640157
leaf_weight=27 67 29 27 29 28 101 129 48 50
leaf_count=27 67 29 27 29 28 101 129 48 50
internal_value=0 -0.0382333 0.0254889 -0.0761705 -0.0247872 -0.0148946 0.0202001 0.0047811 0.0301061
internal_weight=0 214 321 56 158 130 294 115 179
internal_count=535 214 321 56 158 130 294 115 179
is_linear=0
shrinkage=0.1


Tree=13
num_leaves=10
num_cat=0
split_feature=55 83 62 97 3 86 96 9 54
split_gain=42.6911 10.2655 8.3884 5.81041 6.79455 7.19953 5.0045 3.28635 1.68258
threshold=3.1567740231385479 2.7902017254085627 3.3842466058243152 4.250072516143178e-17 2.602003343538398 0.27456742417479296 1.0408340855860844e-16 1.7347234759768071e-16 4.6101453514146771
decision_type=2 2 2 2 2 2 2 2 2
left_child=3 2 6 7 -5 -6 -2 -1 -4
right_child=1 -3 8 4 5 -7 -8 -9 -10
leaf_value=-0.094097694675796317 -0.041314004958960517 0.070127500631820619 0.022435705125355847 0.0074093275354243822 -0.071770610238114999 -0.013068559097173887 0.0051710675651733965 -0.04381888816849544 0.044383703838003441
leaf_weight=26 29 36 136 36 45 39 115 26 47
leaf_count=26 29 36 136 36 45 39 115 26 47
internal_value=0 0.0194448 0.013865 -0.0410375 -0.0289385 -0.0445161 -0.00419051 -0.0689583 0.0280726
internal_weight=0 363 327 172 120 84 144 52 183
internal_count=535 363 327 172 120 84 144 52 183
is_linear=0
shrinkage=0.1


Tree=14
num_leaves=11
num_cat=0
split_feature=56 70 25 86 49 12 14 100 71 87
split_gain=34.6954 9.27796 7.09917 6.31276 4.42749 2.82747 4.89577 2.79751 1.40071 0.521991
threshold=2.7647145437557121 4.3304931525026866 3.794707603699266e-19 0.47290197478767576 3.794707603699266e-19 3.9019216517693867 2.0126758453675753 6.4076962328223575 1.8688348091416844 0.38777898560050911
decision_type=2 2 2 2 2 2 2 2 2 2
left_child=2 5 -1 4 -4 6 -2 9 -7 -3
right_child=1 7 3 -5 -6 8 -8 -9 -10 -11
leaf_value=-0.080991261989942623 0.014425560357241133 0.036258412083482433 -0.078700643529494616 0.0036919303385442811 -0.027478597429063584 0.011568117630286296 -0.017865549156488341 0.067982499908517915 0.037959944307804111 0.019206605085100123
leaf_weight=35 97 58 27 38 45 61 91 27 30 26
leaf_count=35 97 58 27 38 45 61 91 27 30 26
internal_value=0 0.0155278 -0.0417645 -0.0292833 -0.0466869 0.00579917 -0.00120471 0.039981 0.0202687 0.0309805
internal_weight=0 390 145 110 72 279 188 111 91 84
internal_count=535 390 145 110 72 279 188 111 91 84
is_linear=0
shrinkage=0.1


Tree=15
num_leaves=9
num_cat=0
split_feature=55 83 49 97 3 86 54 9
split_gain=28.4248 7.92791 5.95732 4.54218 5.81041 5.36691 3.13508 2.37207
threshold=3.1567740231385479 2.7902017254085627 4.5536491244391194e-18 4.250072516143178e-17 2.4414009612931857 0.27456742417479296 3.5694334999727624 1.7347234759768071e-16
decision_type=2 2 2 2 2 2 2 2
left_child=3 2 -2 7 -5 -6 -4 -1
right_child=1 -3 6 4 5 -7 -8 -9
leaf_value=-0.079530236039024149 -0.024196946252847004 0.060406379380987751 0.0011941019923703627 0.015324648878304287 -0.058850232735672525 -0.0099624376700714577 0.023502381018384883 -0.036814070292390311
leaf_weight=26 42 36 94 30 47 43 191 26
leaf_count=26 42 36 94 30 47 43 191 26
internal_value=0 0.0158666 0.0109631 -0.0334858 -0.0227884 -0.0354927 0.0161446 -0.0581722
internal_weight=0 363 327 172 120 90 285 52
internal_count=535 363 327 172 120 90 285 52
is_linear=0
shrinkage=0.1


Tree=16
num_leaves=10
num_cat=0
split_feature=59 95 61 52 87 50 9 67 54
split_gain=23.2815 6.13482 5.55042 5.52244 5.31744 4.51125 3.25636 2.9923 1.9533
threshold=3.5114340430413216 4.1286418728248009e-16 4.1076674670171451 2.1686453704162454 0.19599824747654745 1.0269562977782696e-15 8.6853964318067918e-23 3.4811217321331038 3.5694334999727624
decision_type=2 2 2 2 2 2 2 2 2
left_child=1 4 6 5 -1 -3 -2 -5 -8
right_child=2 3 -4 7 -6 -7 8 -9 -10
leaf_value=-0.085924464036469111 -0.02074106433070623 -0.066119514285556735 0.06042391322898092 0.019831472607329488 -0.024255829982074172 -0.0096364580954496695 0.0022400713053583685 -0.015362483221029894 0.021500111448507858
leaf_weight=27 26 31 27 40 29 26 72 61 196
leaf_count=27 26 31 27 40 29 26 72 61 196
internal_value=0 -0.025549 0.0170327 -0.015469 -0.0539889 -0.0403553 0.0130478 -0.00142428 0.0163258
internal_weight=0 214 321 158 56 57 294 101 268
internal_count=535 214 321 158 56 57 294 101 268
is_linear=0
shrinkage=0.1


Tree=17
num_leaves=9
num_cat=0
split_feature=55 83 96 25 99 67 12 45
split_gain=18.8708 6.07826 4.84876 4.02334 5.20527 5.48015 2.26653 1.73161
threshold=3.1567740231385479 3.3132760825640331 9.7461728493447945e-20 1.7347234759768071e-16 1.4978661367769959 3.2180751841847144 3.9019216517693867 3.4811217321331038
decision_type=2 2 2 2 2 2 2 2
left_child=3 2 -2 -1 7 -6 -4 -5
right_child=1 -3 6 4 5 -7 -8 -9
leaf_value=-0.052596504925547738 -0.031770786054915304 0.053847995114682072 0.0028061338921004254 -0.013313778517125497 -0.00073317401111125955 -0.059150172308796933 0.02020739957903667 0.021243613906975451
leaf_weight=46 27 33 135 29 26 42 168 29
leaf_count=46 27 33 135 29 26 42 168 29
internal_value=0 0.0129279 0.00883594 -0.027284 -0.0180429 -0.0368143 0.0124544 0.00396492
internal_weight=0 363 330 172 126 68 303 58
internal_count=535 363 330 172 126 68 303 58
is_linear=0
shrinkage=0.1


Tree=18
num_leaves=9
num_cat=0
split_feature=97 61 99 0 40 65 78 11
split_gain=15.7067 9.25692 7.84508 4.26225 4.07264 2.36537 1.84483 1.51828
threshold=4.250072516143178e-17 3.020726310325109 1.4978661367769959 3.1132683346437333 2.8617925509761908 3.8822614022444299 0.038227420081768777 2.9174053685313033
decision_type=2 2 2 2 2 2 2 2
left_child=2 3 -1 4 -2 7 -5 -3
right_child=1 5 -4 6 -6 -7 -8 -9
leaf_value=-0.015552308095530385 -0.00061014862331960885 0.038900454625088191 -0.082506771596769501 -0.0035268995575833979 -0.035656621793861545 0.04534700901395726 0.017885758152085689 0.012466261433149429
leaf_weight=42 70 28 30 82 63 44 79 97
leaf_count=42 70 28 30 82 63 44 79 97
internal_value=0 0.0067568 -0.04345 -0.00396363 -0.0172111 0.0254066 0.00697993 0.0183875
internal_weight=0 463 72 294 133 169 161 125
internal_count=535 463 72 294 133 169 161 125
is_linear=0
shrinkage=0.1


Tree=19
num_leaves=9
num_cat=0
split_feature=56 74 57 77 29 36 64 14
split_gain=12.9118 4.81725 5.69173 4.32045 4.08387 3.02322 2.70964 1.71091
threshold=2.7647145437557121 0.85921409807125293 2.1792181997238309 4.2268071048866842 3.7726948748059121 3.5408542930527882 3.4393455730191134 0.69314718055994529
decision_type=2 2 2 2 2 2 2 2
left_child=1 2 4 5 -1 6 -2 -7
right_child=3 -3 -4 -5 -6 7 -8 -9
leaf_value=-0.035323828056214319 0.004723618547653869 0.012626345321122143 -0.071811874223252137 0.039769408650075395 0.011892752711159679 0.034843939499208526 -0.025060326035600156 0.0094591631418144383
leaf_weight=62 84 27 30 42 26 31 48 185
leaf_count=62 84 27 30 42 26 31 48 185
internal_value=0 -0.025478 -0.0341968 0.00947259 -0.0213735 0.00581608 -0.00610691 0.0131023
internal_weight=0 145 118 390 88 348 132 216
internal_count=535 145 118 390 88 348 132 216
is_linear=0
shrinkage=0.1


Tree=20
num_leaves=9
num_cat=0
split_feature=97 55 95 14 18 88 78 46
split_gain=11.4541 6.77886 6.58949 4.0692 4.94542 3.09657 2.72122 0.78973
threshold=4.250072516143178e-17 3.8393944990995772 1.7347234759768071e-16 2.3502401828962087 2.9700856263602158 0.5147796107324073 1.6077684618013433 4.0939474033052642e-16
decision_type=2 2 2 2 2 2 2 2
left_child=2 3 -1 5 -5 -2 7 -3
right_child=1 6 -4 4 -6 -7 -8 -9
leaf_value=-0.064932721404310986 0.012685136325281421 0.00097320154309272773 -0.0042167532285957631 -0.057134482184691096 -0.007508267555139881 -0.024597657461916764 0.048550126056831622 0.017147099377627189
leaf_weight=39 109 37 33 28 71 28 26 164
leaf_count=39 109 37 33 28 71 28 26 164
internal_value=0 0.00577004 -0.0371046 -0.00609706 -0.021544 0.0050653 0.0181076 0.0141698
internal_weight=0 463 72 236 99 137 227 201
internal_count=535 463 72 236 99 137 227 201
is_linear=0
shrinkage=0.1


Tree=21
num_leaves=10
num_cat=0
split_feature=12 102 31 25 23 44 100 28 15
split_gain=9.70406 5.64177 5.81428 4.60265 4.01027 2.23497 1.10246 0.81436 0.501485
threshold=3.6762205501217919 1.1015494072452724e-16 3.9607678160667752 8.6853964318067918e-23 4.4005842009683471 2.4414009612931857 4.9697891863402415 4.135134555718313 3.1984648276080736
decision_type=2 2 2 2 2 2 2 2 2
left_child=1 -1 3 -3 -4 -2 7 -7 -8
right_child=5 2 4 -5 -6 6 8 -9 -10
leaf_value=-0.051076566501323022 0.041534088615195031 -0.030216334263483687 -0.06145979900812281 0.0079600311578349597 -0.0088698205377521194 0.011071254559367215 0.02995890628259916 -0.0083376308959732578 0.014302693247858165
leaf_weight=33 28 39 29 166 29 52 26 37 96
leaf_count=33 28 39 29 166 29 52 26 37 96
internal_value=0 -0.0121019 -0.00721152 0.00069721 -0.0351648 0.0149881 0.0114654 0.00300239 0.0176393
internal_weight=0 296 263 205 58 239 211 89 122
internal_count=535 296 263 205 58 239 211 89 122
is_linear=0
shrinkage=0.1


Tree=22
num_leaves=9
num_cat=0
split_feature=97 99 61 78 45 45 65 11
split_gain=8.69222 4.98029 4.66275 2.83689 4.63862 3.50809 1.60582 1.1621
threshold=4.250072516143178e-17 1.4978661367769959 3.020726310325109 0.038227420081768777 1.2424533248940004 4.0163424379838117 3.8822614022444299 2.9174053685313033
decision_type=2 2 2 2 2 2 2 2
left_child=1 -1 3 4 -2 -5 7 -4
right_child=2 -3 6 5 -6 -7 -8 -9
leaf_value=-0.010095246173884898 -0.040750616211444143 -0.06344203277180592 0.030425519991799127 0.018630647273503883 -0.0018086971844045016 -0.020213359011517419 0.034692486839114946 0.007298933107828357
leaf_weight=42 40 30 28 93 130 31 44 97
leaf_count=42 40 30 28 93 130 31 44 97
internal_value=0 -0.0323231 0.00502648 -0.00258204 -0.0109715 0.00891965 0.0182626 0.0124793
internal_weight=0 72 463 294 170 124 169 125
internal_count=535 72 463 294 170 124 169 125
is_linear=0
shrinkage=0.1


Tree=23
num_leaves=9
num_cat=0
split_feature=97 28 4 14 103 24 61 9
split_gain=7.0407 4.81315 3.9229 3.65312 3.31247 3.23223 1.69337 0.907641
threshold=4.250072516143178e-17 3.1567740231385479 3.5408542930527882 2.3502401828962087 4.135134555718313 4.218847493575587e-15 3.8039996945012446 2.602003343538398
decision_type=2 2 2 2 2 2 2 2
left_child=1 -1 3 5 -5 -2 7 -4
right_child=2 -3 6 4 -6 -7 -8 -9
leaf_value=-0.050942419830798391 0.035867567663943327 0.0015015486907213927 0.025435644063738085 -0.035010250124694976 0.0079448717897041485 -0.003124010890722275 0.033026000796558541 0.0069464796061652736
leaf_weight=42 27 30 31 58 26 100 36 185
leaf_count=42 27 30 31 58 26 100 36 185
internal_value=0 -0.0290908 0.00452383 -0.00553557 -0.0217146 0.00516554 0.0129466 0.00960002
internal_weight=0 72 463 211 84 127 252 216
internal_count=535 72 463 211 84 127 252 216
is_linear=0
shrinkage=0.1


Tree=24
num_leaves=11
num_cat=0
split_feature=12 25 27 96 8 14 44 100 69 87
split_gain=5.71685 3.99262 4.70154 4.54509 3.41195 2.93442 1.82702 0.757449 0.64926 0.41695
threshold=3.6762205501217919 8.6853964318067918e-23 3.9415346756528771 2.3502401828962087 2.602003343538398 9.7461728493447945e-20 2.4414009612931857 4.3630783395783075 3.9441170112453352 0.31370216019643088
decision_type=2 2 2 2 2 2 2 2 2 2
left_child=1 5 3 -3 -4 -1 -2 8 -8 -9
right_child=6 2 4 -5 -6 -7 7 9 -10 -11
leaf_value=-0.0087136037923671583 0.035505307093262675 -0.0044461546941687745 -0.0027332138669277943 0.032852560225441016 -0.050891116297533436 -0.053806920037154232 0.0081246585730696107 0.015699255032757042 -0.01314995872000089 0.004625307015992482
leaf_weight=27 28 136 28 43 31 31 32 102 26 51
leaf_count=27 28 136 28 43 31 31 32 102 26 51
internal_value=0 -0.00928869 -0.00355534 0.00451387 -0.0280365 -0.0328152 0.011504 0.00831898 -0.00141224 0.0120079
internal_weight=0 296 238 179 59 58 239 211 58 153
internal_count=535 296 238 179 59 58 239 211 58 153
is_linear=0
shrinkage=0.1


Tree=25
num_leaves=7
num_cat=0
split_feature=97 95 61 35 101 9
split_gain=5.33606 3.94943 2.7263 2.06523 4.55917 4.02497
threshold=4.250072516143178e-17 1.7347234759768071e-16 3.7715783970767194 1.8973538018496331e-18 1.2424533248940006 1.8688348091416842
decision_type=2 2 2 2 2 2
left_child=1 -1 3 4 -2 -5
right_child=2 -3 -4 5 -6 -7
leaf_value=-0.046869428047480496 -0.047099344733242808 0.00013556188593308132 0.026767695308762031 0.032824101439828793 0.01056914103442225 0.00022639608634460087
leaf_weight=39 26 33 47 43 29 318
leaf_count=39 26 33 47 43 29 318
internal_value=0 -0.0253255 0.0039383 0.00135902 -0.0166923 0.00410923
internal_weight=0 72 463 416 55 361
internal_count=535 72 463 416 55 361
is_linear=0
shrinkage=0.1


Tree=26
num_leaves=10
num_cat=0
split_feature=96 28 57 78 12 99 4 97 79
split_gain=4.42618 4.74918 5.85051 4.41597 3.16558 5.53812 1.81059 1.8658 0.914828
threshold=1.0408340855860844e-16 2.8617925509761908 1.9146109988299846 0.038227420081768777 3.6505739029280164 2.740319461670996 2.7403194616709965 5.081385075233106 0.89587973461402692
decision_type=2 2 2 2 2 2 2 2 2
left_child=1 2 -1 4 5 -2 -5 -8 -6
right_child=3 -3 -4 6 8 -7 7 -9 -10
leaf_value=-0.0098117850933756162 -0.0039546266616525827 0.0050698950104415413 -0.07243582445841569 0.040052265246157293 0.020456480120562698 -0.056332304984055184 0.0073449798138743201 0.036599431266614163 0.0011558224558636235
leaf_weight=35 80 50 26 27 33 27 135 26 96
leaf_count=35 80 50 26 27 33 27 135 26 96
internal_value=0 -0.017777 -0.036504 0.00465389 -0.00445474 -0.0171714 0.0160881 0.0120693 0.0060932
internal_weight=0 111 61 424 236 107 188 161 129
internal_count=535 111 61 424 236 107 188 161 129
is_linear=0
shrinkage=0.1


Tree=27
num_leaves=6
num_cat=0
split_feature=97 102 61 28 40
split_gain=4.03554 3.39483 2.05374 1.79264 2.56723
threshold=4.250072516143178e-17 2.9174053685313033 3.7715783970767194 3.2959746043559335e-16 3.2959746043559335e-16
decision_type=2 2 2 2 2
left_child=1 -1 3 -2 -5
right_child=2 -3 -4 4 -6
leaf_value=-0.04562987366013907 -0.018147631284109383 -0.0020499666985601952 0.02323924447211655 0.033723031507375149 0.0011442055427522992
leaf_weight=33 43 39 47 26 347
leaf_count=33 43 39 47 26 347
internal_value=0 -0.0220241 0.00342491 0.00118627 0.00341512
internal_weight=0 72 463 416 373
internal_count=535 72 463 416 373
is_linear=0
shrinkage=0.1


Tree=28
num_leaves=9
num_cat=0
split_feature=97 28 75 2 4 102 96 47
split_gain=3.26878 2.96319 1.90835 4.208 4.77734 2.43566 2.16628 1.9045
threshold=4.250072516143178e-17 3.1567740231385479 1.386294361119891 1.0000000180025095e-35 2.9700856263602162 4.4005842009683471 1.0269562977782696e-15 2.3502401828962087
decision_type=2 2 2 2 2 2 2 2
left_child=1 -1 3 -2 -5 6 -4 -7
right_child=2 -3 5 4 -6 7 -8 -9
leaf_value=-0.036967159053754244 0.031668103536867422 0.0041819869540631769 -0.024915109130625543 -0.033101995310021774 0.00074692892109150776 0.044192866874592646 0.0085246705731965213 0.0129237358250478
leaf_weight=42 32 30 26 54 183 28 76 64
leaf_count=42 32 30 26 54 183 28 76 64
internal_value=0 -0.0198217 0.00308242 -0.00236967 -0.00696548 0.0106423 8.05158e-07 0.0224404
internal_weight=0 72 463 269 237 194 102 92
internal_count=535 72 463 269 237 194 102 92
is_linear=0
shrinkage=0.1


Tree=29
num_leaves=7
num_cat=0
split_feature=28 53 83 99 96 66
split_gain=2.81688 2.42717 2.08351 1.77037 3.67437 2.40585
threshold=4.218847493575587e-15 1.8956470380559629 2.7902017254085627 1.4978661367769959 1.0000000180025095e-35 0.34657359027997425
decision_type=2 2 2 2 2 2
left_child=1 -1 3 5 -5 -2
right_child=2 -3 -4 4 -6 -7
leaf_value=-0.043460747370353117 0.031909667715081018 -0.0026069774659294074 0.024397384487092496 -0.037428016157355158 -0.00045567522645883617 0.002417915923504944
leaf_weight=26 32 33 40 32 168 204
leaf_count=26 32 33 40 32 168 204
internal_value=0 -0.0206103 0.00255464 0.000550721 -0.00637125 0.0064168
internal_weight=0 59 476 436 200 236
internal_count=535 59 476 436 200 236
is_linear=0
shrinkage=0.1


Tree=30
num_leaves=7
num_cat=0
split_feature=97 99 7 6 76 101
split_gain=2.59562 2.41366 1.54803 2.82934 2.63283 1.71678
threshold=4.250072516143178e-17 1.4978661367769959 1.8688348091416844 1.0408340855860844e-16 0.22314355131420968 5.3559587320783925e-17
decision_type=2 2 2 2 2 2
left_child=1 -1 5 -4 -5 -2
right_child=2 -3 3 4 -6 -7
leaf_value=-0.0021889815506126202 0.0028850842406973245 -0.039326991389195126 -0.024555011384370853 -0.0025900928166583794 0.016115274306796833 0.034530890279759967
leaf_weight=42 40 30 41 243 109 30
leaf_count=42 40 30 41 243 109 30
internal_value=0 -0.0176632 0.00274675 0.000306404 0.00320219 0.0164476
internal_weight=0 72 463 393 352 70
internal_count=535 72 463 393 352 70
is_linear=0
shrinkage=0.1


Tree=31
num_leaves=12
num_cat=0
split_feature=12 14 88 59 37 47 59 76 87 37 65
split_gain=2.47001 2.21041 2.73165 4.02979 2.36307 2.94157 2.11614 1.23492 0.696369 0.502577 0.43388
threshold=3.9019216517693867 2.3502401828962087 0.44588797597619106 3.4006415172358104 4.7874570193541368 3.1132683346437333 2.9174053685313033 0.32542240043462795 0.31370216019643088 4.5053345884235583 3.4389531043902664
decision_type=2 2 2 2 2 2 2 2 2 2 2
left_child=1 2 6 -4 5 -3 -1 8 9 -2 -10
right_child=7 4 3 -5 -6 -7 -8 -9 10 -11 -12
leaf_value=0.02570631445075075 0.0026751625631004573 -0.035796010873659898 -0.039352241626807623 0.0097464424208737917 -0.04016437372192741 0.0033001364855123547 0.00039827330674940971 0.025830444892764922 0.0044759931072833074 0.017108915961132603 -0.013040811310593897
leaf_weight=48 45 27 35 32 30 67 106 36 31 52 26
leaf_count=48 45 27 35 32 30 67 106 36 31 52 26
internal_value=0 -0.00504242 0.000953293 -0.0159021 -0.0157283 -0.00792961 0.00828649 0.00915598 0.00525806 0.0104128 -0.00351413
internal_weight=0 345 221 67 124 94 154 190 154 97 57
internal_count=535 345 221 67 124 94 154 190 154 97 57
is_linear=0
shrinkage=0.1


Tree=32
num_leaves=8
num_cat=0
split_feature=28 45 43 96 96 36 99
split_gain=2.14048 2.29133 1.69583 2.09743 1.93617 2.17206 1.07852
threshold=3.2959746043559335e-16 4.5536491244391194e-18 2.3502401828962087 4.0939474033052642e-16 2.0126758453675753 2.602003343538398 2.740319461670996
decision_type=2 2 2 2 2 2 2
left_child=1 -1 4 -4 5 -2 -5
right_child=2 -3 3 6 -6 -7 -8
leaf_value=-0.039478797713915513 -0.016709179210010916 0.0021135433935202085 -0.021215267819253373 0.0050509498589317164 0.032709312969889263 0.014884939956862263 -0.0085463078439094228
leaf_weight=27 32 26 47 223 33 68 79
leaf_count=27 32 26 47 223 33 68 79
internal_value=0 -0.019075 0.00209746 -0.00156422 0.0117059 0.00477482 0.00149405
internal_weight=0 53 482 349 133 100 302
internal_count=535 53 482 349 133 100 302
is_linear=0
shrinkage=0.1


Tree=33
num_leaves=7
num_cat=0
split_feature=97 89 9 0 46 47
split_gain=1.86414 2.21574 1.50166 2.75577 2.69146 1.23185
threshold=4.250072516143178e-17 1.0000000180025095e-35 4.1286418728248009e-16 1.700598690831078 2.0126758453675753 2.3245294578089215e-16
decision_type=2 2 2 2 2 2
left_child=1 -1 4 -4 -2 -5
right_child=2 -3 3 5 -6 -7
leaf_value=0.002093073745837083 -0.0046884287010740353 -0.033005630403224913 -0.027934702986385673 0.020224650747453176 0.039561710174062424 0.00077187087541781638
leaf_weight=37 27 35 32 36 28 340
leaf_count=37 27 35 32 36 28 340
internal_value=0 -0.0149688 0.00232776 0.000236797 0.0178389 0.00263437
internal_weight=0 72 463 408 55 376
internal_count=535 72 463 408 55 376
is_linear=0
shrinkage=0.1


Tree=34
num_leaves=8
num_cat=0
split_feature=12 40 102 13 74 18 87
split_gain=1.73084 1.90988 1.86383 1.69308 0.946266 0.617439 0.563441
threshold=3.9019216517693867 4.2268071048866842 1.1015494072452724e-16 8.6853964318067918e-23 0.40688153965031643 2.249904835165133 0.44590462798539121
decision_type=2 2 2 2 2 2 2
left_child=1 2 -1 -4 5 -2 -7
right_child=4 -3 3 -5 -6 6 -8
leaf_value=-0.024599567755605234 -0.0059745625361357253 -0.030282672720316511 0.019307758927163556 -0.0026479185638683183 0.023962319921702148 0.013243789471035156 -0.0012358769819867321
leaf_weight=33 41 26 41 245 30 78 41
leaf_count=33 41 26 41 245 30 78 41
internal_value=0 -0.00422104 -0.00209689 0.000499574 0.00766451 0.00460867 0.008255
internal_weight=0 345 319 286 190 160 119
internal_count=535 345 319 286 190 160 119
is_linear=0
shrinkage=0.1


Tree=35
num_leaves=7
num_cat=0
split_feature=28 89 36 8 22 49
split_gain=1.62709 1.68515 1.45827 1.351 2.35828 0.809593
threshold=4.218847493575587e-15 0.17853517573474983 1.3877787807814447e-15 3.8606743063089755 2.8029010331479989 5.4157447201691484
decision_type=2 2 2 2 2 2
left_child=1 -1 -2 4 -4 -5
right_child=2 -3 3 5 -6 -7
leaf_value=-0.00014025839627720415 0.024081472906150991 -0.034062802660520433 0.0024716460679750345 0.0042438683355182499 -0.018071986059377709 0.022907409565178335
leaf_weight=32 28 27 171 167 83 27
leaf_count=32 28 27 171 167 83 27
internal_value=0 -0.0156641 0.00194156 0.000557819 -0.00424143 0.00684137
internal_weight=0 59 476 448 254 194
internal_count=535 59 476 448 254 194
is_linear=0
shrinkage=0.1


Tree=36
num_leaves=10
num_cat=0
split_feature=96 88 99 78 99 12 54 1 99
split_gain=1.43257 3.12836 4.09372 1.87632 1.71706 3.1688 1.65273 1.33407 0.898252
threshold=1.0408340855860844e-16 0.44588797597619106 2.1383330595080285 0.047956385482234694 2.740319461670996 3.7012257604091228 2.9700856263602162 1.2424533248940004 0.89587973461402759
decision_type=2 2 2 2 2 2 2 2 2
left_child=1 2 -1 4 7 -6 -5 -2 -8
right_child=3 -3 -4 6 5 -7 8 -9 -10
leaf_value=0.017475009110628392 0.021482561315808977 -0.035923473723232749 -0.030679746151522354 0.03087610765360296 -0.043117845189516196 0.0053306417332755198 -0.0031494899012614042 -0.0022119082086333995 0.012383669613222226
leaf_weight=51 28 33 27 32 27 27 64 157 89
leaf_count=51 28 33 27 32 27 27 64 157 89
internal_value=0 -0.0101135 0.000806055 0.00264765 -0.00320507 -0.0188936 0.0102087 0.00137428 0.00588614
internal_weight=0 111 78 424 239 54 185 185 153
internal_count=535 111 78 424 239 54 185 185 153
is_linear=0
shrinkage=0.1


Tree=37
num_leaves=7
num_cat=0
split_feature=28 45 83 30 95 1
split_gain=1.38488 1.71932 1.23665 1.35834 2.71693 1.92983
threshold=3.2959746043559335e-16 4.5536491244391194e-18 4.3714999267416337 1.3281476612947433e-18 1.7347234759768071e-16 2.8029010331479989
decision_type=2 2 2 2 2 2
left_child=1 -1 3 5 -5 -2
right_child=2 -3 -4 4 -6 -7
leaf_value=-0.033017609185642664 0.029660152718424801 0.0030110448312300904 0.02068174845626345 -0.028912357772317005 0.0006934408205774437 -0.004903686754405499
leaf_weight=27 35 26 32 34 351 30
leaf_count=27 35 26 32 34 351 30
internal_value=0 -0.0153432 0.00168711 0.000336383 -0.0019211 0.0137076
internal_weight=0 53 482 450 385 65
internal_count=535 53 482 450 385 65
is_linear=0
shrinkage=0.1


Tree=38
num_leaves=7
num_cat=0
split_feature=97 89 9 46 5 86
split_gain=1.24882 2.08524 1.05386 2.4202 2.18994 1.14832
threshold=1.0000000180025095e-35 1.0000000180025095e-35 4.1286418728248009e-16 2.1383330595080285 1.7005986908310777 0.27456742417479296
decision_type=2 2 2 2 2 2
left_child=1 -1 3 -2 -4 -6
right_child=2 -3 4 -5 5 -7
leaf_value=0.0052599307705437949 -0.0043371801388275349 -0.031130925344768912 -0.028114588576583912 0.036316000634838863 -0.0024434538759895751 0.0087510793704239521
leaf_weight=31 32 32 26 27 238 149
leaf_count=31 32 32 26 27 238 149
internal_value=0 -0.0132243 0.00176511 0.0142668 -2.08487e-05 0.00186659
internal_weight=0 63 472 59 413 387
internal_count=535 63 472 59 413 387
is_linear=0
shrinkage=0.1


Tree=39
num_leaves=9
num_cat=0
split_feature=28 45 43 88 96 77 67 98
split_gain=1.11842 1.33988 1.10928 1.47584 1.11974 1.10416 1.03826 0.69436
threshold=3.2959746043559335e-16 4.5536491244391194e-18 2.0126758453675753 0.089250971907882948 1.0000000180025095e-35 1.386294361119891 3.4811217321331038 0.89587973461402759
decision_type=2 2 2 2 2 2 2 2
left_child=1 -1 3 7 -4 -5 -6 -2
right_child=2 -3 4 5 6 -7 -8 -9
leaf_value=-0.029391029704776073 0.0099900860309360493 0.0024144583883193827 -0.017013130395207555 -0.016390671925964179 0.018124429052395207 0.011484061751980336 -0.0011234139242569904 0.031155493631658537
leaf_weight=27 31 26 40 27 31 30 292 31
leaf_count=27 31 26 40 27 31 30 292 31
internal_value=0 -0.0137883 0.00151615 0.00989485 -0.00123059 -0.00171976 0.000723902 0.0205728
internal_weight=0 53 482 119 363 57 323 62
internal_count=535 53 482 119 363 57 323 62
is_linear=0
shrinkage=0.1


Tree=40
num_leaves=9
num_cat=0
split_feature=61 65 86 28 49 47 53 99
split_gain=1.06331 2.67769 1.42915 2.66322 1.53042 0.778959 0.89548 0.420607
threshold=3.020726310325109 3.0663135445423975 0.44420494467535737 1.386294361119891 3.794707603699266e-19 2.0126758453675753 3.3889802478511197 1.4978661367769959
decision_type=2 2 2 2 2 2 2 2
left_child=1 2 3 -1 -4 -2 7 -7
right_child=5 -3 4 -5 -6 6 -8 -9
leaf_value=-0.02764306373712493 0.018703247626455359 -0.027244625710768675 0.026967407241189748 0.0008005442964972671 0.00098310899338684989 0.013065300564436864 -0.010172811329651338 0.00035556647521646132
leaf_weight=41 39 41 34 167 68 60 39 46
leaf_count=41 39 41 34 167 68 60 39 46
internal_value=0 -0.00322781 -5.13918e-05 -0.00480613 0.00964454 0.0061574 0.002783 0.00754976
internal_weight=0 351 310 208 102 184 145 106
internal_count=535 351 310 208 102 184 145 106
is_linear=0
shrinkage=0.1


Tree=41
num_leaves=7
num_cat=0
split_feature=98 7 59 98 60 44
split_gain=1.05794 1.8241 1.54382 5.01326 3.97869 0.870177
threshold=3.4498615536424366 4.7360445312007302 2.9174053685313033 0.34657359027997325 2.4742136941484838 4.3107766033702406
decision_type=2 2 2 2 2 2
left_child=1 2 3 -1 -4 -2
right_child=5 -3 4 -5 -6 -7
leaf_value=-0.015211216517184913 0.021407994506164239 -0.026418338543901757 -0.036643167419242673 0.033406741445651277 0.00032330700722537449 -0.00194601695380967
leaf_weight=38 39 28 32 48 323 27
leaf_count=38 39 28 32 48 323 27
internal_value=0 -0.00166816 -9.67252e-05 0.0119244 -0.00300888 0.0118541
internal_weight=0 469 441 86 355 66
internal_count=535 469 441 86 355 66
is_linear=0
shrinkage=0.1


Tree=42
num_leaves=6
num_cat=0
split_feature=24 47 0 27 88
split_gain=1.02504 1.56625 1.69814 1.26247 1.24879
threshold=5.0430920195175792 4.4826034013851794 2.9174053685313033 4.4826034013851794 0.44588797597619106
decision_type=2 2 2 2 2
left_child=1 3 -3 4 -1
right_child=-2 2 -4 -5 -6
leaf_value=0.0032609261517423426 0.016544182132929564 -0.03510678221937269 -0.0035986953484825794 0.018355975340968236 -0.0090922505137021256
leaf_weight=267 35 26 50 39 118
leaf_count=267 35 26 50 39 118
internal_value=0 -0.00115809 -0.0143778 0.00121147 -0.000525242
internal_weight=0 500 76 424 385
internal_count=535 500 76 424 385
is_linear=0
shrinkage=0.1


Tree=43
num_leaves=9
num_cat=0
split_feature=53 2 56 6 67 26 57 82
split_gain=0.868365 2.5233 3.59855 1.75444 3.64109 2.59724 1.64114 0.874955
threshold=1.8956470380559207 3.2255014631443761e-18 2.7647145437557121 7.02563007770607e-17 3.5114340430413216 9.7461728493447945e-20 1.8623819906662182 1.9088561579784527
decision_type=2 2 2 2 2 2 2 2
left_child=3 -2 -3 5 -5 -1 -6 -4
right_child=1 2 7 4 6 -7 -8 -9
leaf_value=-0.038851951982360335 0.027585467870200154 -0.035303264963798799 0.0017635888847257566 0.026530211564244295 -0.02160953517236254 0.0021039182754854359 0.0017700715130832914 0.021171231625171809
leaf_weight=32 38 26 218 41 51 30 73 26
leaf_count=32 38 26 218 41 51 30 73 26
internal_value=0 0.00345869 6.30723e-05 -0.00469285 0.000696167 -0.0190346 -0.00784573 0.00383162
internal_weight=0 308 270 227 165 62 124 244
internal_count=535 308 270 227 165 62 124 244
is_linear=0
shrinkage=0.1


Tree=44
num_leaves=7
num_cat=0
split_feature=97 89 7 24 101 8
split_gain=0.832926 1.67518 0.962272 1.76956 1.69688 1.64591
threshold=1.0000000180025095e-35 1.0000000180025095e-35 1.8688348091416844 1.0000000180025095e-35 5.3559587320783925e-17 2.602003343538398
decision_type=2 2 2 2 2 2
left_child=1 -1 4 -4 -2 -5
right_child=2 -3 3 5 -6 -7
leaf_value=0.005767319501648026 -0.00090112749325192492 -0.026849745830986649 -0.02481005936195808 0.017391033956987989 0.028815765497556919 -0.0015225004511559683
leaf_weight=31 46 32 28 54 33 311
leaf_count=31 46 32 28 54 33 311
internal_value=0 -0.0108001 0.00144154 -0.000582859 0.0115123 0.00127567
internal_weight=0 63 472 393 79 365
internal_count=535 63 472 393 79 365
is_linear=0
shrinkage=0.1


Tree=45
num_leaves=10
num_cat=0
split_feature=96 59 28 92 76 1 20 63 99
split_gain=0.83582 2.42072 4.27484 2.34844 1.08178 1.53633 1.8465 1.19754 1.05373
threshold=1.0408340855860844e-16 2.9174053685313033 3.1567740231385479 3.425608139215774 0.22314355131420968 1.7347234759768071e-16 3.4811217321331038 3.4811217321331038 0.89587973461402759
decision_type=2 2 2 2 2 2 2 2 2
left_child=1 3 -3 -1 5 -2 -7 -6 -9
right_child=4 2 -4 -5 7 6 -8 8 -10
leaf_value=0.029256596538023306 0.019302056553715377 -0.05089296528862583 0.0031362737878225747 -0.01324623444905648 0.028766969519738967 -0.016559408550529044 0.0016997315641492606 -0.0070176747691055585 0.013216960349405605
leaf_weight=26 32 27 32 26 26 80 180 44 62
leaf_count=26 32 27 32 26 26 80 180 44 62
internal_value=0 -0.00772504 -0.021589 0.00800518 0.00202236 -0.00137375 -0.00391847 0.00953496 0.00481768
internal_weight=0 111 59 52 424 292 260 132 106
internal_count=535 111 59 52 424 292 260 132 106
is_linear=0
shrinkage=0.1


Tree=46
num_leaves=6
num_cat=0
split_feature=25 69 43 61 61
split_gain=0.852144 2.27126 1.42471 1.28131 1.95832
threshold=1.7347234759768071e-16 2.5433476908205086 9.8011876392689601e-17 1.8678810367935266 2.0608876172886386
decision_type=2 2 2 2 2
left_child=1 -1 -2 -4 -5
right_child=2 -3 3 4 -6
leaf_value=-0.026615096563473346 0.019085523182916089 0.0054993180139940616 -0.019262694369535895 0.024465993100174652 -0.00071506739455172994
leaf_weight=40 43 49 32 34 337
leaf_count=40 43 49 32 34 337
internal_value=0 -0.00893413 0.00178282 -6.33751e-05 0.00159263
internal_weight=0 89 446 403 371
internal_count=535 89 446 403 371
is_linear=0
shrinkage=0.1


Tree=47
num_leaves=6
num_cat=0
split_feature=24 47 0 27 22
split_gain=0.798596 1.30957 1.35343 0.944799 0.970647
threshold=5.0430920195175792 4.4826034013851794 2.9174053685313033 4.6586997221347959 2.9174053685313033
decision_type=2 2 2 2 2
left_child=1 3 -3 4 -1
right_child=-2 2 -4 -5 -6
leaf_value=0.0022603848397124786 0.014602854505064898 -0.031616073259367397 -0.0034871607981622221 0.017393204883785186 -0.010207694788009694
leaf_weight=313 35 26 50 33 78
leaf_count=313 35 26 50 33 78
internal_value=0 -0.0010222 -0.0131102 0.00114452 -0.000226854
internal_weight=0 500 76 424 391
internal_count=535 500 76 424 391
is_linear=0
shrinkage=0.1


Tree=48
num_leaves=8
num_cat=0
split_feature=25 69 58 38 47 57 76
split_gain=0.720403 1.81786 1.35872 1.79552 1.55249 3.35069 1.2228
threshold=1.7347234759768071e-16 2.5433476908205086 1.3877787807814447e-15 2.524928003624769 4.5432381923768999 2.4607919006768975 0.19105523676270897
decision_type=2 2 2 2 2 2 2
left_child=1 -1 3 -2 6 -6 -4
right_child=2 -3 4 -5 5 -7 -8
leaf_value=-0.024032594254240397 -0.00077930302048722906 0.0046981583159340888 -0.0024317756256195889 0.034766604696159012 -0.040014518752437216 0.0035745771312051355 0.01032104034412412
leaf_weight=40 30 49 191 27 29 45 124
leaf_count=40 30 49 191 27 29 45 124
internal_value=0 -0.00821454 0.00163922 0.0160582 -0.000473587 -0.0135076 0.00258838
internal_weight=0 89 446 57 389 74 315
internal_count=535 89 446 57 389 74 315
is_linear=0
shrinkage=0.1


Tree=49
num_leaves=6
num_cat=0
split_feature=49 85 59 64 98
split_gain=0.638725 0.879393 0.946413 3.52744 2.45862
threshold=5.7053799201044617 0.67937123015004797 2.9174053685313033 2.6538243469884608 0.34657359027997325
decision_type=2 2 2 2 2
left_child=1 2 4 -4 -1
right_child=-2 -3 3 -5 -6
leaf_value=-0.010023068955266163 0.014987526868504505 -0.018023251988259808 -0.029310621813471827 0.0013735959648895442 0.023307033079975059
leaf_weight=38 27 28 42 347 53
leaf_count=38 27 28 42 347 53
internal_value=0 -0.000796581 0.000208308 -0.00193935 0.00938897
internal_weight=0 508 480 389 91
internal_count=535 508 480 389 91
is_linear=0
shrinkage=0.1


Tree=50
num_leaves=7
num_cat=0
split_feature=24 14 9 18 44 88
split_gain=0.608483 0.990261 2.06684 1.55855 1.32951 1.16236
threshold=5.0430920195175792 2.3502401828962087 3.1984648276080736 2.249904835165133 4.6101453514146771 0.44588797597619106
decision_type=2 2 2 2 2 2
left_child=1 3 -3 5 -4 -1
right_child=-2 2 4 -5 -6 -7
leaf_value=0.0048916363535853949 0.012746714419419212 -0.028919545070014221 0.0015092463479433433 0.023531001168444303 -0.022417796306588033 -0.010281305281548865
leaf_weight=169 35 33 166 33 27 72
leaf_count=169 35 33 166 33 27 72
internal_value=0 -0.00089227 -0.00579244 0.00314947 -0.00183806 0.000358641
internal_weight=0 500 226 274 193 241
internal_count=535 500 226 274 193 241
is_linear=0
shrinkage=0.1


Tree=51
num_leaves=10
num_cat=0
split_feature=86 100 61 54 100 60 48 53 92
split_gain=0.605121 1.28018 2.41112 1.18777 1.1807 1.11362 0.827988 1.80709 0.592007
threshold=0.40045551975626309 2.5940384009662951e-20 2.2331873270856395 1.2424533248940006 2.3937458713910238 2.979978877507802 3.1132683346437333 2.3216411824281065 3.5176558703613421
decision_type=2 2 2 2 2 2 2 2 2
left_child=1 2 -1 -2 -3 -6 7 -5 -8
right_child=3 4 -4 6 5 -7 8 -9 -10
leaf_value=-0.038615372318487905 0.024091272166481728 0.020677606489222785 0.0018383899422855501 0.0058416981509951662 -0.014337227618829771 0.0015937119144045057 0.019311397944887482 -0.027554274418015182 0.0016078540859013506
leaf_weight=26 27 26 34 43 55 217 30 26 51
leaf_count=26 27 26 34 43 55 217 30 26 51
internal_value=0 -0.00236477 -0.0156916 0.00478299 0.000318476 -0.00162762 0.0013075 -0.00674229 0.00816472
internal_weight=0 358 60 177 298 272 150 69 81
internal_count=535 358 60 177 298 272 150 69 81
is_linear=0
shrinkage=0.1


Tree=52
num_leaves=9
num_cat=0
split_feature=53 2 4 65 9 50 44 36
split_gain=0.529858 1.75077 2.4658 1.29761 1.31804 1.94542 1.37386 0.666001
threshold=1.8956470380559207 3.2255014631443761e-18 2.9700856263602162 3.172091512742945 1.8688348091416842 7.5894152073985326e-18 2.249904835165133 2.9174053685313033
decision_type=2 2 2 2 2 2 2 2
left_child=3 -2 -3 4 6 -6 -1 -4
right_child=1 2 7 -5 5 -7 -8 -9
leaf_value=0.029531873569179041 0.022798609231157521 -0.02149561127440797 0.014458128598005493 -0.017891053966246545 -0.025729178637266162 0.0026477267834334041 -0.0003001839608738297 0.0012763441536332142
leaf_weight=26 38 45 49 50 35 78 38 176
leaf_count=26 38 45 49 50 35 78 38 176
internal_value=0 0.00270172 -0.000126732 -0.00366577 0.000352673 -0.00614158 0.0118191 0.00414704
internal_weight=0 308 270 227 177 113 64 225
internal_count=535 308 270 227 177 113 64 225
is_linear=0
shrinkage=0.1


Tree=53
num_leaves=7
num_cat=0
split_feature=96 28 34 4 56 54
split_gain=0.568599 2.26079 2.37071 0.785269 1.343 1.54877
threshold=9.7461728493447945e-20 2.249904835165133 2.0126758453675753 4.218847493575587e-15 2.3631405058685755 2.8617925509761908
decision_type=2 2 2 2 2 2
left_child=1 -1 -3 -2 -5 -6
right_child=3 2 -4 4 5 -7
leaf_value=-0.028586815227754414 0.016557501767238136 0.022747107199393213 -0.017905759352904099 -0.018742123520111339 0.015554510319497492 -0.0010111248226284291
leaf_weight=32 32 32 26 34 69 310
leaf_count=32 32 32 26 34 69 310
internal_value=0 -0.00724912 0.00452341 0.00146611 0.000296805 0.00200478
internal_weight=0 90 58 445 413 379
internal_count=535 90 58 445 413 379
is_linear=0
shrinkage=0.1


Tree=54
num_leaves=9
num_cat=0
split_feature=25 37 58 38 92 39 61 36
split_gain=0.538397 1.43404 1.20484 1.371 1.3283 1.18776 0.982319 0.92578
threshold=1.7347234759768071e-16 1.0000000180025095e-35 1.3877787807814447e-15 2.524928003624769 3.3590781987435183 3.8606743063089755 1.8433170982004012 1.386294361119891
decision_type=2 2 2 2 2 2 2 2
left_child=1 7 3 -2 5 -4 -6 -1
right_child=2 -3 4 -5 6 -7 -8 -9
leaf_value=-0.0097370094691331573 0.00028201666660606863 -0.022149688810915561 0.0011290349404920231 0.031342865985438777 -0.015330157416134044 -0.024648474395657198 0.0039788818505965334 0.016948914843109938
leaf_weight=26 30 37 33 27 29 39 288 26
leaf_count=26 30 37 33 27 29 39 288 26
internal_value=0 -0.00710145 0.00141711 0.0149951 -0.000572465 -0.0128338 0.00221244 0.00360595
internal_weight=0 89 446 57 389 72 317 52
internal_count=535 89 446 57 389 72 317 52
is_linear=0
shrinkage=0.1


Tree=55
num_leaves=7
num_cat=0
split_feature=97 89 7 101 24 32
split_gain=0.534359 1.14338 0.918301 1.29487 1.14012 1.48896
threshold=1.0000000180025095e-35 1.0000000180025095e-35 1.8688348091416844 5.3559587320783925e-17 1.700598690831078 2.8029010331479993
decision_type=2 2 2 2 2 2
left_child=1 -1 3 -2 -4 -6
right_child=2 -3 4 -5 5 -7
leaf_value=0.0050368594426301221 0.00014887054896225101 -0.021910103069967591 -0.015436946006214364 0.026108009654633474 0.014188097908294629 -0.002141529332805911
leaf_weight=31 46 32 47 33 70 276
leaf_count=31 46 32 47 33 70 276
internal_value=0 -0.00865049 0.00115462 0.0109926 -0.000822981 0.00116215
internal_weight=0 63 472 79 393 346
internal_count=535 63 472 79 393 346
is_linear=0
shrinkage=0.1


Tree=56
num_leaves=8
num_cat=0
split_feature=17 96 9 57 17 23 102
split_gain=0.522811 2.0964 1.09693 1.35279 0.786554 1.35547 1.01358
threshold=1.0000000180025095e-35 1.0269562977782696e-15 1.8688348091416842 2.0868210392950814 3.5408542930527882 3.1132683346437333 3.6762205501217919
decision_type=2 2 2 2 2 2 2
left_child=1 -1 3 -2 5 -4 -6
right_child=2 -3 4 -5 6 -7 -8
leaf_value=-0.024400471113118771 0.023519479449499739 0.010267507279235305 -0.00091777307145735803 -0.0043001765513728408 0.014787113956887933 -0.024542668519322488 -0.00084614244783674753
leaf_weight=37 44 33 85 29 51 34 222
leaf_count=37 44 33 85 29 51 34 222
internal_value=0 -0.008057 0.00121288 0.0124678 -0.000883067 -0.00766774 0.00207436
internal_weight=0 70 465 73 392 119 273
internal_count=535 70 465 73 392 119 273
is_linear=0
shrinkage=0.1


Tree=57
num_leaves=5
num_cat=0
split_feature=72 102 67 24
split_gain=0.519635 0.764913 0.873464 1.39755
threshold=0.98967904156142683 1.1015494072452724e-16 2.9700856263602162 1.700598690831078
decision_type=2 2 2 2
left_child=1 -1 -3 -4
right_child=-2 2 3 -5
leaf_value=-0.012841161997302585 -0.012155337638052349 0.0190370868088004 -0.016523958636181696 0.0026651221370622329
leaf_weight=38 33 28 42 394
leaf_count=38 33 28 42 394
internal_value=0 0.000799056 0.00191614 0.000816633
internal_weight=0 502 464 436
internal_count=535 502 464 436
is_linear=0
shrinkage=0.1


Tree=58
num_leaves=8
num_cat=0
split_feature=47 47 50 43 53 100 6
split_gain=0.510044 1.41772 1.42937 1.14308 0.656007 1.25772 0.758074
threshold=4.4826034013851794 4.886575525404063 2.249904835165133 4.2413008733233104 1.5119428067218377 2.5940384009662951e-20 1.0000000180025095e-35
decision_type=2 2 2 2 2 2 2
left_child=3 -2 -3 4 5 -1 -6
right_child=1 2 -4 -5 6 -7 -8
leaf_value=-0.022430315495214681 -0.021920880937093015 0.019862237534727212 -0.012110878475781146 0.021758038960755444 0.015771045461297036 -0.00023957720599178454 0.00085534548533083279
leaf_weight=33 37 27 29 26 40 113 230
leaf_count=33 37 27 29 26 40 113 230
internal_value=0 -0.00673127 0.00330473 0.00141631 0.000144949 -0.00525529 0.00306508
internal_weight=0 93 56 442 416 146 270
internal_count=535 93 56 442 416 146 270
is_linear=0
shrinkage=0.1


Tree=59
num_leaves=10
num_cat=0
split_feature=14 20 18 86 24 31 12 17 101
split_gain=0.480096 2.1718 1.91201 1.53982 1.44429 1.49049 1.61333 0.841973 0.868295
threshold=2.3502401828962087 3.7012257604091228 2.9174053685313033 0.27456742417479296 4.218847493575587e-15 3.5114340430413216 2.0126758453675753 4.1971736807086968 2.740319461670996
decision_type=2 2 2 2 2 2 2 2 2
left_child=4 2 -2 -4 -1 6 -6 -3 -9
right_child=1 7 3 -5 5 -7 -8 8 -10
leaf_value=0.020215194799551153 -0.031150530189951522 0.016418506457869495 -0.020474222515310562 0.01140910068837305 -0.021034347416134552 0.02199194079471959 0.0012993637887594297 -0.009673928003534317 0.0078482684093497453
leaf_weight=41 41 42 28 33 40 27 169 52 62
leaf_count=41 41 42 28 33 40 27 169 52 62
internal_value=0 -0.00310397 -0.0144505 -0.00322587 0.00289106 -0.00011864 -0.00297503 0.00431491 -0.000144312
internal_weight=0 258 102 61 277 236 209 156 114
internal_count=535 258 102 61 277 236 209 156 114
is_linear=0
shrinkage=0.1


Tree=60
num_leaves=6
num_cat=0
split_feature=68 20 47 28 64
split_gain=0.443608 0.976528 0.827189 1.41227 1.07282
threshold=2.2227698168044001 0.89587973461402737 4.4826034013851794 3.7726948748059121 3.1389479188290559
decision_type=2 2 2 2 2
left_child=-1 -2 4 -4 -3
right_child=1 2 3 -5 -6
leaf_value=0.011053561200113859 -0.015538178861322928 0.012277802339204672 -0.026695291155400421 0.00050327477743849168 -0.00035891091335453354
leaf_weight=34 41 88 28 60 284
leaf_count=34 41 88 28 60 284
internal_value=0 -0.000750142 0.000567922 -0.00815081 0.00263042
internal_weight=0 501 460 88 372
internal_count=535 501 460 88 372
is_linear=0
shrinkage=0.1


Tree=61
num_leaves=7
num_cat=0
split_feature=24 65 30 48 28 66
split_gain=0.417089 0.865232 0.953059 0.804003 0.815134 0.434758
threshold=4.6491756246494491 3.5032370990413622 2.1383330595080285 4.516324041782946 2.1383330595080285 4.0773937863842606
decision_type=2 2 2 2 2 2
left_child=1 3 -3 4 -1 -2
right_child=5 2 -4 -5 -6 -7
leaf_value=-0.0091749926790768328 0.015563128961983955 0.00079120053941833567 -0.024429416781171196 0.016667708968502823 0.0018807149715627536 -0.0010700898539895813
leaf_weight=86 33 29 31 29 297 30
leaf_count=86 33 29 31 29 297 30
internal_value=0 -0.00102009 -0.0122395 0.000613802 -0.000601768 0.00764255
internal_weight=0 472 60 412 383 63
internal_count=535 472 60 412 383 63
is_linear=0
shrinkage=0.1


Tree=62
num_leaves=9
num_cat=0
split_feature=86 54 100 61 80 14 97 54
split_gain=0.404433 0.895881 0.755671 1.71928 0.889666 0.984715 0.630726 0.726403
threshold=0.40045551975626309 1.2424533248940006 2.5940384009662951e-20 2.2331873270856395 2.0062260131956893 2.4414009612931857 2.1383330595080281 2.9174053685313033
decision_type=2 2 2 2 2 2 2 2
left_child=2 -2 3 -1 5 -4 -3 -8
right_child=1 6 4 -5 -6 -7 7 -9
leaf_value=-0.031529820079986864 0.020679033451058246 -0.012353674553591631 0.0039405276166823832 0.0026305770337143367 0.013083930319796006 -0.0085393383973203004 0.016460513897404515 -0.00077731157010742311
leaf_weight=26 27 29 129 34 45 124 34 87
leaf_count=26 27 29 129 34 45 124 34 87
internal_value=0 0.00391022 -0.00193326 -0.0121723 0.000128278 -0.00217609 0.000891832 0.00406637
internal_weight=0 177 358 60 298 253 150 121
internal_count=535 177 358 60 298 253 150 121
is_linear=0
shrinkage=0.1


Tree=63
num_leaves=7
num_cat=0
split_feature=98 7 59 98 96 44
split_gain=0.42766 1.08605 1.04011 2.15656 1.53614 0.510087
threshold=3.4498615536424366 4.7360445312007302 2.9174053685313033 0.34657359027997325 9.7461728493447945e-20 4.3107766033702406
decision_type=2 2 2 2 2 2
left_child=1 2 3 -1 -4 -2
right_child=5 -3 4 -5 -6 -7
leaf_value=-0.0077785941723145947 0.014851548599127013 -0.020158182104517308 -0.019077852027530366 0.024108672336054349 0.00033126556338718187 -0.0030289543171723686
leaf_weight=38 39 28 47 48 308 27
leaf_count=38 39 28 47 48 308 27
internal_value=0 -0.00106062 0.000151928 0.0100189 -0.00223839 0.0075368
internal_weight=0 469 441 86 355 66
internal_count=535 469 441 86 355 66
is_linear=0
shrinkage=0.1


Tree=64
num_leaves=9
num_cat=0
split_feature=9 102 1 16 16 97 55 67
split_gain=0.408599 1.84636 1.40342 1.27813 2.12634 0.68042 1.30092 1.2705
threshold=1.8688348091416842 3.7012257604091228 2.249904835165133 3.2384861814448418 0.89587973461402737 3.2769667020129059 3.0677824455408698 3.6242520361853052
decision_type=2 2 2 2 2 2 2 2
left_child=1 3 -2 4 -1 6 -4 -7
right_child=2 -3 5 -5 -6 7 -8 -9
leaf_value=0.012447731100536626 -0.022756117697933627 0.02815587951767224 -0.025579915381968021 0.016089233607053759 -0.022591046269896421 0.020408288469991168 -0.00086952060129556622 0.00020432157200827661
leaf_weight=29 29 27 26 30 43 37 118 196
leaf_count=29 29 27 26 30 43 37 118 196
internal_value=0 0.00490275 -0.00155777 -0.00125249 -0.00847821 7.28713e-05 -0.00533112 0.00341268
internal_weight=0 129 406 102 72 377 144 233
internal_count=535 129 406 102 72 377 144 233
is_linear=0
shrinkage=0.1


Tree=65
num_leaves=6
num_cat=0
split_feature=28 41 70 72 60
split_gain=0.387953 1.00732 0.942083 0.831512 0.811692
threshold=3.2959746043559335e-16 3.794707603699266e-19 1.694888206724688 0.98967904156142683 2.4742136941484838
decision_type=2 2 2 2 2
left_child=1 -1 -2 4 -4
right_child=2 -3 3 -5 -6
leaf_value=-0.022169636791715255 0.015392295652773322 0.0054077276408120442 -0.014933453043622355 -0.017803180855340685 0.0018883791225656904
leaf_weight=26 41 27 31 26 384
leaf_count=26 41 27 31 26 384
internal_value=0 -0.00812079 0.00089295 -0.000455062 0.000631809
internal_weight=0 53 482 441 415
internal_count=535 53 482 441 415
is_linear=0
shrinkage=0.1


Tree=66
num_leaves=9
num_cat=0
split_feature=14 88 96 25 99 57 55 38
split_gain=0.400062 1.77359 1.26347 0.932829 1.29951 0.754208 1.18905 1.10076
threshold=0.69314718055994529 0.44588797597619106 4.0939474033052642e-16 2.8617925509761908 1.700598690831078 1.84168946021452 3.3140206880897671 2.8029010331479989
decision_type=2 2 2 2 2 2 2 2
left_child=1 3 -2 4 -1 7 -7 -4
right_child=2 -3 5 -5 -6 6 -8 -9
leaf_value=0.016180604593828321 -0.022214378243578331 -0.011619193965987283 -0.023465465754270554 0.025320911588090841 -0.010179915523622185 0.014973207020707298 -0.001174762701371117 0.0029745514824753628
leaf_weight=45 28 49 31 33 32 57 228 32
leaf_count=45 28 49 31 33 32 57 228 32
internal_value=0 0.00420515 -0.00177824 0.0112542 0.00522558 -0.000133957 0.00205483 -0.0100356
internal_weight=0 159 376 110 77 348 285 63
internal_count=535 159 376 110 77 348 285 63
is_linear=0
shrinkage=0.1


Tree=67
num_leaves=6
num_cat=0
split_feature=97 95 83 92 43
split_gain=0.381437 0.972695 0.742754 1.62469 1.38431
threshold=5.2310943182715759 5.4743671128014944 0.13895613999280271 3.4351606181725622 3.6762205501217919
decision_type=2 2 2 2 2
left_child=1 2 3 -1 -4
right_child=-2 -3 4 -5 -6
leaf_value=0.013824090310795742 0.0097959922683249056 -0.018834695394616574 -0.00032899587596731903 -0.0018136790391094617 -0.02266333134312715
leaf_weight=99 37 28 134 202 35
leaf_count=99 37 28 134 202 35
internal_value=0 -0.000727815 0.000350893 0.00332964 -0.00495445
internal_weight=0 498 470 301 169
internal_count=535 498 470 301 169
is_linear=0
shrinkage=0.1


Tree=68
num_leaves=9
num_cat=0
split_feature=12 97 59 98 59 32 79 100
split_gain=0.363804 1.4633 1.07047 1.82748 1.62208 0.532193 0.367041 0.446833
threshold=3.7012257604091228 4.135134555718313 2.9174053685313033 0.34657359027997325 3.1567740231385479 3.1567740231385479 1.0000000180025095e-35 4.1026092131977068
decision_type=2 2 2 2 2 2 2 2
left_child=1 2 3 -1 -4 -2 -7 -8
right_child=5 -3 4 -5 -6 6 7 -9
leaf_value=-0.0064263135733965198 0.016484721010335938 -0.022852256249696501 -0.021383715784620672 0.023511123555627737 0.00083410818282428465 0.0087273700041696437 -0.013085454981774092 0.0013035178578213063
leaf_weight=38 26 31 42 44 151 50 26 127
leaf_count=38 26 31 42 44 151 50 26 127
internal_value=0 -0.00225587 6.59047e-05 0.00963768 -0.00400086 0.00301439 0.00128913 -0.00114167
internal_weight=0 306 275 82 193 229 203 153
internal_count=535 306 275 82 193 229 203 153
is_linear=0
shrinkage=0.1


Tree=69
num_leaves=8
num_cat=0
split_feature=26 88 43 2 53 4 101
split_gain=0.358853 1.25153 1.28305 1.17907 0.782502 1.35139 0.764894
threshold=1.0000000180025095e-35 0.44588797597619106 1.0000000180025095e-35 7.02563007770607e-17 0.53479999673898926 3.0201273556387074 9.1072982488782385e-17
decision_type=2 2 2 2 2 2 2
left_child=1 2 -1 6 -5 -6 -2
right_child=3 -3 -4 4 5 -7 -8
leaf_value=0.016983643989735883 0.0025960715487599374 -0.022058892739756454 -0.011561727582011372 0.014414734723827533 -0.014376734605886871 0.00098415767778143562 0.025577399426450334
leaf_weight=31 28 31 32 31 72 280 30
leaf_count=31 28 31 32 31 72 280 30
internal_value=0 -0.00560966 0.00248441 0.00119571 -0.000816459 -0.00215784 0.014483
internal_weight=0 94 63 441 383 352 58
internal_count=535 94 63 441 383 352 58
is_linear=0
shrinkage=0.1


Tree=70
num_leaves=9
num_cat=0
split_feature=96 67 20 81 38 97 103 69
split_gain=0.36312 1.42664 1.69263 1.23512 1.2699 0.931979 1.37172 0.628876
threshold=2.3502401828962087 3.8176519431297078 3.4498615536424366 0.69314717817899307 1.7005986908310782 3.2769667020129059 2.249904835165133 3.9659782099412548
decision_type=2 2 2 2 2 2 2 2
left_child=3 -2 -3 5 -5 6 -1 -4
right_child=1 2 7 4 -6 -7 -8 -9
leaf_value=0.0018516191679392815 0.018649573012700548 -0.01824812927357429 0.015086141908786408 -0.001773849961658319 -0.031968623553760921 0.01508826852016347 -0.021282247213586684 0.0005113394314131297
leaf_weight=148 46 44 38 30 26 38 31 134
leaf_count=148 46 44 38 30 26 38 31 134
internal_value=0 0.00265937 -0.000745948 -0.00255222 -0.0157929 0.00086472 -0.0021548 0.00373135
internal_weight=0 262 216 273 56 217 179 172
internal_count=535 262 216 273 56 217 179 172
is_linear=0
shrinkage=0.1


Tree=71
num_leaves=7
num_cat=0
split_feature=24 14 9 31 39 44
split_gain=0.310856 0.531423 1.38851 1.14607 0.957079 0.736413
threshold=5.0430920195175792 2.3502401828962087 3.1984648276080736 3.4175922930736511 3.1567740231385479 4.6101453514146771
decision_type=2 2 2 2 2 2
left_child=1 3 -3 4 -1 -4
right_child=-2 2 5 -5 -6 -7
leaf_value=0.00229551119000417 0.0091107440633433207 -0.023183225044472653 0.0015049163066972811 0.018440437228663974 -0.016066692459086578 -0.016302602001707311
leaf_weight=203 35 33 166 38 33 27
leaf_count=203 35 33 166 38 33 27
internal_value=0 -0.000637752 -0.00422744 0.00232308 -0.000272085 -0.000986291
internal_weight=0 500 226 274 236 193
internal_count=535 500 226 274 236 193
is_linear=0
shrinkage=0.1


Tree=72
num_leaves=9
num_cat=0
split_feature=9 102 28 1 57 49 81 40
split_gain=0.305506 1.31772 1.07898 0.898014 0.734998 0.513683 0.997557 0.949385
threshold=1.8688348091416842 3.7012257604091228 2.249904835165133 2.249904835165133 2.4607919006768975 3.3497501700808394 0.22929517730088952 2.7403194616709965
decision_type=2 2 2 2 2 2 2 2
left_child=1 2 -1 -2 -4 7 -7 -5
right_child=3 -3 4 5 -6 6 -8 -9
leaf_value=-0.013253554034357271 -0.0183040337701296 0.023883623829870314 0.017997625737916679 0.02208334400963325 -0.0041876480116375854 -0.0080510943447207588 0.0050098632395799668 0.00079827450595244213
leaf_weight=42 29 27 32 26 28 145 98 108
leaf_count=42 29 27 32 26 28 145 98 108
internal_value=0 0.00423937 -0.000960582 -0.00134699 0.0076445 -4.26034e-05 -0.00278371 0.00492821
internal_weight=0 129 102 406 60 377 243 134
internal_count=535 129 102 406 60 377 243 134
is_linear=0
shrinkage=0.1


Tree=73
num_leaves=10
num_cat=0
split_feature=24 14 9 53 30 31 66 63 24
split_gain=0.331787 0.859977 1.32072 1.23045 0.927204 0.91637 0.354064 0.425734 0.207325
threshold=4.1971736807086968 2.3502401828962087 3.1984648276080736 2.8067696648759521 2.249904835165133 3.5114340430413216 3.4175922930736511 4.9380581778699986 5.1149547266519209
decision_type=2 2 2 2 2 2 2 2 2
left_child=1 3 -3 5 -4 -1 -2 -8 -9
right_child=6 2 4 -5 -6 -7 7 8 -10
leaf_value=-0.0026893358305096629 0.014625045546778926 -0.02606542450065414 0.012970603250994764 0.021244966630717198 -0.0073846967239883186 0.017296740406443582 0.0093875417197566667 -0.0098112120263475194 0.002146341235794384
leaf_weight=195 27 30 29 30 98 26 42 29 29
leaf_count=195 27 30 29 30 98 26 42 29 29
internal_value=0 -0.00138939 -0.00719437 0.00224161 -0.00273664 -0.000338033 0.00446356 0.00171995 -0.00383244
internal_weight=0 408 157 251 127 221 127 100 58
internal_count=535 408 157 251 127 221 127 100 58
is_linear=0
shrinkage=0.1


Tree=74
num_leaves=7
num_cat=0
split_feature=26 50 36 2 10 14
split_gain=0.318639 1.13268 1.41911 0.885532 0.746803 0.842999
threshold=1.0000000180025095e-35 1.0000000180025095e-35 2.249904835165133 3.2255014631443761e-18 1.0269562977782696e-15 0.89587973461402781
decision_type=2 2 2 2 2 2
left_child=1 -1 -3 -2 -5 -6
right_child=3 2 -4 4 5 -7
leaf_value=-0.019219274477412306 0.013518398158325284 0.020122931870045487 -0.011235804372136633 -0.015932950094856065 0.015732838347578174 -0.00081166543710167987
leaf_weight=36 51 27 31 29 34 327
leaf_count=36 51 27 31 29 34 327
internal_value=0 -0.00528601 0.00336223 0.00112672 -0.000493727 0.000746543
internal_weight=0 94 58 441 390 361
internal_count=535 94 58 441 390 361
is_linear=0
shrinkage=0.1


Tree=75
num_leaves=6
num_cat=0
split_feature=72 103 16 15 24
split_gain=0.318336 0.468315 1.7694 1.15875 0.848868
threshold=0.98967904156142683 1.0000000180025095e-35 3.1984648276080736 1.8973538018496331e-18 1.700598690831078
decision_type=2 2 2 2 2
left_child=1 2 -1 -3 -5
right_child=-2 3 -4 4 -6
leaf_value=-0.019972696990251199 -0.0095139453995436666 0.019081569902805819 0.010811526193642888 -0.013280634382149069 0.0019300151949903173
leaf_weight=43 33 36 33 41 349
leaf_count=43 33 36 33 41 349
internal_value=0 0.000625419 -0.00660586 0.00191551 0.000330947
internal_weight=0 502 76 426 390
internal_count=535 502 76 426 390
is_linear=0
shrinkage=0.1


Tree=76
num_leaves=6
num_cat=0
split_feature=98 85 92 41 52
split_gain=0.30032 0.77761 0.668671 0.945707 0.445147
threshold=3.4498615536424366 0.67727089201096902 3.2211448602682533 1.0000000180025095e-35 4.3975260874596289
decision_type=2 2 2 2 2
left_child=1 2 -1 -4 -2
right_child=4 -3 3 -5 -6
leaf_value=0.011651857871976165 0.015592263471977464 -0.017696551212037986 -0.014217935952985164 0.00061779820962667596 -0.00095490842956948933
leaf_weight=45 29 26 49 349 37
leaf_count=45 29 26 49 349 37
internal_value=0 -0.000888793 9.76666e-05 -0.00120871 0.00631582
internal_weight=0 469 443 398 66
internal_count=535 469 443 398 66
is_linear=0
shrinkage=0.1


Tree=77
num_leaves=7
num_cat=0
split_feature=44 98 82 28 30 49
split_gain=0.292786 1.68694 1.957 1.09369 0.715988 0.895373
threshold=2.1383330595080285 1.8688348091416846 1.6962144451848893 2.0126758453675753 1.3281476612947433e-18 3.794707603699266e-19
decision_type=2 2 2 2 2 2
left_child=1 -1 -3 -2 -5 -6
right_child=3 2 -4 4 5 -7
leaf_value=0.017968410930103242 -0.0171592737810734 -0.022113148697784968 0.014106078347406134 0.013259672693526134 -0.014188746640251743 0.00093797085150921101
leaf_weight=51 39 35 26 39 45 300
leaf_count=51 39 35 26 39 45 300
internal_value=0 0.00454631 -0.00667545 -0.00120375 0.000416731 -0.00103508
internal_weight=0 112 61 423 384 345
internal_count=535 112 61 423 384 345
is_linear=0
shrinkage=0.1


Tree=78
num_leaves=8
num_cat=0
split_feature=96 67 20 81 44 28 88
split_gain=0.276818 1.25088 1.29008 0.951452 0.838841 1.47074 0.505566
threshold=2.3502401828962087 3.8176519431297078 3.4498615536424366 1.7637926299643618 2.1383330595080285 2.3502401828962087 0.50902865976329192
decision_type=2 2 2 2 2 2 2
left_child=3 -2 -3 4 -1 -6 -4
right_child=1 2 6 -5 5 -7 -8
leaf_value=0.012380208781119003 0.017294791510895545 -0.016146609403023666 -0.00033105746899250775 -0.020424299285962032 -0.025205067917704584 0.0002565530629755322 0.011756034668602904
leaf_weight=43 46 44 124 26 26 178 48
leaf_count=43 46 44 124 26 26 178 48
internal_value=0 0.00232194 -0.000866723 -0.00222838 -0.000313022 -0.00298856 0.00304208
internal_weight=0 262 216 273 247 204 172
internal_count=535 262 216 273 247 204 172
is_linear=0
shrinkage=0.1


Tree=79
num_leaves=10
num_cat=0
split_feature=32 32 32 98 51 87 67 35 61
split_gain=0.288773 1.68647 0.851499 1.2921 1.06706 0.786234 0.566205 0.767764 0.548193
threshold=3.1567740231385479 3.3140206880897671 1.8688348091416842 1.8688348091416846 1.8973538018496331e-18 0.239555418017284 4.7492611597348082 2.740319461670996 2.5752244862405527
decision_type=2 2 2 2 2 2 2 2 2
left_child=2 -2 3 -1 -4 -6 8 -8 -3
right_child=1 6 4 -5 5 -7 7 -9 -10
leaf_value=0.0077801298551176765 -0.025351994178657022 -0.0012659161085528988 0.024621931159247955 -0.016064620628318888 -0.0047697648795490925 0.01365603521000594 -0.019368617243512912 -0.0006148200856905692 0.010829078278676544
leaf_weight=44 28 77 30 47 55 40 27 114 73
leaf_count=44 28 77 30 47 55 40 27 114 73
internal_value=0 -0.00191176 0.00282338 -0.00453529 0.0081805 0.00298847 0.00034366 -0.00420597 0.00462031
internal_weight=0 319 216 91 125 95 291 141 150
internal_count=535 319 216 91 125 95 291 141 150
is_linear=0
shrinkage=0.1


Tree=80
num_leaves=9
num_cat=0
split_feature=86 11 96 36 32 54 57 86
split_gain=0.29309 0.576726 0.87945 1.54567 0.789222 0.546203 0.478778 0.594498
threshold=0.40045551975626309 6.6407383064737156e-19 2.524928003624769 2.249904835165133 3.0201273556387074 1.2424533248940006 2.9273254578801162 0.56848091292795699
decision_type=2 2 2 2 2 2 2 2
left_child=1 -1 3 -3 -4 -2 7 -7
right_child=5 2 4 -5 -6 6 -8 -9
leaf_value=0.0093635889790242618 0.016422187915520258 -0.03102590646594763 0.012079736091853942 -0.0040060630815691852 -0.0026812637434341017 0.015572066136607618 -0.0085593600184298482 -0.00043944619978085545
leaf_weight=42 27 26 51 114 125 33 39 78
leaf_count=42 27 26 51 114 125 33 39 78
internal_value=0 -0.00164577 -0.00310904 -0.00902403 0.00159607 0.00332873 0.000971909 0.00432073
internal_weight=0 358 316 140 176 177 150 111
internal_count=535 358 316 140 176 177 150 111
is_linear=0
shrinkage=0.1


Tree=81
num_leaves=7
num_cat=0
split_feature=97 28 7 101 24 8
split_gain=0.258952 0.76214 0.551544 1.04864 0.67979 0.704363
threshold=1.0000000180025095e-35 3.1567740231385479 1.8688348091416844 5.3559587320783925e-17 1.0000000180025095e-35 2.602003343538398
decision_type=2 2 2 2 2 2
left_child=1 -1 3 -2 -4 -6
right_child=2 -3 4 -5 5 -7
leaf_value=-0.015547174828437468 -0.0013302563406203105 0.0066784758948617521 -0.015745003398374788 0.02203066527674144 0.010965359385159834 -0.0014074277907229625
leaf_weight=36 46 27 28 33 54 311
leaf_count=36 46 27 28 33 54 311
internal_value=0 -0.0060219 0.00080377 0.0084281 -0.000728857 0.000423067
internal_weight=0 63 472 79 393 365
internal_count=535 63 472 79 393 365
is_linear=0
shrinkage=0.1


Tree=82
num_leaves=7
num_cat=0
split_feature=72 87 92 89 31 22
split_gain=0.252761 0.397289 0.967287 0.47688 0.70106 0.699683
threshold=0.98967904156142683 0.64512732829945818 3.5339425331857917 0.22974486851048764 0.69314718055994573 1.0000000180025095e-35
decision_type=2 2 2 2 2 2
left_child=1 3 -3 5 -5 -1
right_child=-2 2 -4 4 -6 -7
leaf_value=-0.012055648205180965 -0.0084776057240863647 -0.015792702197443782 0.0080905611485442407 0.020997611990336468 0.003030688592719401 0.0014978778022792071
leaf_weight=45 33 43 28 27 111 248
leaf_count=45 33 43 28 27 111 248
internal_value=0 0.000557293 -0.00637395 0.0016991 0.00654596 -0.000583722
internal_weight=0 502 71 431 138 293
internal_count=535 502 71 431 138 293
is_linear=0
shrinkage=0.1


Tree=83
num_leaves=10
num_cat=0
split_feature=24 24 88 73 57 101 37 0 97
split_gain=0.262984 1.25817 1.06932 1.65202 0.711407 1.35958 0.624254 0.575796 0.5352
threshold=2.8617925509761908 2.524928003624769 0.44588797597619106 2.4414009612931857 1.9146109988299846 2.0126758453675753 3.5408542930527882 2.8617925509761908 3.1984648276080736
decision_type=2 2 2 2 2 2 2 2 2
left_child=1 2 3 -1 5 6 -2 -6 -9
right_child=4 -3 -4 -5 7 -7 -8 8 -10
leaf_value=0.013619622339341622 -0.009249656816552345 0.021112166717648508 -0.013986253177443909 -0.014950117526640154 0.012831721506598923 -0.027500009342163269 0.010859415064959859 -0.0065471386027179269 0.0031633821967493822
leaf_weight=67 38 32 43 29 36 28 26 95 141
leaf_count=67 38 32 43 29 36 28 26 95 141
internal_value=0 0.00323475 -0.000880918 0.00498918 -0.00151962 -0.00912111 -0.00108035 0.00105147 -0.000745514
internal_weight=0 171 139 96 364 92 64 272 236
internal_count=535 171 139 96 364 92 64 272 236
is_linear=0
shrinkage=0.1


Tree=84
num_leaves=6
num_cat=0
split_feature=78 32 36 64 61
split_gain=0.246418 0.449996 1.3052 0.892636 0.686392
threshold=1.9718174165312468 1.8688348091416842 2.0126758453675753 2.2017479503391613 1.8678810367935266
decision_type=2 2 2 2 2
left_child=1 2 -1 -3 -5
right_child=-2 3 -4 4 -6
leaf_value=0.0023001948203098901 0.0081116760681782443 0.018637127694315636 -0.025287969324185894 -0.016195568019667497 0.00060769190307069119
leaf_weight=47 35 26 27 26 374
leaf_count=47 35 26 27 26 374
internal_value=0 -0.000567817 -0.00776576 0.000682529 -0.00048452
internal_weight=0 500 74 426 400
internal_count=535 500 74 426 400
is_linear=0
shrinkage=0.1


Tree=85
num_leaves=7
num_cat=0
split_feature=25 69 58 4 38 5
split_gain=0.24558 0.992452 0.732886 0.661225 0.593444 0.360434
threshold=1.7347234759768071e-16 2.5433476908205086 1.3877787807814447e-15 2.3502401828962087 2.524928003624769 2.3502401828962087
decision_type=2 2 2 2 2 2
left_child=1 -1 4 -4 -2 -5
right_child=2 -3 3 5 -6 -7
leaf_value=-0.016483809696510435 0.0018669253463546435 0.0047448034493290658 -0.014605361068876641 0.010257718962218082 0.022302409840954676 -0.00042591268946733844
leaf_weight=40 30 49 31 35 27 323
leaf_count=40 30 49 31 35 27 323
internal_value=0 -0.00479615 0.000957078 -0.000594642 0.0115469 0.000618576
internal_weight=0 89 446 389 57 358
internal_count=535 89 446 389 57 358
is_linear=0
shrinkage=0.1


Tree=86
num_leaves=6
num_cat=0
split_feature=72 84 46 50 100
split_gain=0.252769 0.314109 0.592955 0.887483 0.855777
threshold=0.98967904156142683 0.6838547336999784 2.740319461670996 1.0000000180025095e-35 2.9430520157250784
decision_type=2 2 2 2 2
left_child=1 2 3 -1 -4
right_child=-2 -3 4 -5 -6
leaf_value=-0.011362125302797982 -0.0084777392898545117 -0.0093646816955879324 0.01888456837489055 0.0015040331491671796 0.0020532302428106432
leaf_weight=70 33 30 39 229 134
leaf_count=70 33 30 39 229 134
internal_value=0 0.000557302 0.00118794 -0.00150811 0.00584758
internal_weight=0 502 472 299 173
internal_count=535 502 472 299 173
is_linear=0
shrinkage=0.1


Tree=87
num_leaves=8
num_cat=0
split_feature=19 96 80 101 24 67 17
split_gain=0.272711 0.874602 0.586612 0.588731 0.556029 0.937126 0.537477
threshold=2.0126758453675753 1.0408340855860844e-16 0.85943144213031519 0.69314718055994573 1.700598690831078 3.5114340430413216 0.69314718055994551
decision_type=2 2 2 2 2 2 2
left_child=2 -2 3 6 -3 -6 -1
right_child=1 4 -4 -5 5 -7 -8
leaf_value=-0.009679412376135588 -0.017781178842609126 -0.013044093353673817 -0.0099047664812622754 0.015858900472945112 0.015731814618294055 -0.00077552862552993161 0.0078223844593826777
leaf_weight=28 30 30 26 44 39 291 47
leaf_count=28 30 30 26 44 39 291 47
internal_value=0 -0.00137666 0.00370273 0.0066758 -9.6135e-06 0.00117534 0.00128838
internal_weight=0 390 145 119 360 330 75
internal_count=535 390 145 119 360 330 75
is_linear=0
shrinkage=0.1


Tree=88
num_leaves=8
num_cat=0
split_feature=24 20 88 72 12 58 95
split_gain=0.248697 0.867933 0.906146 1.2918 0.655274 0.577534 0.838187
threshold=2.8617925509761908 2.9174053685313033 0.54202896733414585 0.2955326781819087 2.7403194616709965 1.8688348091416842 2.0126758453675748
decision_type=2 2 2 2 2 2 2
left_child=1 2 3 -1 -2 -6 -7
right_child=4 -3 -4 -5 5 6 -8
leaf_value=0.011049154409006038 -0.01372591112382137 0.016941893786618797 -0.014937080064732017 -0.014168388353261566 0.013459725633006674 -0.017790616671222129 0.00039256964988290655
leaf_weight=74 39 36 33 28 29 28 268
leaf_count=74 39 36 33 28 29 28 268
internal_value=0 0.00314566 -0.000533341 0.00412669 -0.00147777 -7.98941e-06 -0.00132746
internal_weight=0 171 135 102 364 325 296
internal_count=535 171 135 102 364 325 296
is_linear=0
shrinkage=0.1


Tree=89
num_leaves=9
num_cat=0
split_feature=86 86 17 54 14 48 64 20
split_gain=0.262527 0.834814 0.831035 1.06686 0.561735 1.05928 0.898895 0.520487
threshold=0.27456742417479296 0.10866339792416192 1.0000000180025095e-35 1.700598690831078 2.8617925509761908 1.2424533248940006 3.7465580822765028 3.0677824455408698
decision_type=2 2 2 2 2 2 2 2
left_child=1 4 -2 -4 5 -1 -6 -5
right_child=2 -3 3 7 6 -7 -8 -9
leaf_value=0.016581402434191355 -0.013331975668136563 -0.016382208250995192 0.023932954998543629 0.012292404090495486 -0.021276836017412801 -0.0010252018291896708 -0.00016095956266831815 -0.0011234670989061436
leaf_weight=45 28 35 26 38 28 142 72 121
leaf_count=45 28 35 26 38 28 142 72 121
internal_value=0 -0.00180166 0.00272363 0.00515367 -2.35402e-05 0.00321168 -0.0060734 0.00208284
internal_weight=0 322 213 185 287 187 100 159
internal_count=535 322 213 185 287 187 100 159
is_linear=0
shrinkage=0.1


Tree=90
num_leaves=9
num_cat=0
split_feature=19 19 16 27 32 100 46 70
split_gain=0.23923 1.21566 0.662441 0.612854 0.553802 1.09954 0.782244 0.244177
threshold=4.0342014792848504 4.2696729980286863 3.6242520361853052 3.9219243190762363 3.9607678160667752 5.0005339404374967 2.3502401828962087 4.4403982479612667
decision_type=2 2 2 2 2 2 2 2
left_child=3 -2 -3 4 6 -6 -1 -4
right_child=1 2 7 -5 5 -7 -8 -9
leaf_value=-0.0014827274335131272 0.021026419881250591 -0.013781228895869949 0.0077313189699780198 -0.014770182943151845 -0.019418883743958597 0.0046457109695954906 0.010008220687796851 -0.0035647858354833821
leaf_weight=201 31 31 50 31 39 37 84 31
leaf_count=201 31 31 50 31 39 37 84 31
internal_value=0 0.00350111 -0.00134965 -0.00127719 -0.000118512 -0.00770323 0.00190408 0.00340812
internal_weight=0 143 112 392 361 76 285 81
internal_count=535 143 112 392 361 76 285 81
is_linear=0
shrinkage=0.1


Tree=91
num_leaves=6
num_cat=0
split_feature=24 47 50 47 22
split_gain=0.243187 0.365656 0.639419 0.470772 0.484526
threshold=5.0430920195175792 4.4826034013851794 2.1383330595080281 4.0342014792848504 3.1132683346437333
decision_type=2 2 2 2 2
left_child=1 3 -3 4 -1
right_child=-2 2 -4 -5 -6
leaf_value=0.0010101220296520835 0.0080583208027694905 0.001301257201426086 -0.017146156911793001 0.010018055188529036 -0.0085992319853089392
leaf_weight=314 35 42 34 47 63
leaf_count=314 35 42 34 47 63
internal_value=0 -0.000564082 -0.00695153 0.000580838 -0.000595685
internal_weight=0 500 76 424 377
internal_count=535 500 76 424 377
is_linear=0
shrinkage=0.1


Tree=92
num_leaves=7
num_cat=0
split_feature=97 54 7 101 6 12
split_gain=0.224645 0.748413 0.419645 0.650012 0.542643 0.597079
threshold=1.0000000180025095e-35 1.700598690831078 1.8688348091416844 1.8041124150158796e-16 1.0408340855860844e-16 2.4414009612931857
decision_type=2 2 2 2 2 2
left_child=1 -1 3 -2 -4 -6
right_child=2 -3 4 -5 5 -7
leaf_value=0.0041398417098181591 -8.5564793899972397e-05 -0.017794663728480892 -0.011476028905954304 0.018392234714701774 0.01157661979933354 -0.00087671403050446853
leaf_weight=35 47 28 41 32 44 308
leaf_count=35 47 28 41 32 44 308
internal_value=0 -0.00560883 0.000748636 0.00739911 -0.000588229 0.000679953
internal_weight=0 63 472 79 393 352
internal_count=535 63 472 79 393 352
is_linear=0
shrinkage=0.1


Tree=93
num_leaves=8
num_cat=0
split_feature=25 37 56 58 4 54 5
split_gain=0.242303 0.783213 1.41973 0.495317 0.518588 0.502096 0.313337
threshold=1.7347234759768071e-16 3.794707603699266e-19 3.4460034610069994 1.3877787807814447e-15 2.3502401828962087 1.0000000180025095e-35 2.3502401828962087
decision_type=2 2 2 2 2 2 2
left_child=1 2 -1 5 -5 -2 -6
right_child=3 -3 -4 4 6 -7 -8
leaf_value=0.01569440383464098 0.00075269558777411785 -0.017919628048936525 -0.015550990384788469 -0.012732861227085513 0.0097367756042097305 0.019549678859335406 -0.00022443140288507196
leaf_weight=33 30 30 26 31 35 27 323
leaf_count=33 30 30 26 31 35 27 323
internal_value=0 -0.00476404 0.00192525 0.000950671 -0.000324995 0.00965653 0.00074943
internal_weight=0 89 59 446 389 57 358
internal_count=535 89 59 446 389 57 358
is_linear=0
shrinkage=0.1


Tree=94
num_leaves=9
num_cat=0
split_feature=24 14 9 53 24 30 101 51
split_gain=0.230639 0.637913 1.21469 0.966387 0.74604 0.634183 0.267584 0.431464
threshold=4.2268071048866842 2.3502401828962087 3.1984648276080736 2.8067696648759521 4.218847493575587e-15 2.249904835165133 2.740319461670996 3.1132683346437333
decision_type=2 2 2 2 2 2 2 2
left_child=1 3 -3 4 -1 -4 7 -2
right_child=6 2 5 -5 -6 -7 -8 -9
leaf_value=0.012686988784352671 0.0057920823372192088 -0.024210474137216807 0.011147514499466995 0.018846700197706623 -0.0028680433582741064 -0.0056296811777969257 0.0095318778337226545 -0.010069901116744237
leaf_weight=37 47 30 29 30 185 101 49 27
leaf_count=37 47 30 29 30 185 101 49 27
internal_value=0 -0.00113447 -0.00607271 0.00200092 -0.000275538 -0.00188708 0.00380002 4.60189e-06
internal_weight=0 412 160 252 222 130 123 74
internal_count=535 412 160 252 222 130 123 74
is_linear=0
shrinkage=0.1


Tree=95
num_leaves=6
num_cat=0
split_feature=28 45 55 72 88
split_gain=0.221395 0.711538 0.436794 0.479372 0.527465
threshold=3.2959746043559335e-16 4.5536491244391194e-18 1.8688348091416842 0.98967904156142683 0.53003753148509369
decision_type=2 2 2 2 2
left_child=1 -1 -2 4 -4
right_child=2 -3 3 -5 -6
leaf_value=-0.017504833424808804 0.012156689088911779 0.0056727606230057206 -0.0012770805446933942 -0.013034279896291318 0.00697477310176884
leaf_weight=27 31 26 322 27 102
leaf_count=27 31 26 322 27 102
internal_value=0 -0.00613469 0.000674562 -0.000114675 0.000708035
internal_weight=0 53 482 451 424
internal_count=535 53 482 451 424
is_linear=0
shrinkage=0.1


Tree=96
num_leaves=8
num_cat=0
split_feature=86 86 17 0 80 44 98
split_gain=0.212656 0.653728 0.629889 0.824957 0.489862 0.770611 0.397761
threshold=0.27456742417479296 0.10866339792416192 1.0000000180025095e-35 2.7403194616709965 2.1686453704162454 4.516324041782946 2.8029010331479989
decision_type=2 2 2 2 2 2 2
left_child=1 4 -2 -4 5 -1 -5
right_child=2 -3 3 6 -6 -7 -8
leaf_value=0.00034075792705768308 -0.011526811729917038 -0.014524129538663798 0.015539582542143764 -0.0041371903459851943 0.011614451516652481 -0.017826246244546314 0.006852690613289413
leaf_weight=229 28 35 50 78 32 26 57
leaf_count=229 28 35 50 78 32 26 57
internal_value=0 -0.00162152 0.00245132 0.00456693 -4.80362e-05 -0.00151156 0.000502982
internal_weight=0 322 213 185 287 255 135
internal_count=535 322 213 185 287 255 135
is_linear=0
shrinkage=0.1


Tree=97
num_leaves=6
num_cat=0
split_feature=64 44 98 36 67
split_gain=0.221161 0.429579 1.83217 0.627259 0.526316
threshold=1.845740117906997 1.8688348091416842 1.8688348091416846 2.524928003624769 3.4811217321331038
decision_type=2 2 2 2 2
left_child=-1 2 -2 -3 -5
right_child=1 3 -4 4 -6
leaf_value=-0.0069658765857595773 0.02772834882239944 -0.011515825270164877 -0.0049939581256529149 0.013219299551940733 -0.00038672681656817478
leaf_weight=42 28 47 44 31 343
leaf_count=42 28 47 44 31 343
internal_value=0 0.000593442 0.00773138 -0.000627299 0.000741045
internal_weight=0 493 72 421 374
internal_count=535 493 72 421 374
is_linear=0
shrinkage=0.1


Tree=98
num_leaves=7
num_cat=0
split_feature=22 18 18 14 22 84
split_gain=0.207974 0.630821 0.631507 1.19742 0.380144 0.187186
threshold=3.7726948748059121 3.2769667020129059 2.9174053685313033 2.602003343538398 4.166635176627655 0.57729828591890242
decision_type=2 2 2 2 2 2
left_child=1 2 3 -1 -2 -6
right_child=4 -3 -4 -5 5 -7
leaf_value=0.0010505471161228839 0.013324042151291524 -0.01187384894781528 0.011005257528123199 -0.017165805240411582 0.0049112644029914269 -0.0057594493489652393
leaf_weight=301 31 47 49 41 35 31
leaf_count=301 31 47 49 41 35 31
internal_value=0 -0.000927846 0.000387914 -0.00113328 0.00418966 -0.000100738
internal_weight=0 438 391 342 97 66
internal_count=535 438 391 342 97 66
is_linear=0
shrinkage=0.1


Tree=99
num_leaves=5
num_cat=0
split_feature=78 85 82 26
split_gain=0.199149 0.417398 0.428689 0.515965
threshold=1.7262282612305073 0.67937123015004797 1.3998690625020755 1.0000000180025095e-35
decision_type=2 2 2 2
left_child=1 2 3 -1
right_child=-2 -3 -4 -5
leaf_value=-0.0070221287940295226 0.0066970490918653773 -0.011247639199170996 -0.011323115999499957 0.002528971928468785
leaf_weight=67 41 34 30 363
leaf_count=67 41 34 30 363
internal_value=0 -0.000555828 0.000234436 0.00104078
internal_weight=0 494 460 430
internal_count=535 494 460 430
is_linear=0
shrinkage=0.1


end of trees

feature_importances:
Alabama_current=28
Puerto_Rico_roll_min_2=23
quarter_sin=22
Nevada_current=22
Puerto_Rico_lag_7=21
Puerto_Rico_lag_8=21
Puerto_Rico_roll_max_2=20
Puerto_Rico_roll_std_8=17
Nevada_lag_4=16
Georgia_lag_3=15
Puerto_Rico_roll_mean_2=15
month_sin=14
Georgia_lag_7=13
District_of_Columbia_current=13
Florida_current=13
Puerto_Rico_lag_4=12
Alabama_lag_12=12
Puerto_Rico_roll_max_4=12
New_Hampshire_current=12
Puerto_Rico_lag_10=11
Puerto_Rico_lag_12=11
Puerto_Rico_roll_std_4=11
Puerto_Rico_roll_max_12=11
Puerto_Rico_ewm_alpha_0.5=11
Vermont_current=11
Alabama_lag_2=10
Georgia_lag_12=10
Arizona_current=10
Puerto_Rico_lag_2=9
Georgia_lag_52=9
Puerto_Rico_roll_std_2=9
Puerto_Rico_roll_std_12=9
Puerto_Rico_cumulative_mean=9
Puerto_Rico_lag_6=8
Puerto_Rico_lag_9=8
Puerto_Rico_pct_change_1=8
Puerto_Rico_pct_change_8=8
Puerto_Rico_lag_1=7
Georgia_lag_1=7
Nevada_lag_10=7
Nevada_lag_52=7
Alabama_lag_52=7
quarter_cos=7
Georgia_current=7
Nevada_lag_1=6
Georgia_lag_5=6
Nevada_lag_5=6
Nevada_lag_6=6
Alabama_lag_8=6
Alabama_lag_11=6
Puerto_Rico_roll_mean_4=6
Puerto_Rico_roll_mean_12=6
Puerto_Rico_momentum_12=6
week_sin=6
month_cos=6
Puerto_Rico_lag_3=5
Nevada_lag_8=5
Georgia_lag_10=5
Puerto_Rico_lag_11=5
Nevada_lag_12=5
Puerto_Rico_lag_52=5
Puerto_Rico_roll_min_4=5
Puerto_Rico_ewm_alpha_0.3=5
Puerto_Rico_pct_change_4=5
Puerto_Rico_diff_8=5
Georgia_lag_2=4
Nevada_lag_2=4
Puerto_Rico_lag_5=4
Nevada_lag_7=4
Alabama_lag_7=4
Puerto_Rico_roll_min_12=4
Alabama_lag_3=3
Alabama_lag_5=3
Nevada_lag_9=3
Alabama_lag_10=3
Puerto_Rico_roll_mean_8=3
Puerto_Rico_roll_max_8=3
Puerto_Rico_diff_2=3
Puerto_Rico_pct_change_52=3
Puerto_Rico_momentum_4=3
Puerto_Rico_momentum_8=3
week_cos=3
Connecticut_current=3
Alabama_lag_1=2
Alabama_lag_4=2
Alabama_lag_6=2
Alabama_lag_9=2
Georgia_lag_11=2
Puerto_Rico_roll_min_8=2
Puerto_Rico_pct_change_2=2
Puerto_Rico_diff_52=2
Nevada_lag_3=1
Georgia_lag_4=1
Georgia_lag_8=1
Georgia_lag_9=1
Puerto_Rico_ewm_alpha_0.1=1
Puerto_Rico_diff_1=1
Puerto_Rico_diff_4=1

parameters:
[boosting: gbdt]
[objective: regression]
[metric: l1]
[tree_learner: serial]
[device_type: cpu]
[data_sample_strategy: bagging]
[data: ]
[valid: ]
[num_iterations: 100]
[learning_rate: 0.1]
[num_leaves: 16]
[num_threads: 16]
[seed: 0]
[deterministic: 0]
[force_col_wise: 0]
[force_row_wise: 0]
[histogram_pool_size: -1]
[max_depth: 4]
[min_data_in_leaf: 26]
[min_sum_hessian_in_leaf: 0.001]
[bagging_fraction: 1]
[pos_bagging_fraction: 1]
[neg_bagging_fraction: 1]
[bagging_freq: 0]
[bagging_seed: 3]
[feature_fraction: 1]
[feature_fraction_bynode: 1]
[feature_fraction_seed: 2]
[extra_trees: 0]
[extra_seed: 6]
[early_stopping_round: 0]
[first_metric_only: 0]
[max_delta_step: 0]
[lambda_l1: 0]
[lambda_l2: 0]
[linear_lambda: 0]
[min_gain_to_split: 0]
[drop_rate: 0.1]
[max_drop: 50]
[skip_drop: 0.5]
[xgboost_dart_mode: 0]
[uniform_drop: 0]
[drop_seed: 4]
[top_rate: 0.2]
[other_rate: 0.1]
[min_data_per_group: 100]
[max_cat_threshold: 32]
[cat_l2: 10]
[cat_smooth: 10]
[max_cat_to_onehot: 4]
[top_k: 20]
[monotone_constraints: ]
[monotone_constraints_method: basic]
[monotone_penalty: 0]
[feature_contri: ]
[forcedsplits_filename: ]
[refit_decay_rate: 0.9]
[cegb_tradeoff: 1]
[cegb_penalty_split: 0]
[cegb_penalty_feature_lazy: ]
[cegb_penalty_feature_coupled: ]
[path_smooth: 0]
[interaction_constraints: ]
[verbosity: -1]
[saved_feature_importance_type: 0]
[use_quantized_grad: 0]
[num_grad_quant_bins: 4]
[quant_train_renew_leaf: 0]
[stochastic_rounding: 1]
[linear_tree: 0]
[max_bin: 255]
[max_bin_by_feature: ]
[min_data_in_bin: 3]
[bin_construct_sample_cnt: 200000]
[data_random_seed: 1]
[is_enable_sparse: 1]
[enable_bundle: 1]
[use_missing: 1]
[zero_as_missing: 0]
[feature_pre_filter: 1]
[pre_partition: 0]
[two_round: 0]
[header: 0]
[label_column: ]
[weight_column: ]
[group_column: ]
[ignore_column: ]
[categorical_feature: ]
[forcedbins_filename: ]
[precise_float_parser: 0]
[parser_config_file: ]
[objective_seed: 5]
[num_class: 1]
[is_unbalance: 0]
[scale_pos_weight: 1]
[sigmoid: 1]
[boost_from_average: 1]
[reg_sqrt: 0]
[alpha: 0.9]
[fair_c: 1]
[poisson_max_delta_step: 0.7]
[tweedie_variance_power: 1.5]
[lambdarank_truncation_level: 30]
[lambdarank_norm: 1]
[label_gain: ]
[lambdarank_position_bias_regularization: 0]
[eval_at: ]
[multi_error_top_k: 1]
[auc_mu_weights: ]
[num_machines: 1]
[local_listen_port: 12400]
[time_out: 120]
[machine_list_filename: ]
[machines: ]
[gpu_platform_id: -1]
[gpu_device_id: -1]
[gpu_use_dp: 0]
[num_gpu: 1]

end of parameters

pandas_categorical:[]
