tree
version=v4
num_class=1
num_tree_per_iteration=1
label_index=0
max_feature_idx=57
objective=regression
feature_names=Column_0 Column_1 Column_2 Column_3 Column_4 Column_5 Column_6 Column_7 Column_8 Column_9 Column_10 Column_11 Column_12 Column_13 Column_14 Column_15 Column_16 Column_17 Column_18 Column_19 Column_20 Column_21 Column_22 Column_23 Column_24 Column_25 Column_26 Column_27 Column_28 Column_29 Column_30 Column_31 Column_32 Column_33 Column_34 Column_35 Column_36 Column_37 Column_38 Column_39 Column_40 Column_41 Column_42 Column_43 Column_44 Column_45 Column_46 Column_47 Column_48 Column_49 Column_50 Column_51 Column_52 Column_53 Column_54 Column_55 Column_56 Column_57
feature_infos=[0:5.4467373716663099] [0:5.4467373716663099] [0:5.4467373716663099] [0:5.4467373716663099] [0:5.4467373716663099] [0:4.9052747784384296] [0:5.9914645471079817] [0:6.6240652277998935] [0:7.1823521118852627] [0:8.427706024914702] [0:7.4960973451759561] [0:7.1308988302963465] [0:6.2878585601617845] [0:6.4630294569206699] [0:7.9540210872780372] [0:4.9052747784384296] [0:5.9480349891806457] [0:6.6240652277998935] [0:7.1823521118852627] [0:8.427706024914702] [0:7.4960973451759561] [0:7.1308988302963465] [0:6.2878585601617845] [0:6.4630294569206699] [0:7.9540210872780372] [0:4.9052747784384296] [0:5.7714411231300158] [0:6.6240652277998935] [0:7.1823521118852627] [0:8.427706024914702] [0:7.4960973451759561] [0:7.1308988302963465] [0:6.2878585601617845] [0:6.4630294569206699] [0:7.9540210872780372] [0:4.9052747784384296] [0:5.7714411231300158] [0:6.6240652277998935] [0:7.1823521118852627] [0:8.427706024914702] [0:7.4960973451759561] [0:7.1308988302963465] [0:6.2878585601617845] [0:6.4630294569206699] [0:7.9540210872780372] [0:4.9052747784384296] [0:5.7714411231300158] [0:6.6240652277998935] [0:7.1823521118852627] [0:8.427706024914702] [0:7.4960973451759561] [0:7.1308988302963465] [0:6.2878585601617845] [0:6.4630294569206699] [0:7.9540210872780372] [0.69314718055994529:3.970291913552122] [0.69314718055994529:3.970291913552122] [0.69314718055994529:3.970291913552122]
tree_sizes=851 882 877 885 882 885 892 882 886 887 885 880 887 888 884 900 901 885 893 896 891 881 897 898 904 900 903 903 900 891 905 902 902 816 897 815 898 897 905 905 905 892 740 913 825 915 738 917 821 827 817 823 750 903 750 917 658 739 909 825 660 824 911 741 829 832 662 739 830 742 660 918 924 662 663 662 917 739 917 659 837 915 830 914 662 745 921 908 926 921 668 914 916 748 920 835 662 748 913 834

Tree=0
num_leaves=9
num_cat=0
split_feature=12 0 11 55 56 10 7 6
split_gain=499.103 96.3869 54.1553 27.0666 18.2655 23.1328 14.0953 13.0539
threshold=3.6242520361853052 1.4978661367769959 5.3565751495927474 3.7256208424938388 3.8393944990995772 4.8789996228937618 2.6735537653587347 3.1984648276080736
decision_type=2 2 2 2 2 2 2 2
left_child=1 3 7 6 5 -3 -1 -2
right_child=2 4 -4 -5 -6 -7 -8 -9
leaf_value=1.2754826774421424 1.4711246352252403 1.3379668012374206 1.6923842910770968 1.364662978906785 1.4926589311462577 1.4462010959239819 1.3387053955631045 1.5458739880825345
leaf_weight=196 33 40 23 55 23 39 43 80
leaf_count=196 33 40 23 55 23 39 43 80
internal_value=1.38723 1.33047 1.55251 1.30141 1.41423 1.3914 1.28686 1.52404
internal_weight=0 396 136 294 102 79 239 113
internal_count=532 396 136 294 102 79 239 113
is_linear=0
shrinkage=1


Tree=1
num_leaves=9
num_cat=0
split_feature=7 55 11 12 9 36 33 12
split_gain=407.019 63.684 60.8153 27.2544 19.7503 14.4375 10.9328 7.63662
threshold=3.4811217321331038 3.7494348669884658 5.3565751495927474 3.6505739029280164 5.0072908000208587 3.1918911957973251e-16 2.0126758453675753 4.5642939350519631
decision_type=2 2 2 2 2 2 2 2
left_child=1 4 3 -2 -1 -3 -7 -5
right_child=2 5 -4 7 -6 6 -8 -9
leaf_value=-0.093395908482103468 0.047580302239706121 -0.043566851442058879 0.27463450379993604 0.11260928225613409 -0.0075086960941553125 0.093947680349703189 0.00012543042716772659 0.17158198006012862
leaf_weight=249 60 24 23 62 30 27 23 34
leaf_count=249 60 24 23 62 30 27 23 34
internal_value=0 -0.062286 0.122832 0.100451 -0.0841607 0.0201874 0.0507894 0.133495
internal_weight=0 353 179 156 279 74 50 96
internal_count=532 353 179 156 279 74 50 96
is_linear=0
shrinkage=0.1


Tree=2
num_leaves=9
num_cat=0
split_feature=7 55 11 13 46 22 10 8
split_gain=333.588 69.2112 40.5385 26.757 17.1957 11.1005 10.5321 5.27945
threshold=3.7494348669884658 3.795426061844291 5.1208719554754216 2.0126758453675753 0.69314718055994484 4.5642939350519631 3.4175922930736511 4.6491756246494491
decision_type=2 2 2 2 2 2 2 2
left_child=1 3 5 -1 -3 7 -5 -2
right_child=2 4 -4 6 -6 -7 -8 -9
leaf_value=-0.08700929580492224 0.05230284261126672 -0.024006267078220844 0.24548276710944872 -0.078235640252629912 0.082102585060610661 0.1535064422723019 -0.00038876382131425161 0.10284564461119683
leaf_weight=229 31 24 24 24 42 33 63 62
leaf_count=229 31 24 24 24 42 33 63 62
internal_value=0 -0.0496207 0.126367 -0.0690737 0.0435175 0.103679 -0.0218638 0.085998
internal_weight=0 382 150 316 66 126 87 93
internal_count=532 382 150 316 66 126 87 93
is_linear=0
shrinkage=0.1


Tree=3
num_leaves=9
num_cat=0
split_feature=6 55 11 22 13 49 36 12
split_gain=274.547 42.7552 42.0311 26.4879 10.4289 8.98355 8.47833 6.93626
threshold=2.6735537653587347 3.7494348669884658 5.3565751495927474 3.5972184255501678 2.249904835165133 5.8289412923319839 2.0816681711721688e-16 3.1567740231385479
decision_type=2 2 2 2 2 2 2 2
left_child=1 4 3 7 -1 -5 -3 -2
right_child=2 6 -4 5 -6 -7 -8 -9
leaf_value=-0.080250953355955792 -0.014223105980083348 -0.032952730693012626 0.21932740020751954 0.12951097328267577 -0.029677534321323036 0.064378564519186818 0.037213601955377006 0.05607687314623036
leaf_weight=221 25 26 25 72 50 30 51 32
leaf_count=221 25 26 25 72 50 30 51 32
internal_value=0 -0.0522362 0.0987946 0.079843 -0.0709201 0.110354 0.0135211 0.0252435
internal_weight=0 348 184 159 271 102 77 57
internal_count=532 348 184 159 271 102 77 57
is_linear=0
shrinkage=0.1


Tree=4
num_leaves=9
num_cat=0
split_feature=7 55 11 13 46 12 10 54
split_gain=223.066 46.4806 27.7791 16.3657 11.8625 9.40981 7.38368 6.68013
threshold=3.7256208424938388 3.795426061844291 5.1208719554754216 2.0126758453675753 0.69314718055994484 3.5972184255501678 3.4175922930736511 4.3882378946731615
decision_type=2 2 2 2 2 2 2 2
left_child=1 3 5 -1 -3 -2 -5 -7
right_child=2 4 -4 6 -6 7 -8 -9
leaf_value=-0.070984445385407144 0.039273575118609842 -0.021900287515524291 0.20070181929816805 -0.066591082280501729 0.067441744409351106 0.14312714515970304 -0.0011160885167048604 0.083531382833333584
leaf_weight=229 35 23 24 24 42 26 61 68
leaf_count=229 35 23 24 24 42 26 61 68
internal_value=0 -0.0411421 0.101914 -0.0570755 0.0358284 0.083535 -0.0196031 0.100015
internal_weight=0 379 153 314 65 129 85 94
internal_count=532 379 153 314 65 129 85 94
is_linear=0
shrinkage=0.1


Tree=5
num_leaves=9
num_cat=0
split_feature=6 11 55 22 49 13 26 0
split_gain=184.624 28.1922 28.1123 17.3329 6.85378 6.40651 6.12295 5.33871
threshold=2.6735537653587347 5.3565751495927474 3.7494348669884658 3.5972184255501678 5.8289412923319839 2.249904835165133 7.2164496600635165e-16 2.0126758453675753
decision_type=2 2 2 2 2 2 2 2
left_child=2 3 5 7 -5 -1 -4 -2
right_child=1 -3 6 4 -6 -7 -8 -9
leaf_value=-0.06529939918003437 -0.010932415944558604 0.17973087185621262 -0.027889022962362682 0.10690843119648182 0.050018137345711394 -0.025661182249896233 0.031207103062421082 0.050360910097757977
leaf_weight=221 27 25 27 72 30 50 50 30
leaf_count=221 27 25 27 72 30 50 50 30
internal_value=0 0.0810156 -0.0428358 0.0654944 0.090176 -0.0579861 0.0104851 0.0213272
internal_weight=0 184 348 159 102 271 77 57
internal_count=532 184 348 159 102 271 77 57
is_linear=0
shrinkage=0.1


Tree=6
num_leaves=9
num_cat=0
split_feature=0 12 11 55 49 31 1 6
split_gain=149.999 32.1666 16.0095 10.9217 10.6353 9.48047 5.33188 5.12054
threshold=2.3502401828962087 3.3140206880897671 5.3565751495927474 3.7256208424938388 5.7807387527761973 3.9796379800581989 6.3837823915946491e-16 1.2424533248940006
decision_type=2 2 2 2 2 2 2 2
left_child=1 3 4 7 -2 -3 -5 -1
right_child=2 5 -4 6 -6 -7 -8 -9
leaf_value=-0.06533929249162139 0.095852885545267691 0.0017188440097252958 0.16588298106647059 -0.039281217324045992 0.031200212808816061 0.077265567905627774 0.021685439348220828 -0.037090286605737426
leaf_weight=154 77 46 23 26 38 26 32 110
leaf_count=154 77 46 23 26 38 26 32 110
internal_value=0 -0.0314254 0.0897217 -0.0449365 0.0744894 0.0289996 -0.00564444 -0.0535689
internal_weight=0 394 138 322 115 72 58 264
internal_count=532 394 138 322 115 72 58 264
is_linear=0
shrinkage=0.1


Tree=7
num_leaves=9
num_cat=0
split_feature=7 55 11 10 0 0 45 13
split_gain=124.196 25.5925 14.6035 10.4027 7.51015 5.59747 8.81628 4.2856
threshold=3.7494348669884658 3.795426061844291 5.1208719554754216 4.8903208612686422 1.4978661367769959 3.1567740231385479 2.524928003624769 2.0126758453675753
decision_type=2 2 2 2 2 2 2 2
left_child=1 3 5 7 -3 6 -2 -1
right_child=2 4 -4 -5 -6 -7 -8 -9
leaf_value=-0.053774490818974723 0.070106077020318486 -0.0017078230969416791 0.14859795228888592 0.022652727527462918 0.066901330580865892 0.096813324093818667 0.0010523353058558246 -0.024977446631041927
leaf_weight=226 64 39 24 23 27 36 26 67
leaf_count=226 64 39 24 23 27 36 26 67
internal_value=0 -0.0302769 0.0771052 -0.042106 0.0263596 0.0634875 0.0501572 -0.0471895
internal_weight=0 382 150 316 66 126 90 293
internal_count=532 382 150 316 66 126 90 293
is_linear=0
shrinkage=0.1


Tree=8
num_leaves=9
num_cat=0
split_feature=6 12 55 49 11 0 26 16
split_gain=102.534 15.8719 14.9917 10.0503 9.29352 6.22813 4.29534 3.79313
threshold=2.6735537653587347 4.135134555718313 3.7494348669884658 5.6987685299480466 4.6298509007569537 2.0126758453675753 7.2164496600635165e-16 0.6931471805599454
decision_type=2 2 2 2 2 2 2 2
left_child=2 3 7 5 -3 -2 -4 -1
right_child=1 4 6 -5 -6 -7 -8 -9
leaf_value=-0.05443035900858896 0.023513219704230627 0.069511456967427818 -0.025125194044300803 -0.0099242779825414948 0.14053521117678397 0.086025998598950756 0.024371628191322089 -0.030755703362906422
leaf_weight=140 30 58 27 35 27 34 50 131
leaf_count=140 30 58 27 35 27 34 50 131
internal_value=0 0.0603753 -0.0319225 0.0331609 0.0920719 0.0567231 0.0070156 -0.0429862
internal_weight=0 184 348 99 85 64 77 271
internal_count=532 184 348 99 85 64 77 271
is_linear=0
shrinkage=0.1


Tree=9
num_leaves=9
num_cat=0
split_feature=12 9 11 13 49 55 39 24
split_gain=83.6427 17.8012 8.49765 6.85218 6.60351 6.54606 4.98867 3.6219
threshold=3.6242520361853052 4.7405652883788738 5.3565751495927474 1.386294361119891 4.791641144189394 2.6735537653587347 3.6762205501217919 4.3882378946731615
decision_type=2 2 2 2 2 2 2 2
left_child=1 3 -2 7 -3 -6 -5 -1
right_child=2 4 -4 6 5 -7 -8 -9
leaf_value=-0.051986462768535462 0.056383381231762147 0.05597451248113066 0.12306649241110552 0.014532941000888477 0.039496872172905852 -0.020575789701882362 -0.033316265744209851 -0.009733506632239923
leaf_weight=172 113 25 23 37 26 60 53 23
leaf_count=172 113 25 23 37 26 60 53 23
internal_value=0 -0.023237 0.0676607 -0.0364687 0.0107363 -0.00241429 -0.0136449 -0.0470028
internal_weight=0 396 136 285 111 86 90 195
internal_count=532 396 136 285 111 86 90 195
is_linear=0
shrinkage=0.1


Tree=10
num_leaves=9
num_cat=0
split_feature=7 55 11 0 13 54 55 29
split_gain=69.4959 15.1835 8.02353 7.09949 5.47085 4.60654 5.09614 3.21865
threshold=3.7494348669884658 3.8393944990995772 4.9903400241830171 1.4978661367769959 2.249904835165133 4.3882378946731615 2.4414009612931857 5.6767479380942811
decision_type=2 2 2 2 2 2 2 2
left_child=1 4 5 -3 -1 -2 7 -7
right_child=2 3 -4 -5 -6 6 -8 -9
leaf_value=-0.037270817419630474 0.079768521664664152 -0.0069460696130990984 0.10818606546291938 0.070037908835903467 -0.0070202756291016556 0.083807344491715022 0.0076638354824880434 0.034434367253655389
leaf_weight=256 32 25 26 23 78 23 38 31
leaf_count=256 32 25 26 23 78 23 38 31
internal_value=0 -0.0226484 0.0576779 0.0299421 -0.0302063 0.0470875 0.0357202 0.0554636
internal_weight=0 382 150 48 334 124 92 54
internal_count=532 382 150 48 334 124 92 54
is_linear=0
shrinkage=0.1


Tree=11
num_leaves=9
num_cat=0
split_feature=6 12 55 49 57 31 10 36
split_gain=57.7458 8.83724 8.50909 7.98751 6.70803 3.9899 3.68599 3.31188
threshold=2.6735537653587347 4.135134555718313 3.7494348669884658 5.6987685299480466 2.249904835165133 3.8176519431297078 5.577753693916776 2.0816681711721688e-16
decision_type=2 2 2 2 2 2 2 2
left_child=2 3 -1 5 6 -2 -3 -4
right_child=1 4 7 -5 -6 -7 -8 -9
leaf_value=-0.032291657699558135 0.023987672560744817 0.067045056298375136 -0.023667438643483016 -0.013407686115907771 0.036963623575866224 0.074319260540817472 0.12251578180686287 0.020186720010550583
leaf_weight=271 36 25 26 35 37 28 23 51
leaf_count=271 36 25 26 35 37 28 23 51
internal_value=0 0.0453091 -0.0239565 0.0250023 0.0689605 0.0460077 0.0936248 0.00537882
internal_weight=0 184 348 99 85 64 48 77
internal_count=532 184 348 99 85 64 48 77
is_linear=0
shrinkage=0.1


Tree=12
num_leaves=9
num_cat=0
split_feature=0 7 53 21 55 44 41 32
split_gain=48.1676 9.85966 7.39737 8.37957 6.75075 3.45651 2.6782 2.36983
threshold=2.3502401828962087 3.8176519431297078 4.465643813111229 4.5271940351011493 3.7256208424938388 2.0126758453675748 3.7726948748059121 2.8029010331479989
decision_type=2 2 2 2 2 2 2 2
left_child=1 4 3 -2 7 -6 -7 -1
right_child=2 -3 -4 -5 5 6 -8 -9
leaf_value=-0.035742525909889016 0.048861052840948105 0.035398274793988098 0.0095441381362351505 0.11716324952633486 -0.03122722946269357 -0.0021081913256635653 0.040349255141336471 -0.014824440427174844
leaf_weight=202 82 32 33 23 23 39 24 74
leaf_count=202 82 32 33 23 23 39 24 74
internal_value=0 -0.0178079 0.0508429 0.0638225 -0.0225112 0.00195275 0.0140661 -0.0301341
internal_weight=0 394 138 105 362 86 63 276
internal_count=532 394 138 105 362 86 63 276
is_linear=0
shrinkage=0.1


Tree=13
num_leaves=9
num_cat=0
split_feature=0 22 53 11 7 41 13 55
split_gain=39.0157 8.14643 5.99187 7.07558 4.99664 5.22118 3.71767 5.10535
threshold=2.3502401828962087 2.740319461670996 4.465643813111229 4.5485858369352732 3.8393944990995772 3.8176519431297078 1.700598690831078 3.4811217321331038
decision_type=2 2 2 2 2 2 2 2
left_child=1 6 3 -2 5 -3 -1 -8
right_child=2 4 -4 -5 -6 -7 7 -9
leaf_value=-0.034506257210191481 0.043692115622731613 -0.021179481632342297 0.0085897241013519702 0.10645528299653012 0.039253039007749541 0.022002758558041284 -0.041227972857735079 0.020146211110775109
leaf_weight=183 82 84 33 23 29 42 23 33
leaf_count=183 82 84 33 23 29 42 23 33
internal_value=0 -0.0160271 0.0457586 0.0574402 0.00182824 -0.0067854 -0.027607 -0.00506104
internal_weight=0 394 138 105 155 126 239 56
internal_count=532 394 138 105 155 126 239 56
is_linear=0
shrinkage=0.1


Tree=14
num_leaves=9
num_cat=0
split_feature=6 11 55 49 7 0 34 46
split_gain=31.6038 6.49325 4.73289 4.26604 4.08552 3.30975 2.80188 2.19509
threshold=2.6735537653587347 5.3565751495927474 3.7494348669884658 5.6767479380942811 4.135134555718313 2.0126758453675753 4.5900436644025815 3.1918911957973251e-16
decision_type=2 2 2 2 2 2 2 2
left_child=2 3 -1 5 -5 -2 -7 -4
right_child=1 -3 7 4 -6 6 -8 -9
leaf_value=-0.023939159942783991 0.011741833416219321 0.080894407539162785 -0.017566712140426811 -0.026929173308114215 0.02633588423810175 0.075429287825578034 0.034184394163312391 0.017279216282380126
leaf_weight=271 31 25 29 24 36 28 40 48
leaf_count=271 31 25 29 24 36 28 40 48
internal_value=0 0.0335193 -0.0177228 0.0260703 0.00502986 0.0388221 0.0511676 0.00415543
internal_weight=0 184 348 159 60 99 68 77
internal_count=532 184 348 159 60 99 68 77
is_linear=0
shrinkage=0.1


Tree=15
num_leaves=9
num_cat=0
split_feature=7 55 54 57 51 14 5 3
split_gain=26.6616 6.34345 4.94736 5.75011 5.97124 3.38132 2.82688 2.39337
threshold=3.7256208424938388 3.8606743063089755 4.3882378946731615 2.6735537653587347 4.6298509007569537 3.6505739029280169 2.466559942404523e-18 1.612750731572188e-18
decision_type=2 2 2 2 2 2 2 2
left_child=1 5 -2 4 -4 7 -7 -1
right_child=2 -3 3 -5 -6 6 -8 -9
leaf_value=-0.036450856116346339 0.06597797543001481 0.024531339454513634 0.021766272350214423 -0.012864464228235496 0.081558274283357296 0.024624090142548086 -0.012971679152920843 -0.015394538448231718
leaf_weight=110 39 38 61 30 23 25 100 106
leaf_count=110 39 38 61 30 23 25 100 106
internal_value=0 -0.0142237 0.0352339 0.0247162 0.0381379 -0.0185425 -0.00545253 -0.0261177
internal_weight=0 379 153 114 84 341 125 216
internal_count=532 379 153 114 84 341 125 216
is_linear=0
shrinkage=0.1


Tree=16
num_leaves=9
num_cat=0
split_feature=0 6 45 53 21 0 6 2
split_gain=21.7778 5.64245 6.31267 4.44053 4.68764 4.12692 3.52748 3.00464
threshold=2.3502401828962087 1.2424533248940006 2.3502401828962087 4.465643813111229 4.5271940351011493 6.3837823915946491e-16 3.0677824455408698 3.4694469519536137e-16
decision_type=2 2 2 2 2 2 2 2
left_child=1 5 6 4 -2 -1 7 -3
right_child=3 2 -4 -5 -6 -7 -8 -9
leaf_value=-0.034278432168066503 0.033052977988859866 0.025900082138832659 -0.033452567036891749 0.0021894225173375824 0.084138854196214155 -0.0044348731585260896 0.045156118227168918 -0.0073361355405958256
leaf_weight=130 82 40 43 33 23 72 24 85
leaf_count=130 82 40 43 33 23 72 24 85
internal_value=0 -0.0119741 0.000300616 0.0341869 0.0442432 -0.0236411 0.0100415 0.00329945
internal_weight=0 394 192 138 105 202 149 125
internal_count=532 394 192 138 105 202 149 125
is_linear=0
shrinkage=0.1


Tree=17
num_leaves=9
num_cat=0
split_feature=8 56 55 48 5 14 19 37
split_gain=18.1124 5.14341 3.37959 5.91356 4.02492 2.41615 3.98352 3.38215
threshold=4.4716224665663962 3.8815106545092593 2.249904835165133 4.166635176627655 2.8029010331479989 3.6505739029280169 5.2443855436100657 3.4811217321331038
decision_type=2 2 2 2 2 2 2 2
left_child=1 5 4 -4 -2 -1 7 -7
right_child=2 -3 3 -5 -6 6 -8 -9
leaf_value=-0.021538052131280887 0.014308317413087935 0.031027009150980472 0.060523085294635563 0.0020773453000999457 0.066357133699915347 -0.0057754786597455253 -0.042213062553302101 0.036734844643312198
leaf_weight=218 24 26 23 70 39 85 23 24
leaf_count=218 24 26 23 70 39 85 23 24
internal_value=0 -0.011885 0.028646 0.0165317 0.046529 -0.0150728 -0.0043953 0.00358459
internal_weight=0 376 156 93 63 350 132 109
internal_count=532 376 156 93 63 350 132 109
is_linear=0
shrinkage=0.1


Tree=18
num_leaves=9
num_cat=0
split_feature=7 14 54 55 55 3 48 0
split_gain=15.1397 4.03228 3.51936 4.04766 3.07666 3.63635 4.01721 2.88473
threshold=3.7256208424938388 5.0688844241303981 4.3882378946731615 2.4414009612931857 3.4811217321331038 1.612750731572188e-18 2.9700856263602162 3.2384861814448418
decision_type=2 2 2 2 2 2 2 2
left_child=1 4 -2 7 -1 -6 -7 -4
right_child=2 -3 3 -5 5 6 -8 -9
leaf_value=-0.022729571673919688 0.052480972775568568 0.028095512749627235 0.015945363955106588 -0.0052301030588316044 -0.019650707467470642 0.029536942887352782 -0.011592663018196385 0.057795620150864126
leaf_weight=178 39 25 40 46 81 48 47 28
leaf_count=178 39 25 40 46 81 48 47 28
internal_value=0 -0.0107184 0.0265508 0.0176799 -0.0134595 -0.00408403 0.00918861 0.0331778
internal_weight=0 379 153 114 354 176 95 68
internal_count=532 379 153 114 354 176 95 68
is_linear=0
shrinkage=0.1


Tree=19
num_leaves=9
num_cat=0
split_feature=0 6 45 43 55 0 32 7
split_gain=12.7484 3.66457 4.49782 3.29446 5.27705 2.91866 2.68067 2.36955
threshold=2.3502401828962087 1.2424533248940006 2.3502401828962087 3.5972184255501678 2.524928003624769 6.3837823915946491e-16 4.5642939350519631 3.8176519431297078
decision_type=2 2 2 2 2 2 2 2
left_child=1 5 7 -2 6 -1 -5 -3
right_child=3 2 -4 4 -6 -7 -8 -9
leaf_value=-0.027509439334915866 0.043773236138125261 0.0035650411724216409 -0.02776043161230032 0.0074017671123147019 -0.024179109648013345 -0.0024119948851875962 0.052845250403818989 0.038469168096375857
leaf_weight=130 60 126 43 25 26 72 27 23
leaf_count=130 60 126 43 25 26 72 27 23
internal_value=0 -0.00916143 0.000730664 0.0261565 0.0126052 -0.0185638 0.0309974 0.00895293
internal_weight=0 394 192 138 78 202 52 149
internal_count=532 394 192 138 78 202 52 149
is_linear=0
shrinkage=0.1


Tree=20
num_leaves=9
num_cat=0
split_feature=0 57 38 43 55 13 48 14
split_gain=10.3601 3.12941 3.01037 2.95844 3.87762 1.99142 1.98211 2.81296
threshold=2.4414009612931857 3.8393944990995772 3.7256208424938388 3.6505739029280164 2.249904835165133 3.1132683346437333 4.0517471391904856 3.6505739029280169
decision_type=2 2 2 2 2 2 2 2
left_child=1 5 -3 -2 -5 6 7 -1
right_child=3 2 -4 4 -6 -7 -8 -9
leaf_value=-0.016638178855278775 0.041759579058475139 0.033463372002271091 -0.01030522057476143 0.036248018594712696 -0.010607764954482646 0.0093252890941221273 -0.032181067736102985 0.0083582679093894326
leaf_weight=190 57 33 30 33 38 40 52 59
leaf_count=190 57 33 30 33 38 40 52 59
internal_value=0 -0.00785491 0.0126212 0.0247921 0.0111703 -0.0116379 -0.0144237 -0.0107153
internal_weight=0 404 63 128 71 341 301 249
internal_count=532 404 63 128 71 341 301 249
is_linear=0
shrinkage=0.1


Tree=21
num_leaves=9
num_cat=0
split_feature=7 43 55 26 11 32 38 7
split_gain=8.79584 2.73291 4.52861 2.79335 2.60593 2.39717 2.13072 4.96897
threshold=3.3842466058243152 3.5694334999727624 2.602003343538398 2.524928003624769 4.1510089048756029 3.8284050457401895 3.7256208424938388 2.249904835165133
decision_type=2 2 2 2 2 2 2 2
left_child=6 3 4 -2 -3 -5 7 -1
right_child=1 2 -4 5 -6 -7 -8 -9
leaf_value=-0.01227538429255433 0.0092387657271834414 0.0015509794945969728 -0.026864801499371729 0.06837429478764534 0.043028244918345344 0.02631885306274688 -0.023351890449079551 0.021353352761694366
leaf_weight=204 41 33 30 23 28 33 84 56
leaf_count=204 41 33 30 23 28 33 84 56
internal_value=0 0.0173933 0.00494538 0.0290713 0.0205897 0.0435916 -0.00950567 -0.00503227
internal_weight=0 188 91 97 61 56 344 260
internal_count=532 188 91 97 61 56 344 260
is_linear=0
shrinkage=0.1


Tree=22
num_leaves=9
num_cat=0
split_feature=32 11 53 10 31 56 24 14
split_gain=7.62824 3.84298 4.04702 3.01321 2.39075 2.97138 2.22864 1.80204
threshold=2.8029010331479989 5.4592594685224478 0.69314718055994573 5.1445790166580574 4.2413008733233104 3.7494348669884658 4.5900436644025815 4.7833076179467886
decision_type=2 2 2 2 2 2 2 2
left_child=4 2 -2 7 5 -1 -5 -4
right_child=1 -3 3 6 -6 -7 -8 -9
leaf_value=-0.014497385334676852 0.043146139126399474 0.050705408523588083 -0.015678239522938741 0.041731159568119514 -0.041135523898097187 0.014908199963558997 0.0075103979012773135 0.0092802592429021991
leaf_weight=189 29 23 81 26 26 42 71 45
leaf_count=189 29 23 81 26 26 42 71 45
internal_value=0 0.0115759 0.00800461 0.00343463 -0.0123867 -0.00915092 0.016683 -0.00676449
internal_weight=0 275 252 223 257 231 97 126
internal_count=532 275 252 223 257 231 97 126
is_linear=0
shrinkage=0.1


Tree=23
num_leaves=9
num_cat=0
split_feature=32 11 53 10 49 31 56 8
split_gain=6.17887 3.11281 3.27808 2.4407 2.0311 1.93651 2.40682 1.64342
threshold=2.8029010331479989 5.4592594685224478 0.69314718055994573 5.1445790166580574 5.8790874357333278 4.2413008733233104 3.7494348669884658 7.8929918156944735e-17
decision_type=2 2 2 2 2 2 2 2
left_child=5 2 -2 -4 -5 6 7 -1
right_child=1 -3 3 4 -6 -7 -8 -9
leaf_value=0.0020880490828018923 0.038831525329693126 0.045634867283313174 -0.006088040929125061 0.023311726752132791 -0.010222187234709662 -0.03702197200976886 0.013417379814200103 -0.018792581858018239
leaf_weight=52 29 23 126 73 24 26 42 137
leaf_count=52 29 23 126 73 24 26 42 137
internal_value=0 0.0104184 0.00720415 0.00309117 0.0150147 -0.011148 -0.00823582 -0.0130476
internal_weight=0 275 252 223 97 257 231 189
internal_count=532 275 252 223 97 257 231 189
is_linear=0
shrinkage=0.1


Tree=24
num_leaves=9
num_cat=0
split_feature=6 57 57 2 38 41 51 0
split_gain=5.24469 2.84767 3.56994 3.38699 2.86258 2.56348 2.41756 2.06034
threshold=1.2424533248940006 3.8393944990995772 2.740319461670996 3.4694469519536137e-16 3.8393944990995772 4.7749040587885982 3.0677824455408698 1.3660947373317357e-17
decision_type=2 2 2 2 2 2 2 2
left_child=7 2 5 -4 -3 6 -2 -1
right_child=1 4 3 -5 -6 -7 -8 -9
leaf_value=-0.021453002461272741 0.035148061808341971 0.049387640673667195 0.021764638962885066 -0.015658409936692229 0.0030526119842155218 0.043553654455508184 0.00015300993762183481 -0.0011234861417588865
leaf_weight=115 26 30 31 110 24 26 82 88
leaf_count=115 26 30 31 110 24 26 82 88
internal_value=0 0.00779928 0.00367662 -0.00743065 0.0287943 0.0153641 0.00857774 -0.0126402
internal_weight=0 329 275 141 54 134 108 203
internal_count=532 329 275 141 54 134 108 203
is_linear=0
shrinkage=0.1


Tree=25
num_leaves=9
num_cat=0
split_feature=8 49 16 34 55 5 43 38
split_gain=4.3464 1.75794 4.2328 1.61054 2.33149 1.70137 1.33358 2.24512
threshold=4.6150714996361826 5.6471981256033832 2.524928003624769 4.5900436644025815 2.524928003624769 2.9700856263602158 3.4152368433293401e-18 3.5408542930527882
decision_type=2 2 2 2 2 2 2 2
left_child=1 2 6 -2 5 -5 -1 -8
right_child=3 -3 -4 4 -6 -7 7 -9
leaf_value=-0.017415321676858834 0.035451292979621123 -0.032128522901431374 0.021183127469841315 0.0021591987075476812 -0.010690424999071135 0.034142427848508732 0.0049981683072063236 -0.016028432768693757
leaf_weight=105 31 23 58 29 37 39 124 86
leaf_count=105 31 23 58 29 37 39 124 86
internal_value=0 -0.00529701 -0.00364252 0.0154236 0.00951072 0.0205025 -0.00821359 -0.00361273
internal_weight=0 396 373 136 105 68 315 210
internal_count=532 396 373 136 105 68 315 210
is_linear=0
shrinkage=0.1


Tree=26
num_leaves=9
num_cat=0
split_feature=32 53 6 52 5 1 29 46
split_gain=3.74426 3.29461 2.22269 2.13336 1.88415 1.45364 3.18425 1.81176
threshold=2.8617925509761908 0.69314718055994573 2.4414009612931857 3.3842466058243152 2.6735537653587347 7.7079998200141343e-20 3.6762205501217919 2.0816681711721688e-16
decision_type=2 2 2 2 2 2 2 2
left_child=5 -2 -3 -4 -5 -1 7 -7
right_child=1 2 3 4 -6 6 -8 -9
leaf_value=-0.01631870713205107 0.042918666277080776 -0.010701105547564996 0.036567522288748509 -0.0059088000957854096 0.016690348936483645 -0.0045061177857544116 -0.013673079463050648 0.032055312496694653
leaf_weight=124 25 67 27 70 78 23 85 33
leaf_count=124 25 67 27 70 78 23 85 33
internal_value=0 0.00835785 0.00478752 0.0107175 0.00600156 -0.00842093 -0.00147537 0.017039
internal_weight=0 267 242 175 148 265 141 56
internal_count=532 267 242 175 148 265 141 56
is_linear=0
shrinkage=0.1


Tree=27
num_leaves=9
num_cat=0
split_feature=6 57 57 2 38 41 51 0
split_gain=3.17777 2.11187 2.18027 2.79509 1.9364 1.72654 1.82996 1.56207
threshold=1.2424533248940006 3.8393944990995772 2.740319461670996 1.612750731572188e-18 3.8393944990995772 4.7749040587885982 3.0677824455408698 1.3660947373317357e-17
decision_type=2 2 2 2 2 2 2 2
left_child=7 2 5 -4 -3 6 -2 -1
right_child=1 4 3 -5 -6 -7 -8 -9
leaf_value=-0.017512633191502616 0.029201744987557718 0.041088559577862421 0.024168618351221086 -0.012695866801519077 0.0029795254891117414 0.034788870317145039 -0.0012448483317090973 0.00018879688260230152
leaf_weight=115 26 30 25 116 24 26 82 88
leaf_count=115 26 30 25 116 24 26 82 88
internal_value=0 0.00607094 0.00252063 -0.00615961 0.0241512 0.0116543 0.00608489 -0.00983911
internal_weight=0 329 275 141 54 134 108 203
internal_count=532 329 275 141 54 134 108 203
is_linear=0
shrinkage=0.1


Tree=28
num_leaves=9
num_cat=0
split_feature=8 19 16 25 14 38 55 47
split_gain=2.71204 2.61744 2.77673 1.43535 1.64699 1.31917 2.18882 2.03194
threshold=4.4716224665663962 5.2600927804663344 2.524928003624769 2.3502401828962087 3.6505739029280169 4.3107766033702406 2.1383330595080281 3.9219243190762363
decision_type=2 2 2 2 2 2 2 2
left_child=1 2 3 4 -1 -2 7 -7
right_child=5 -3 -4 -5 -6 6 -8 -9
leaf_value=-0.0086171632306650293 0.032650663371896371 -0.036551863327622412 0.02048713094757303 -0.029888069824032162 0.0084560023304313808 0.00052294282485609465 -0.0033837266263398755 0.040029447413980963
leaf_weight=205 24 24 46 23 78 23 79 30
leaf_count=205 24 24 46 23 78 23 79 30
internal_value=0 -0.00459897 -0.00242036 -0.00586397 -0.00391149 0.0110847 0.00716361 0.0228851
internal_weight=0 376 352 306 283 156 132 53
internal_count=532 376 352 306 283 156 132 53
is_linear=0
shrinkage=0.1


Tree=29
num_leaves=9
num_cat=0
split_feature=17 48 9 13 38 43 55 29
split_gain=2.27172 2.1863 2.21487 2.0864 2.44242 1.8712 1.85249 1.41481
threshold=3.4498615536424366 4.1971736807086968 4.5271940351011493 1.2424533248940006 3.3140206880897671 3.5694334999727624 2.249904835165133 3.4498615536424366
decision_type=2 2 2 2 2 2 2 2
left_child=1 2 3 7 -5 -2 -7 -1
right_child=5 -3 -4 4 -6 6 -8 -9
leaf_value=-0.0055838397936895491 0.01989373662399457 -0.025830356720401799 0.013053968716657869 0.022642194287483257 -0.014180106852924632 0.016789854854639425 -0.011520549050390216 -0.02505980963345434
leaf_weight=96 85 43 76 43 31 38 59 61
leaf_count=96 85 43 76 43 31 38 59 61
internal_value=0 -0.0047122 -0.00175428 -0.00662626 0.00721664 0.00906192 -0.000429875 -0.0131509
internal_weight=0 350 307 231 74 182 97 157
internal_count=532 350 307 231 74 182 97 157
is_linear=0
shrinkage=0.1


Tree=30
num_leaves=9
num_cat=0
split_feature=14 13 27 35 21 4 24 20
split_gain=2.02777 1.9299 1.8264 1.55183 2.96648 1.85139 1.67835 0.919928
threshold=2.8029010331479989 7.6327832942979524e-17 1.7005986908310782 3.3497501700808394 4.9903400241830171 3.1567740231385479 2.9700856263602158 3.3796614595446588e-19
decision_type=2 2 2 2 2 2 2 2
left_child=1 -1 7 4 5 6 -2 -3
right_child=3 2 -4 -5 -6 -7 -8 -9
leaf_value=-0.024138070572296097 0.019680707687512039 -0.00063473951816558839 -0.015562441149218518 -0.020747740507552712 0.037391124776116128 0.02705370817847293 -0.002311248771529929 0.027076987501071847
leaf_weight=58 40 25 44 24 27 29 262 23
leaf_count=58 40 25 44 24 27 29 262 23
internal_value=0 -0.00985236 -0.000846143 0.00386873 0.00551899 0.00291915 0.000601593 0.0126438
internal_weight=0 150 92 382 358 331 302 48
internal_count=532 150 92 382 358 331 302 48
is_linear=0
shrinkage=0.1


Tree=31
num_leaves=9
num_cat=0
split_feature=32 28 8 51 31 10 24 55
split_gain=1.79246 2.35533 1.81045 2.43953 1.17234 1.06384 1.03804 1.44933
threshold=2.8617925509761908 3.6762205501217919 4.6150714996361826 3.0677824455408698 4.2835627800822236 4.8559213341406453 4.4005842009683471 3.2769667020129059
decision_type=2 2 2 2 2 2 2 2
left_child=4 -2 3 -3 6 -5 7 -1
right_child=1 2 -4 5 -6 -7 -8 -9
leaf_value=-0.020155617999420925 0.02721958357927411 0.016528473500735486 0.0090354797134954319 -0.030809452102796453 -0.025573812342352339 -0.0047032020779119599 0.012590703751672717 -0.0011612921428160378
leaf_weight=55 43 26 134 37 27 27 34 149
leaf_count=55 43 26 134 37 27 27 34 149
internal_value=0 0.00578277 0.00166767 -0.00930218 -0.00582642 -0.0197959 -0.00358617 -0.00628231
internal_weight=0 267 224 90 265 64 238 204
internal_count=532 267 224 90 265 64 238 204
is_linear=0
shrinkage=0.1


Tree=32
num_leaves=9
num_cat=0
split_feature=6 35 11 5 2 42 21 22
split_gain=1.59958 1.36839 1.79149 1.35982 1.85569 1.33686 1.41606 1.29483
threshold=1.2424533248940006 3.3497501700808394 4.9903400241830171 2.6735537653587347 3.4694469519536137e-16 0.34657359027997398 1.2424533248940004 2.3502401828962087
decision_type=2 2 2 2 2 2 2 2
left_child=5 2 3 4 -2 6 -1 -7
right_child=1 -3 -4 -5 -6 7 -8 -9
leaf_value=-0.010976277478039266 0.01967867624301177 -0.018683454145987832 0.02975990428952581 0.016949976588366552 -0.0044182226951049886 -0.018752006016438828 0.022126032944236484 0.00049124452200802887
leaf_weight=24 39 24 29 60 177 96 28 55
leaf_count=24 39 24 29 60 177 96 28 55
internal_value=0 0.00430722 0.00611632 0.00363203 -6.73937e-05 -0.00698067 0.00684804 -0.0117429
internal_weight=0 329 305 276 216 203 52 151
internal_count=532 329 305 276 216 203 52 151
is_linear=0
shrinkage=0.1


Tree=33
num_leaves=8
num_cat=0
split_feature=11 39 2 40 17 50 35
split_gain=1.41735 1.32684 2.1542 1.40383 2.12931 0.631524 0.925435
threshold=5.4592594685224478 6.0270373235104957 1.8688348091416846 4.7833076179467886 3.4811217321331038 5.3399131619914195 2.602003343538398
decision_type=2 2 2 2 2 2 2
left_child=1 2 3 4 -1 6 -4
right_child=-2 -3 5 -5 -6 -7 -8
leaf_value=-0.0038542076015560811 0.024281649129546209 -0.020809375753742643 0.013296596335752284 -0.022149931456314755 0.027736425885687706 0.021990011308807882 -0.010351159051060677
leaf_weight=295 23 32 59 37 23 40 23
leaf_count=295 23 32 59 37 23 40 23
internal_value=0 -0.00109721 0.000225203 -0.00371437 -0.00156935 0.0116887 0.00666369
internal_weight=0 509 477 355 318 122 82
internal_count=532 509 477 355 318 122 82
is_linear=0
shrinkage=0.1


Tree=34
num_leaves=9
num_cat=0
split_feature=36 48 52 7 33 55 42 17
split_gain=1.30141 1.93327 1.89569 1.78447 1.59142 1.44628 1.40665 1.10824
threshold=2.0816681711721688e-16 2.9700856263602162 2.6735537653587347 2.4414009612931857 1.386294361119891 3.5114340430413216 2.1383330595080285 2.1250362580715893e-17
decision_type=2 2 2 2 2 2 2 2
left_child=4 3 6 5 7 -2 -3 -1
right_child=1 2 -4 -5 -6 -7 -8 -9
leaf_value=-0.0011632809963296443 -0.011753843903541566 -0.0028602273091673852 0.0023055513527624532 0.039616391135622625 0.010310849774396048 0.018366164830513298 -0.03712752181226793 -0.023830191969429537
leaf_weight=34 25 25 267 23 32 44 23 59
leaf_count=34 25 25 267 23 32 44 23 59
internal_value=0 0.002741 -0.000983671 0.0154939 -0.00892469 0.00745312 -0.01928 -0.0155434
internal_weight=0 407 315 92 125 69 48 93
internal_count=532 407 315 92 125 69 48 93
is_linear=0
shrinkage=0.1


Tree=35
num_leaves=8
num_cat=0
split_feature=11 39 2 40 17 4 1
split_gain=1.10716 1.10503 1.685 1.18555 1.65505 0.603271 0.986669
threshold=5.4592594685224478 6.0270373235104957 1.8688348091416846 4.8481086751891054 3.4811217321331038 3.1567740231385479 2.0126758453675753
decision_type=2 2 2 2 2 2 2
left_child=1 2 3 4 -1 6 -4
right_child=-2 -3 5 -5 -6 -7 -8
leaf_value=-0.0035262600536673117 0.021460708263127702 -0.018958992883563043 0.021877890834584832 -0.021929784330178895 0.02325758659094572 0.024226980030536652 5.6949749922574465e-05
leaf_weight=299 23 32 30 31 25 25 67
leaf_count=299 23 32 30 31 25 25 67
internal_value=0 -0.000969737 0.000237089 -0.00324714 -0.00145961 0.0103756 0.00680569
internal_weight=0 509 477 355 324 122 97
internal_count=532 509 477 355 324 122 97
is_linear=0
shrinkage=0.1


Tree=36
num_leaves=9
num_cat=0
split_feature=14 27 48 46 44 16 35 31
split_gain=1.0062 1.51695 1.34892 2.40921 1.57424 1.54357 1.1267 0.99523
threshold=2.4414009612931857 1.0000000180025095e-35 2.9700856263602162 0.6931471805599454 2.9174053685313033 1.8688348091416846 3.3497501700808394 4.9903400241830171
decision_type=2 2 2 2 2 2 2 2
left_child=1 -1 3 4 -2 -4 7 -7
right_child=2 -3 5 -5 -6 6 -8 -9
leaf_value=0.0081479132077411608 0.01924847463378683 -0.016217575301804271 -0.01244915270667878 0.032267779631442145 -0.014411213339278193 0.0032632227956415401 -0.01721356393924604 0.02528796553935694
leaf_weight=38 24 78 84 38 33 190 24 23
leaf_count=38 24 78 84 38 33 190 24 23
internal_value=0 -0.00823578 0.00229651 0.0127639 -0.000238713 -0.000801305 0.00332705 0.00564148
internal_weight=0 116 416 95 57 321 237 213
internal_count=532 116 416 95 57 321 237 213
is_linear=0
shrinkage=0.1


Tree=37
num_leaves=9
num_cat=0
split_feature=7 53 2 40 17 34 8 3
split_gain=0.894011 1.13807 1.15145 1.35884 1.25193 0.855626 0.965978 0.819013
threshold=4.976709960642169 4.4126329767578776 1.8688348091416846 4.8481086751891054 3.4811217321331038 4.70043904177074 4.2121001622835372 2.9174053685313028
decision_type=2 2 2 2 2 2 2 2
left_child=1 2 3 4 -1 6 -4 -7
right_child=-2 -3 5 -5 -6 7 -8 -9
leaf_value=-0.0027439890438079699 0.01418614608303803 -0.02197042685747147 0.0050258638130293957 -0.023620088925135549 0.021461548834391261 -0.0083326161079304781 0.032305176459252835 0.015576002260913019
leaf_weight=301 41 25 27 29 23 38 25 23
leaf_count=301 41 25 27 29 23 38 25 23
internal_value=0 -0.00118459 -6.94663e-05 -0.00288189 -0.00102569 0.00871625 0.0181409 0.000682109
internal_weight=0 491 466 353 324 113 52 61
internal_count=532 491 466 353 324 113 52 61
is_linear=0
shrinkage=0.1


Tree=38
num_leaves=9
num_cat=0
split_feature=36 48 52 8 33 7 55 17
split_gain=0.824158 1.52382 1.26638 1.21058 1.20997 1.20389 1.08061 0.84029
threshold=2.0816681711721688e-16 2.9700856263602162 2.6735537653587347 3.2384861814448418 1.386294361119891 2.4414009612931857 3.5114340430413216 2.1250362580715893e-17
decision_type=2 2 2 2 2 2 2 2
left_child=4 5 3 -3 7 6 -2 -1
right_child=1 2 -4 -5 -6 -7 -8 -9
leaf_value=-0.00035177015644662524 -0.0097032334208488474 -0.00019879608104626337 0.0015628480241714178 -0.031960630405228584 0.0096703291623271084 0.033316869985150259 0.016332069392824038 -0.020089199266128118
leaf_weight=34 25 24 267 24 32 23 44 59
leaf_count=34 25 24 267 24 32 23 44 59
internal_value=0 0.00218126 -0.00112554 -0.0160797 -0.00710218 0.0135035 0.00689899 -0.0128734
internal_weight=0 407 315 48 125 92 69 93
internal_count=532 407 315 48 125 92 69 93
is_linear=0
shrinkage=0.1


Tree=39
num_leaves=9
num_cat=0
split_feature=11 39 5 50 39 5 49 31
split_gain=0.725988 0.814864 1.13474 0.860927 1.057 0.801313 1.33006 1.22879
threshold=5.4592594685224478 6.0270373235104957 2.1383330595080285 5.4138732270297307 4.6959141240107813 1.2424533248940006 4.5053345884235583 2.602003343538398
decision_type=2 2 2 2 2 2 2 2
left_child=1 2 5 4 -4 6 -1 -7
right_child=-2 -3 3 -5 -6 7 -8 -9
leaf_value=-0.0040215165026893374 0.017378159968749338 -0.016233107371954249 0.019551015947945418 0.025912735578806509 -0.0023877969244495037 -0.028437470477419319 0.012434560389939085 -0.0035143606993999032
leaf_weight=184 23 32 32 23 70 27 67 74
leaf_count=184 23 32 32 23 70 27 67 74
internal_value=0 -0.000785261 0.000251073 0.00843584 0.00449497 -0.00265545 0.000371141 -0.010177
internal_weight=0 509 477 125 102 352 251 101
internal_count=532 509 477 125 102 352 251 101
is_linear=0
shrinkage=0.1


Tree=40
num_leaves=9
num_cat=0
split_feature=14 13 27 38 19 52 52 55
split_gain=0.665955 1.10847 1.14615 1.09584 2.3049 1.65452 0.977546 0.957797
threshold=2.8029010331479989 7.6327832942979524e-17 1.7005986908310782 3.7256208424938388 4.135134555718313 2.6735537653587347 1.8688348091416844 2.602003343538398
decision_type=2 2 2 2 2 2 2 2
left_child=1 -1 -3 4 6 -5 -2 -7
right_child=3 2 -4 5 -6 7 -8 -9
leaf_value=-0.016472844785914341 0.011204780316030657 0.01186581103829667 -0.010478559983047572 -0.026656038252015908 0.026238093334797992 0.00757696666347853 -0.010736822966072295 -0.0054731426756469571
leaf_weight=58 37 48 44 24 51 111 45 114
leaf_count=58 37 48 44 24 51 111 45 114
internal_value=0 -0.00564615 0.00117937 0.00221708 0.00954558 -0.00169735 -0.000836343 0.000964911
internal_weight=0 150 92 382 133 249 82 225
internal_count=532 150 92 382 133 249 82 225
is_linear=0
shrinkage=0.1


Tree=41
num_leaves=9
num_cat=0
split_feature=47 10 4 38 8 14 40 50
split_gain=0.668165 1.36401 1.22413 1.03897 1.81881 1.43037 1.14318 1.1338
threshold=5.2224405889342691 5.1445790166580574 3.1984648276080736 3.7256208424938388 3.5114340430413216 4.9052473428434826 4.6867395546766826 3.3497501700808394
decision_type=2 2 2 2 2 2 2 2
left_child=1 3 -3 4 -1 6 -5 -6
right_child=-2 2 -4 5 7 -7 -8 -9
leaf_value=-0.0021245686106657218 -0.016304684989154338 0.0049500609289152902 0.03116957711754367 -0.0073153890984239758 0.032338378471987589 0.0057102239591644167 -0.029987636527844835 0.0033382785434906297
leaf_weight=218 24 69 24 61 28 47 35 26
leaf_count=218 24 69 24 61 28 47 35 26
internal_value=0 0.0007703 0.0117164 -0.00168268 0.00194527 -0.0085834 -0.0155813 0.0183754
internal_weight=0 508 93 415 272 143 96 54
internal_count=532 508 93 415 272 143 96 54
is_linear=0
shrinkage=0.1


Tree=42
num_leaves=7
num_cat=0
split_feature=45 21 11 37 44 42
split_gain=0.618732 1.4318 1.20616 0.840503 1.79659 1.21752
threshold=3.1984648276080736 4.9903400241830171 4.6101453514146771 3.1567740231385479 4.2413008733233104 3.3140206880897671
decision_type=2 2 2 2 2 2
left_child=1 2 3 4 -1 -5
right_child=-2 -3 -4 5 -6 -7
leaf_value=0.0017703469915431925 -0.012851082375273111 0.022871983987611852 -0.017485463143767498 0.022045427607372405 -0.018549777948107846 0.0017445409472669122
leaf_weight=224 35 28 38 40 54 113
leaf_count=224 35 28 38 40 54 113
internal_value=0 0.000905006 -0.000406456 0.00109935 -0.00217673 0.00705196
internal_weight=0 497 469 431 278 153
internal_count=532 497 469 431 278 153
is_linear=0
shrinkage=0.1


Tree=43
num_leaves=9
num_cat=0
split_feature=3 3 10 37 38 13 14 9
split_gain=0.576798 2.01543 0.984843 1.65137 1.39818 1.00906 0.707713 0.613027
threshold=1.612750731572188e-18 6.3837823915946491e-16 3.4498615536424366 1.7917594692280556 3.7256208424938388 2.1383330595080285 3.6762205501217919 3.7726948748059121
decision_type=2 2 2 2 2 2 2 2
left_child=6 -2 3 -3 -4 -6 -1 -5
right_child=1 2 4 7 5 -7 -8 -9
leaf_value=-0.009042649622189633 0.026916760491828125 0.0061035651713609697 0.019696343450673989 -0.0095802938889550139 -0.01725175735851129 0.0024418096608073664 0.0077870993292890496 -0.031992637337400369
leaf_weight=114 30 39 42 23 30 196 32 26
leaf_count=114 30 39 42 23 30 196 32 26
internal_value=0 0.00202506 -7.25503e-05 -0.00925132 0.00294137 -0.000172381 -0.00535394 -0.0214726
internal_weight=0 386 356 88 268 226 146 49
internal_count=532 386 356 88 268 226 146 49
is_linear=0
shrinkage=0.1


Tree=44
num_leaves=8
num_cat=0
split_feature=7 53 4 38 24 21 15
split_gain=0.527559 0.780631 0.705668 0.726436 1.58583 0.874216 0.217121
threshold=4.976709960642169 4.4126329767578776 2.8617925509761908 3.7256208424938388 4.5695295849856103 2.9700856263602162 2.8617925509761908
decision_type=2 2 2 2 2 2 2
left_child=1 2 3 4 -1 -5 -4
right_child=-2 -3 6 5 -6 -7 -8
leaf_value=-0.00058871019728870761 0.010897540884296888 -0.018124900452792646 0.018642340393979911 -0.021000706898870278 0.026326897088438272 -0.0027117332207673619 0.0049018571801159698
leaf_weight=249 41 25 23 34 24 113 23
leaf_count=249 41 25 23 34 24 113 23
internal_value=0 -0.000909978 1.35694e-05 -0.00127427 0.0017775 -0.00694184 0.0117721
internal_weight=0 491 466 420 273 147 46
internal_count=532 491 466 420 273 147 46
is_linear=0
shrinkage=0.1


Tree=45
num_leaves=9
num_cat=0
split_feature=43 35 32 52 33 38 55 8
split_gain=0.528191 0.864169 0.80637 0.75772 1.41907 1.25627 1.12492 0.677823
threshold=3.4152368433293401e-18 0.69314718055994573 0.69314718055994562 2.6735537653587347 2.0126758453675753 3.7256208424938388 3.7256208424938388 4.0163424379838117
decision_type=2 2 2 2 2 2 2 2
left_child=1 -1 -2 5 -5 6 -4 -6
right_child=2 -3 3 4 7 -7 -8 -9
leaf_value=-0.012759237638412333 0.018336246245437199 0.0056189119338523599 -0.0094873985060705598 0.018287680876970875 -0.0096050404044881205 -0.025817651244310232 0.014829327495147785 0.0029247764382234077
leaf_weight=71 27 40 52 51 57 26 30 178
leaf_count=71 27 40 52 51 57 26 30 178
internal_value=0 -0.00613648 0.00161793 0.000472261 0.00316711 -0.00666411 -0.000591035 -0.000114371
internal_weight=0 111 421 394 286 108 82 235
internal_count=532 111 421 394 286 108 82 235
is_linear=0
shrinkage=0.1


Tree=46
num_leaves=7
num_cat=0
split_feature=47 33 39 3 32 40
split_gain=0.514182 1.14457 0.510219 0.667371 1.00486 0.864891
threshold=5.2224405889342691 4.2835627800822236 5.8449664634702083 2.0126758453675753 3.795426061844291 4.5485858369352732
decision_type=2 2 2 2 2 2
left_child=1 2 3 5 -5 -1
right_child=-2 -3 -4 4 -6 -7
leaf_value=0.00042484498649618179 -0.014303055483226976 0.02199174559209496 -0.01429333992302418 0.017350763411206359 -0.0038210943114245313 -0.013606197873641755
leaf_weight=317 24 24 25 51 40 51
leaf_count=317 24 24 25 51 40 51
internal_value=0 0.000675735 -0.000381257 0.000376481 0.00804445 -0.00151967
internal_weight=0 508 484 459 91 368
internal_count=532 508 484 459 91 368
is_linear=0
shrinkage=0.1


Tree=47
num_leaves=9
num_cat=0
split_feature=14 10 24 3 14 14 31 19
split_gain=0.474656 1.06441 0.826042 0.974717 0.72561 0.771334 0.639142 0.631736
threshold=2.4414009612931857 1.0000000180025095e-35 2.8029010331479989 1.2836953722228375e-16 3.6505739029280169 3.9510587731382243 1.4978661367769952 3.4811217321331038
decision_type=2 2 2 2 2 2 2 2
left_child=1 -1 3 -2 -4 -6 -7 -3
right_child=2 7 4 -5 5 6 -8 -9
leaf_value=0.0078032491967464108 -3.4544477239251135e-05 -0.0052372540386908875 -0.0087199734278807523 0.028773829130374868 0.018349883650188092 -0.015322225941750018 0.0021188185221147665 -0.023811178393661977
leaf_weight=39 24 47 76 23 27 23 243 30
leaf_count=39 24 47 76 23 27 23 243 30
internal_value=0 -0.00565655 0.00157731 0.0140632 -1.30337e-05 0.00224542 0.000610758 -0.0124738
internal_weight=0 116 416 47 369 293 266 77
internal_count=532 116 416 47 369 293 266 77
is_linear=0
shrinkage=0.1


Tree=48
num_leaves=8
num_cat=0
split_feature=16 33 43 27 30 2 24
split_gain=0.474454 1.07911 0.661617 1.3568 0.911754 0.579196 0.430224
threshold=4.3214721983609001 4.2835627800822236 3.6242520361853052 3.6242520361853057 4.5591125415341898 1.8688348091416846 4.9052473428434826
decision_type=2 2 2 2 2 2 2
left_child=1 2 3 4 -1 -5 -4
right_child=-2 -3 6 5 -6 -7 -8
leaf_value=0.00057175467298246723 -0.011612740369287855 0.021016865794779734 -0.020455610908567907 0.0025174924731254582 -0.01423269406562516 0.022015954057375591 -0.0019035447482019666
leaf_weight=312 33 25 25 25 48 39 25
leaf_count=312 33 25 25 25 48 39 25
internal_value=0 0.000767977 -0.000300003 0.000982966 -0.00140217 0.0143994 -0.0111796
internal_weight=0 499 474 424 360 64 50
internal_count=532 499 474 424 360 64 50
is_linear=0
shrinkage=0.1


Tree=49
num_leaves=8
num_cat=0
split_feature=47 34 11 51 31 46 39
split_gain=0.450047 0.924695 0.475264 0.824162 0.674424 0.70421 0.503593
threshold=5.2224405889342691 5.703760251940138 1.2424533248940004 2.0126758453675753 2.0126758453675753 2.0816681711721688e-16 5.8449664634702083
decision_type=2 2 2 2 2 2 2
left_child=1 2 3 -1 5 -4 -6
right_child=-2 -3 4 -5 6 -7 -8
leaf_value=-0.0021902720497122834 -0.013381337908019 0.017971668113023042 -0.025361381883672235 0.021314194289824138 0.00089933545314764898 -0.0017460907476821116 -0.013538724484925086
leaf_weight=35 24 29 23 26 341 28 26
leaf_count=35 24 29 23 26 341 28 26
internal_value=0 0.000632189 -0.000417591 0.00782803 -0.0016209 -0.0123961 -0.000123524
internal_weight=0 508 479 61 418 51 367
internal_count=532 508 479 61 418 51 367
is_linear=0
shrinkage=0.1


Tree=50
num_leaves=8
num_cat=0
split_feature=56 55 28 14 3 42 53
split_gain=0.420673 0.936005 1.06471 0.875664 0.867164 1.0889 0.778577
threshold=1.4978661367769956 2.249904835165133 5.1647696471263407 5.3278643862018891 2.0126758453675753 3.3497501700808399 2.9700856263602162
decision_type=2 2 2 2 2 2 2
left_child=-1 3 4 -2 6 -6 -3
right_child=1 2 -4 -5 5 -7 -8
leaf_value=-0.010934767317534849 0.0025743541307747366 -0.0001044865904998789 -0.017609688662923874 0.027234035295744738 0.026970926013130409 0.00081006366555101998 -0.01811802089214325
leaf_weight=33 36 311 35 24 26 41 26
leaf_count=33 36 311 35 24 26 41 26
internal_value=0 0.000723141 -0.00087801 0.0124382 0.000571517 0.010962 -0.00149425
internal_weight=0 499 439 60 404 67 337
internal_count=532 499 439 60 404 67 337
is_linear=0
shrinkage=0.1


Tree=51
num_leaves=8
num_cat=0
split_feature=16 47 43 17 23 32 4
split_gain=0.38857 0.999073 0.474128 1.08218 0.773383 0.552225 0.317644
threshold=4.3214721983609001 4.9307073880571108 3.6242520361853052 3.6505739029280164 2.6735537653587347 3.8606743063089755 2.8617925509761908
decision_type=2 2 2 2 2 2 2
left_child=1 2 3 4 -1 -5 -4
right_child=-2 -3 6 5 -6 -7 -8
leaf_value=0.00049042518915446819 -0.010509264316748489 0.021050791094160599 -0.017742613281977054 0.022049749200959923 -0.013147355140245055 0.0036130695025239027 -0.0020647221510963782
leaf_weight=311 33 23 24 32 48 33 28
leaf_count=311 33 23 24 32 48 33 28
internal_value=0 0.000695001 -0.000288577 0.00081668 -0.00133301 0.0126896 -0.00930067
internal_weight=0 499 476 424 359 65 52
internal_count=532 499 476 424 359 65 52
is_linear=0
shrinkage=0.1


Tree=52
num_leaves=7
num_cat=0
split_feature=47 21 11 21 41 14
split_gain=0.382835 0.757945 0.522176 0.474475 0.907168 0.653633
threshold=5.2224405889342691 5.1208719554754216 4.6101453514146771 2.9174053685313033 2.6735537653587351 1.0000000180025095e-35
decision_type=2 2 2 2 2 2
left_child=1 2 3 5 -5 -1
right_child=-2 -3 -4 4 -6 -7
leaf_value=0.010777511116531161 -0.012341739584614214 0.016886459258212538 -0.011125788055133166 0.021027427782806068 0.0013821221997353192 -0.0061964874555894608
leaf_weight=27 24 27 41 26 245 142
leaf_count=27 24 27 41 26 245 142
internal_value=0 0.000583074 -0.000332085 0.000673692 0.00326691 -0.00348467
internal_weight=0 508 481 440 271 169
internal_count=532 508 481 440 271 169
is_linear=0
shrinkage=0.1


Tree=53
num_leaves=9
num_cat=0
split_feature=14 20 39 48 37 24 12 42
split_gain=0.415024 0.900445 0.751378 0.713325 1.35399 0.844615 0.722427 0.502354
threshold=2.4414009612931857 0.34657359027997436 3.637239779386936 2.9700856263602162 2.1383330595080285 3.0201273556387074 2.1383330595080285 2.0126758453675753
decision_type=2 2 2 2 2 2 2 2
left_child=1 2 -1 4 5 -2 -5 -3
right_child=3 7 -4 6 -6 -7 -8 -9
leaf_value=0.01530258018922593 0.013655155833112076 -0.0059994322896906828 -0.0074747981317341327 -0.014125794544816017 0.028535074711992195 -0.0085307984638053024 0.00090824745852794309 -0.024792254641652106
leaf_weight=28 32 33 30 36 26 37 285 25
leaf_count=28 32 33 30 36 26 37 285 25
internal_value=0 -0.0052893 0.00352118 0.0014749 0.00908671 0.00175834 -0.000777813 -0.0140998
internal_weight=0 116 58 416 95 69 321 58
internal_count=532 116 58 416 95 69 321 58
is_linear=0
shrinkage=0.1


Tree=54
num_leaves=7
num_cat=0
split_feature=51 42 29 9 29 52
split_gain=0.370327 1.03335 0.87234 0.519517 0.84239 0.666183
threshold=3.6637359812630111e-15 7.8265844326297361e-19 3.9219243190762363 1.8688348091416842 2.4414009612931857 2.6735537653587347
decision_type=2 2 2 2 2 2
left_child=2 -2 -1 -3 -5 -6
right_child=1 3 -4 4 5 -7
leaf_value=-0.020927122421562673 0.018221080891089515 -0.012262224701835829 0.0052348970957100394 0.017032531379111881 -0.0073915083501663696 0.0019165366891372418
leaf_weight=26 32 34 25 29 106 280
leaf_count=26 32 34 25 29 106 280
internal_value=0 0.000859112 -0.0081026 -0.000378267 0.000595359 -0.000639559
internal_weight=0 481 51 449 415 386
internal_count=532 481 51 449 415 386
is_linear=0
shrinkage=0.1


Tree=55
num_leaves=9
num_cat=0
split_feature=43 33 55 6 14 28 38 18
split_gain=0.344555 0.623217 1.63745 0.593456 1.00619 0.592515 0.489248 0.44662
threshold=3.4152368433293401e-18 0.69314718055994573 3.4811217321331038 3.1918911957973251e-16 2.9174053685313033 1.0000000180025095e-35 3.7494348669884658 2.602003343538398
decision_type=2 2 2 2 2 2 2 2
left_child=5 2 -2 -3 -5 -1 -6 -7
right_child=1 3 -4 4 6 7 -8 -9
leaf_value=0.0058099120695676125 -0.0054447997690123678 0.010210545089743707 0.025590714001480271 -0.016154366965557256 0.011731097215052808 -0.016276981451859077 -0.001285676264861252 -0.00067826284944350209
leaf_weight=35 34 46 34 43 33 45 231 31
leaf_count=35 34 46 34 43 33 45 231 31
internal_value=0 0.00130675 0.010073 -0.00038192 -0.00196906 -0.00495625 0.00034142 -0.00991435
internal_weight=0 421 68 353 307 111 264 76
internal_count=532 421 68 353 307 111 264 76
is_linear=0
shrinkage=0.1


Tree=56
num_leaves=6
num_cat=0
split_feature=7 16 14 41 48
split_gain=0.343617 0.572272 0.51134 0.385258 0.523353
threshold=4.976709960642169 4.1026092131977068 5.3278643862018891 4.6298509007569537 2.9700856263602162
decision_type=2 2 2 2 2
left_child=1 2 3 4 -1
right_child=-2 -3 -4 -5 -6
leaf_value=0.0044900938454968059 0.0087948905940099468 -0.015793991181999447 0.012899349453650287 -0.01072251612527503 -0.0028734872461570991
leaf_weight=161 41 24 29 36 241
leaf_count=161 41 24 29 36 241
internal_value=0 -0.0007344 3.95401e-05 -0.000811908 7.56087e-05
internal_weight=0 491 467 438 402
internal_count=532 491 467 438 402
is_linear=0
shrinkage=0.1


Tree=57
num_leaves=7
num_cat=0
split_feature=47 47 53 3 40 0
split_gain=0.32869 0.722574 0.427539 0.715084 0.741118 0.664556
threshold=5.2224405889342691 4.7748328387899024 3.7012257604091228 2.0126758453675753 4.5485858369352732 1.8688348091416846
decision_type=2 2 2 2 2 2
left_child=1 2 3 4 -1 -5
right_child=-2 -3 -4 5 -6 -7
leaf_value=0.00051047921519321079 -0.011435723032385188 0.017117532547563315 -0.010356375019854078 0.023130949435289951 -0.012589246434974485 0.0030738738585122916
leaf_weight=317 24 25 39 24 50 53
leaf_count=317 24 25 39 24 50 53
internal_value=0 0.00054027 -0.000317766 0.000564004 -0.00127422 0.00932543
internal_weight=0 508 483 444 367 77
internal_count=532 508 483 444 367 77
is_linear=0
shrinkage=0.1


Tree=58
num_leaves=9
num_cat=0
split_feature=49 48 51 51 39 1 22 34
split_gain=0.323426 0.852473 1.41221 1.4915 0.746884 0.894696 0.760664 0.546169
threshold=3.2769667020129059 2.9700856263602162 2.0126758453675753 3.9607678160667752 3.3315663479954023 1.2836953722228375e-16 2.0126758453675753 3.4175922930736511
decision_type=2 2 2 2 2 2 2 2
left_child=4 2 -2 -4 5 6 -1 -3
right_child=1 7 3 -5 -6 -7 -8 -9
leaf_value=-0.014693499326289812 -0.0086956133115260563 -0.0093941452544337774 0.038718776381574574 0.0038180957138538364 -0.020684529816650827 0.012293664504374777 0.0068960530608892442 0.0011572472796148748
leaf_weight=47 24 60 24 25 23 35 25 269
leaf_count=47 24 60 24 25 23 35 25 269
internal_value=0 0.00140214 0.0111782 0.0209123 -0.00433584 -0.000821634 -0.00719713 -0.000767019
internal_weight=0 402 73 49 130 107 72 329
internal_count=532 402 73 49 130 107 72 329
is_linear=0
shrinkage=0.1


Tree=59
num_leaves=8
num_cat=0
split_feature=26 47 43 27 28 2 19
split_gain=0.318221 0.632605 0.400618 0.832664 0.65215 0.425304 0.317779
threshold=4.5938428407056895 4.9307073880571108 3.6242520361853052 3.6242520361853057 3.9415346756528771 1.8688348091416846 5.5702492679694311
decision_type=2 2 2 2 2 2 2
left_child=1 2 3 4 -1 -5 -4
right_child=-2 -3 6 5 -6 -7 -8
leaf_value=0.00081331938225775958 -0.011013938070274891 0.015736252431256269 3.2388513985400399e-05 0.00092899720370769501 -0.010378381452478824 0.017555703612742946 -0.01552352778260307
leaf_weight=300 25 26 24 25 63 40 29
leaf_count=300 25 26 24 25 63 40 29
internal_value=0 0.000543094 -0.000278158 0.000737409 -0.00112904 0.0111608 -0.00847934
internal_weight=0 507 481 428 363 65 53
internal_count=532 507 481 428 363 65 53
is_linear=0
shrinkage=0.1


Tree=60
num_leaves=6
num_cat=0
split_feature=12 10 26 57 11
split_gain=0.340171 0.567454 0.438533 0.370369 0.621574
threshold=4.8319167245474652 5.7219484392798972 4.007167868649713 3.9019216517693867 4.6298509007569537
decision_type=2 2 2 2 2
left_child=1 2 3 4 -1
right_child=-2 -3 -4 -5 -6
leaf_value=-0.00052520773069553541 0.0095287668784814223 -0.015671756052567314 0.01200424477393771 0.0082473268789250327 -0.015723898782041567
leaf_weight=373 35 24 29 42 29
leaf_count=373 35 24 29 42 29
internal_value=0 -0.00067104 9.00957e-05 -0.000688081 -0.00162163
internal_weight=0 497 473 444 402
internal_count=532 497 473 444 402
is_linear=0
shrinkage=0.1


Tree=61
num_leaves=8
num_cat=0
split_feature=56 55 28 14 42 26 54
split_gain=0.297795 0.687115 0.817577 0.60867 0.560922 0.979403 0.58986
threshold=1.4978661367769956 2.249904835165133 5.1845846780664209 5.3278643862018891 2.8617925509761908 2.249904835165133 2.9700856263602158
decision_type=2 2 2 2 2 2 2
left_child=-1 3 4 -2 5 -3 -6
right_child=1 2 -4 -5 6 -7 -8
leaf_value=-0.0092001790210788116 0.0024220757548593813 -0.00032334851984603286 -0.015900369171956273 0.02298144078037391 0.016732287481427195 -0.02114680025726557 0.0018595740940197305
leaf_weight=33 36 234 33 24 35 25 112
leaf_count=33 36 234 33 24 35 25 112
internal_value=0 0.000608429 -0.000763425 0.0106458 0.000466918 -0.00233333 0.0054007
internal_weight=0 499 439 60 406 259 147
internal_count=532 499 439 60 406 259 147
is_linear=0
shrinkage=0.1


Tree=62
num_leaves=9
num_cat=0
split_feature=49 48 3 20 32 34 44 45
split_gain=0.281635 0.677126 1.22122 0.614225 0.657457 0.453871 0.480459 0.688528
threshold=3.2769667020129059 2.9700856263602162 7.7079998200141343e-20 0.34657359027997436 2.602003343538398 3.4175922930736511 4.2121001622835363 0.69314718055994573
decision_type=2 2 2 2 2 2 2 2
left_child=3 2 -2 -1 -5 -3 7 -7
right_child=1 5 -4 4 -6 6 -8 -9
leaf_value=0.0066493050244293712 -0.0038312650682842905 -0.0084892774652689709 0.022097756493932162 -0.013344330256433647 0.0061783289486218411 -0.0029166658342416798 -0.001207827523862717 0.018121996684265989
leaf_weight=38 34 60 39 69 23 28 206 35
leaf_count=38 34 60 39 69 23 28 206 35
internal_value=0 0.00130842 0.0100212 -0.00404603 -0.00846367 -0.00062482 0.00112933 0.00877148
internal_weight=0 402 73 130 92 329 269 63
internal_count=532 402 73 130 92 329 269 63
is_linear=0
shrinkage=0.1


Tree=63
num_leaves=7
num_cat=0
split_feature=17 16 5 20 42 7
split_gain=0.284322 0.409073 0.435028 0.546822 0.494605 0.453976
threshold=5.0594204191876377 4.1430087342023825 2.6735537653587347 5.2121812560775611 4.033888097889446 3.8176519431297078
decision_type=2 2 2 2 2 2
left_child=1 2 4 -4 5 -1
right_child=-2 -3 3 -5 -6 -7
leaf_value=-0.0011694925740259152 0.008847587955567766 -0.013070597668644041 -0.0019729638174176218 0.018551545443565208 -0.014951452403329313 0.011252468574093656
leaf_weight=365 34 25 25 27 24 32
leaf_count=365 34 25 25 27 24 32
internal_value=0 -0.000604052 5.48562e-05 0.00868399 -0.00101098 -0.000168226
internal_weight=0 498 473 52 421 397
internal_count=532 498 473 52 421 397
is_linear=0
shrinkage=0.1


Tree=64
num_leaves=8
num_cat=0
split_feature=51 42 29 39 29 31 9
split_gain=0.269768 0.701601 0.665475 0.385254 0.474043 1.09907 0.556067
threshold=3.6637359812630111e-15 7.8265844326297361e-19 3.9219243190762363 1.386294361119891 3.7256208424938388 3.1132683346437333 4.5271940351011493
decision_type=2 2 2 2 2 2 2
left_child=2 -2 -1 -3 5 -5 -6
right_child=1 3 -4 4 6 -7 -8
leaf_value=-0.018116748008805399 0.015039328887360171 -0.011042511605867937 0.0047336798223986988 0.024278082232922316 -0.008502148061816114 -0.00010322286107111722 0.00108589005164005
leaf_weight=26 32 31 25 26 80 64 248
leaf_count=26 32 31 25 26 80 64 248
internal_value=0 0.00073325 -0.00691556 -0.000286337 0.00051137 0.00694027 -0.00125266
internal_weight=0 481 51 449 418 90 328
internal_count=532 481 51 449 418 90 328
is_linear=0
shrinkage=0.1


Tree=65
num_leaves=8
num_cat=0
split_feature=11 31 26 46 56 55 41
split_gain=0.286226 0.543805 0.465666 0.443237 0.347697 0.461068 0.81279
threshold=1.2424533248940004 2.0126758453675753 1.0000000180025095e-35 2.0816681711721688e-16 1.4978661367769956 2.0126758453675748 5.195266323818359
decision_type=2 2 2 2 2 2 2
left_child=2 3 -1 -2 -3 -6 -7
right_child=1 4 -4 -5 5 6 -8
leaf_value=0.016582548249369632 -0.020871817685015823 -0.010024721131582435 -0.0010852055517690522 -0.0021365308319218458 0.011929340295804045 0.0013139350397977979 -0.018126804381608963
leaf_weight=26 23 30 35 28 36 331 23
leaf_count=26 23 30 35 28 36 331 23
internal_value=0 -0.000834743 0.00644531 -0.0105858 0.000349311 0.00114731 5.08362e-05
internal_weight=0 471 61 51 420 390 354
internal_count=532 471 61 51 420 390 354
is_linear=0
shrinkage=0.1


Tree=66
num_leaves=6
num_cat=0
split_feature=14 30 47 43 37
split_gain=0.281347 0.778117 0.395093 0.379876 0.547361
threshold=5.9776183370995293 5.9308960012484802 4.7748328387899024 3.6242520361853052 3.5114340430413216
decision_type=2 2 2 2 2
left_child=1 2 3 4 -1
right_child=-2 -3 -4 -5 -6
leaf_value=-0.0009782199162798814 0.010580138159760584 -0.018471894704777263 0.013144359436979437 -0.0093521520451066049 0.0087645733033887285
leaf_weight=351 24 23 23 42 69
leaf_count=351 24 23 23 42 69
internal_value=0 -0.000499849 0.000352434 -0.000284394 0.000622382
internal_weight=0 508 485 462 420
internal_count=532 508 485 462 420
is_linear=0
shrinkage=0.1


Tree=67
num_leaves=7
num_cat=0
split_feature=11 16 33 43 28 24
split_gain=0.253459 0.526502 0.668198 0.297914 0.641303 0.298048
threshold=5.4592594685224478 4.1430087342023825 4.135134555718313 3.5694334999727624 4.6150714996361826 4.9052473428434826
decision_type=2 2 2 2 2 2
left_child=1 2 3 4 -1 -5
right_child=-2 -3 -4 5 -6 -7
leaf_value=-0.0008706506336077889 0.01026816615105971 -0.013794126404848481 0.0169441614219028 -0.015227081160992384 0.01310550541675184 0.00040046351799822373
leaf_weight=373 23 28 23 26 36 23
leaf_count=373 23 28 23 26 36 23
internal_value=0 -0.000463984 0.000311991 -0.000523249 0.000359524 -0.0078917
internal_weight=0 509 481 458 409 49
internal_count=532 509 481 458 409 49
is_linear=0
shrinkage=0.1


Tree=68
num_leaves=8
num_cat=0
split_feature=26 47 43 27 30 51 19
split_gain=0.242702 0.431349 0.255795 0.498601 0.658656 0.521939 0.251128
threshold=4.5938428407056895 4.9307073880571108 3.5694334999727624 3.6242520361853057 4.5591125415341898 3.6762205501217919 5.5702492679694311
decision_type=2 2 2 2 2 2 2
left_child=1 2 3 4 -1 -5 -4
right_child=-2 -3 6 5 -6 -7 -8
leaf_value=0.00087774750702674428 -0.0096186626031994835 0.013020026954249121 0.00049345024911287636 0.020120474122464659 -0.011932245497186871 0.0013119981857016684 -0.012571667501282309
leaf_weight=315 25 26 28 25 46 36 31
leaf_count=315 25 26 28 25 46 36 31
internal_value=0 0.000474293 -0.000203855 0.000658415 -0.000754551 0.00902039 -0.00637127
internal_weight=0 507 481 422 361 61 59
internal_count=532 507 481 422 361 61 59
is_linear=0
shrinkage=0.1


Tree=69
num_leaves=7
num_cat=0
split_feature=47 21 11 26 26 37
split_gain=0.248536 0.554544 0.351694 0.443523 0.941807 0.807982
threshold=5.2224405889342691 5.1208719554754216 4.6101453514146771 1.4978661367769959 1.2424533248940006 3.1567740231385479
decision_type=2 2 2 2 2 2
left_child=1 2 3 4 -1 -5
right_child=-2 -3 -4 5 -6 -7
leaf_value=0.0013153827593133257 -0.0099441003209600858 0.014415068110382116 -0.0091711653078474648 -0.0099170680421714983 0.021641276346949432 0.0022445071283845141
leaf_weight=185 24 27 41 90 26 139
leaf_count=185 24 27 41 90 26 139
internal_value=0 0.0004698 -0.00031299 0.00051243 0.00382 -0.00253515
internal_weight=0 508 481 440 211 229
internal_count=532 508 481 440 211 229
is_linear=0
shrinkage=0.1


Tree=70
num_leaves=6
num_cat=0
split_feature=8 16 33 33 28
split_gain=0.234584 0.409635 0.401555 0.475437 0.436044
threshold=5.8819276874444908 4.1430087342023825 3.8815106545092593 3.5408542930527882 4.6150714996361826
decision_type=2 2 2 2 2
left_child=1 2 3 4 -1
right_child=-2 -3 -4 -5 -6
leaf_value=-0.00054235006965994256 0.0098784391484830689 -0.012928608342073858 0.010515023347522532 -0.011464357796452336 0.011978141386061908
leaf_weight=382 23 25 35 37 30
leaf_count=382 23 25 35 37 30
internal_value=0 -0.000446374 0.00019837 -0.000605823 0.000369336
internal_weight=0 509 484 449 412
internal_count=532 509 484 449 412
is_linear=0
shrinkage=0.1


Tree=71
num_leaves=9
num_cat=0
split_feature=11 31 21 51 42 21 57 51
split_gain=0.223063 0.439851 0.651776 0.588279 0.871305 0.679634 0.579256 0.427069
threshold=1.2424533248940004 2.8029010331479989 2.3502401828962087 3.0677824455408698 2.6735537653587347 3.1132683346437333 3.7256208424938388 3.6637359812630111e-15
decision_type=2 2 2 2 2 2 2 2
left_child=7 2 -2 4 -3 -5 -7 -1
right_child=1 3 -4 5 -6 6 -8 -9
leaf_value=-0.0046992567852915581 0.00084022751078009598 -0.0019627569588246169 -0.015196625495260147 -0.014581301860744134 0.023685299560356029 -0.0017671924555500926 0.0087633458533040859 0.012428780155558442
leaf_weight=24 55 27 47 32 26 215 69 37
leaf_count=24 55 27 47 32 26 215 69 37
internal_value=0 -0.000736906 -0.0065493 0.000869773 0.0106193 -0.000765434 0.000791283 0.00568988
internal_weight=0 471 102 369 53 316 284 61
internal_count=532 471 102 369 53 316 284 61
is_linear=0
shrinkage=0.1


Tree=72
num_leaves=9
num_cat=0
split_feature=21 13 10 14 44 30 52 36
split_gain=0.233417 0.866587 0.648845 0.728014 0.680404 1.0766 0.688866 0.320025
threshold=3.6637359812630111e-15 1.2424533248940006 3.3796614595446588e-19 2.4414009612931857 4.2121001622835363 3.8393944990995772 1.8688348091416844 2.0816681711721688e-16
decision_type=2 2 2 2 2 2 2 2
left_child=1 -1 -2 7 6 -6 -5 -4
right_child=2 -3 3 4 5 -7 -8 -9
leaf_value=-0.020258796847580623 0.013222364756572798 0.0058570302505460059 -0.019247895320101332 0.021210226301963515 -0.02098123621609476 0.00034510331279307143 0.0033907578472503045 -0.0048337377282942455
leaf_weight=24 38 27 24 26 27 192 131 43
leaf_count=24 38 27 24 26 27 192 131 43
internal_value=0 -0.00643277 0.000682061 -0.000393631 0.00131761 -0.00228417 0.00634175 -0.00999702
internal_weight=0 51 481 443 376 219 157 67
internal_count=532 51 481 443 376 219 157 67
is_linear=0
shrinkage=0.1


Tree=73
num_leaves=6
num_cat=0
split_feature=14 15 47 43 29
split_gain=0.215964 0.613727 0.365028 0.308768 0.369762
threshold=5.9776183370995293 3.2769667020129059 4.7748328387899024 3.6242520361853052 5.4227230155794315
decision_type=2 2 2 2 2
left_child=1 2 3 4 -1
right_child=-2 -3 -4 -5 -6
leaf_value=-0.00044301412072562794 0.009269595320802182 -0.016399027322135544 0.011618067115045119 -0.0087405954464338711 0.010294792706346406
leaf_weight=383 24 23 27 40 35
leaf_count=383 24 23 27 40 35
internal_value=0 -0.000437934 0.000318984 -0.000347119 0.000456085
internal_weight=0 508 485 458 418
internal_count=532 508 485 458 418
is_linear=0
shrinkage=0.1


Tree=74
num_leaves=6
num_cat=0
split_feature=47 30 39 40 25
split_gain=0.218034 0.469112 0.239152 0.306869 0.562115
threshold=5.2224405889342691 5.680149311755657 5.6987685299480466 5.1328485759866682 2.3502401828962087
decision_type=2 2 2 2 2
left_child=1 2 3 4 -1
right_child=-2 -3 -4 -5 -6
leaf_value=0.00080132623826638383 -0.0093139130466928077 0.014394493267426027 -0.0076282844939851201 0.0085784029991676416 -0.011978553883780383
leaf_weight=365 24 23 40 42 38
leaf_count=365 24 23 40 42 38
internal_value=0 0.000440027 -0.000221731 0.000444027 -0.000403724
internal_weight=0 508 485 445 403
internal_count=532 508 485 445 403
is_linear=0
shrinkage=0.1


Tree=75
num_leaves=6
num_cat=0
split_feature=55 55 41 31 31
split_gain=0.237467 0.457878 0.546447 0.695285 0.392667
threshold=1.4978661367769956 2.0126758453675748 5.195266323818359 4.7749040587885982 4.3502571242716384
decision_type=2 2 2 2 2
left_child=-1 -2 3 4 -3
right_child=1 2 -4 -5 -6
leaf_value=-0.0083513367280829698 0.012512314979297421 0.00067836399077091341 -0.014929023202663908 0.017493387506059981 -0.0093017721247054975
leaf_weight=32 30 379 24 23 44
leaf_count=32 30 379 24 23 44
internal_value=0 0.000534486 -0.000230057 0.000560919 -0.000359759
internal_weight=0 500 470 446 423
internal_count=532 500 470 446 423
is_linear=0
shrinkage=0.1


Tree=76
num_leaves=9
num_cat=0
split_feature=21 41 54 25 51 40 31 36
split_gain=0.213283 0.623958 0.472005 0.636266 0.560126 0.711172 0.317642 0.43719
threshold=2.9174053685313033 2.6735537653587351 3.7726948748059121 2.1383330595080285 3.6637359812630111e-15 2.1383330595080281 2.9700856263602162 2.0816681711721688e-16
decision_type=2 2 2 2 2 2 2 2
left_child=2 -2 4 -4 -1 -6 -3 -8
right_child=1 6 3 -5 5 -7 7 -9
leaf_value=-0.0099454802026351305 0.015996042797686877 -0.010891153531459471 -0.016325917764463359 0.0035712936595082285 0.016465775301413878 -0.0036931858311956087 -0.0080668108408442803 0.002591010291699173
leaf_weight=30 27 24 45 25 35 35 45 266
leaf_count=30 27 24 45 25 35 35 45 266
internal_value=0 0.00137212 -0.00292181 -0.00921977 0.00148676 0.00638629 0.000193476 0.00104888
internal_weight=0 362 170 70 100 70 335 311
internal_count=532 362 170 70 100 70 335 311
is_linear=0
shrinkage=0.1


Tree=77
num_leaves=7
num_cat=0
split_feature=55 55 28 45 3 24
split_gain=0.197631 0.366203 0.488351 0.326984 0.76248 0.290952
threshold=1.4978661367769956 2.249904835165133 5.1845846780664209 2.8617925509761908 2.0126758453675753 5.1901713283654836
decision_type=2 2 2 2 2 2
left_child=-1 5 3 4 -3 -2
right_child=1 2 -4 -5 -6 -7
leaf_value=-0.0076187144324649132 0.0012774997314688964 -0.00052285409761883956 -0.011937535540474688 -0.010803340794518591 0.012375058640093315 0.016546236909925939
leaf_weight=32 26 339 34 24 53 24
leaf_count=32 26 339 34 24 53 24
internal_value=0 0.000487598 -0.000414502 0.000527285 0.001221 0.00860649
internal_weight=0 500 450 416 392 50
internal_count=532 500 450 416 392 50
is_linear=0
shrinkage=0.1


Tree=78
num_leaves=9
num_cat=0
split_feature=11 41 31 26 41 57 54 17
split_gain=0.1956 0.398075 0.473552 0.373388 0.324083 0.401729 0.458044 0.367999
threshold=1.2424533248940004 2.3502401828962087 1.8688348091416846 1.0000000180025095e-35 2.9174053685313033 3.8176519431297078 2.4414009612931857 5.0594204191876377
decision_type=2 2 2 2 2 2 2 2
left_child=3 2 -2 -1 -3 7 -7 -6
right_child=1 4 -4 -5 5 6 -8 -9
leaf_value=0.014405548568958274 -0.017111706912207106 0.0086577939314090406 -0.00081826420500874519 -0.0014151098366294588 -0.0032287024675259515 -0.0029212185112690485 0.014414175397333957 0.0082979319842472182
leaf_weight=26 30 44 44 35 260 27 35 31
leaf_count=26 30 44 44 35 260 27 35 31
internal_value=0 -0.000690054 -0.00742371 0.00532812 0.000565087 -0.000443636 0.00686489 -0.00200078
internal_weight=0 471 74 61 397 353 62 291
internal_count=532 471 74 61 397 353 62 291
is_linear=0
shrinkage=0.1


Tree=79
num_leaves=6
num_cat=0
split_feature=47 4 45 4 4
split_gain=0.180947 0.407416 0.251109 0.299709 0.364111
threshold=5.2224405889342691 3.3497501700808394 2.8617925509761908 2.740319461670996 2.3502401828962087
decision_type=2 2 2 2 2
left_child=1 2 3 4 -1
right_child=-2 -3 -4 -5 -6
leaf_value=0.00050398177824530546 -0.0084848825509349513 0.013118438079254703 -0.0085163388293414532 0.010229322391337363 -0.011298749675708158
leaf_weight=393 24 24 34 29 28
leaf_count=393 24 24 34 29 28
internal_value=0 0.000400861 -0.000229763 0.000396334 -0.000280998
internal_weight=0 508 484 450 421
internal_count=532 508 484 450 421
is_linear=0
shrinkage=0.1


Tree=80
num_leaves=8
num_cat=0
split_feature=21 13 8 18 2 9 44
split_gain=0.179276 0.690001 0.582465 0.383954 0.362208 0.529925 0.475562
threshold=3.6637359812630111e-15 1.2424533248940006 7.8929918156944735e-17 2.1383330595080281 3.4694469519536137e-16 4.4248287033199567 2.3502401828962087
decision_type=2 2 2 2 2 2 2
left_child=1 -1 -2 -4 5 -5 -6
right_child=2 -3 3 4 6 -7 -8
leaf_value=-0.017974770177776614 0.012832386429525083 0.005328806596635669 -0.0098694500976051081 0.0012381382732860073 -0.014979440973990638 0.017762948321695959 -3.4998746780282739e-05
leaf_weight=24 36 27 39 69 23 27 287
leaf_count=24 36 27 39 69 23 27 287
internal_value=0 -0.00563758 0.000597748 -0.000392021 0.000518373 0.00588574 -0.00114378
internal_weight=0 51 481 445 406 96 310
internal_count=532 51 481 445 406 96 310
is_linear=0
shrinkage=0.1


Tree=81
num_leaves=9
num_cat=0
split_feature=20 14 39 18 38 3 7 29
split_gain=0.175139 0.518499 0.517913 0.384174 0.690228 0.78207 0.515372 0.381331
threshold=0.34657359027997436 2.4414009612931857 3.637239779386936 1.7005986908310782 3.7256208424938388 1.3660947373317357e-17 2.6735537653587347 3.4498615536424366
decision_type=2 2 2 2 2 2 2 2
left_child=2 7 -1 -3 5 -5 -6 -2
right_child=1 3 -4 4 6 -7 -8 -9
leaf_value=0.011513121299106968 -0.0027657678213847039 -0.011719703014629584 -0.0050594652128038986 -0.0019436942372361527 -0.014996032757111467 0.014288917761667776 -0.00012574881718804438 -0.019229184304519246
leaf_weight=44 34 24 33 51 26 71 225 24
leaf_count=44 34 24 33 51 26 71 225 24
internal_value=0 -0.000746407 0.00441058 0.000543883 0.00133296 0.00750315 -0.0016661 -0.00957822
internal_weight=0 455 77 397 373 122 251 58
internal_count=532 455 77 397 373 122 251 58
is_linear=0
shrinkage=0.1


Tree=82
num_leaves=8
num_cat=0
split_feature=14 14 9 24 17 27 38
split_gain=0.187678 0.329798 0.59694 0.390089 0.605339 0.425158 0.594552
threshold=1.0000000180025095e-35 2.4414009612931857 2.9700856263602158 2.8029010331479989 1.7005986908310782 1.4978661367769959 3.7256208424938388
decision_type=2 2 2 2 2 2 2
left_child=-1 2 -2 4 -3 -5 -7
right_child=1 3 -4 5 -6 6 -8
leaf_value=0.0074243921670131387 0.0024425664235179019 0.02036901089983682 -0.014422135632810033 -0.010014761366495272 -0.0023337492653492677 0.0078722275932715541 -0.001771919300955531
leaf_weight=32 41 24 43 41 23 87 241
leaf_count=32 41 24 43 41 23 87 241
internal_value=0 -0.000475161 -0.00619055 0.000678909 0.00925915 -0.000413967 0.000786132
internal_weight=0 500 84 416 47 369 328
internal_count=532 500 84 416 47 369 328
is_linear=0
shrinkage=0.1


Tree=83
num_leaves=9
num_cat=0
split_feature=35 26 20 52 3 42 13 55
split_gain=0.174572 0.534992 0.753004 0.56643 0.558949 0.549674 0.997651 0.396046
threshold=1.3281476612947431e-18 1.4978661367769959 3.9019216517693867 2.6735537653587347 6.3837823915946491e-16 3.3497501700808399 2.249904835165133 2.524928003624769
decision_type=2 2 2 2 2 2 2 2
left_child=-1 3 -3 4 -2 6 -4 -7
right_child=1 2 5 -5 -6 7 -8 -9
leaf_value=-0.0028510559888958349 0.010746690272870993 -0.012804416537364114 -0.0019780370762900396 0.019513710395053584 -0.0051969305503853534 0.0026089621480381072 0.024043846531556206 -0.0074822753685867592
leaf_weight=153 45 47 34 27 43 86 26 71
leaf_count=153 45 47 34 27 43 86 26 71
internal_value=0 0.00115095 -0.00132876 0.00684351 0.00295606 0.00115676 0.00929811 -0.00195459
internal_weight=0 379 264 115 88 217 60 157
internal_count=532 379 264 115 88 217 60 157
is_linear=0
shrinkage=0.1


Tree=84
num_leaves=6
num_cat=0
split_feature=12 10 26 57 19
split_gain=0.171878 0.337736 0.308652 0.291764 0.261862
threshold=4.8319167245474652 5.7219484392798972 4.007167868649713 1.8688348091416842 5.5392989060884821
decision_type=2 2 2 2 2
left_child=1 2 3 -1 -5
right_child=-2 -3 -4 4 -6
leaf_value=-0.011509988469112178 0.0067732755334249566 -0.012049713369924575 0.010105527552539195 0.00077183880221642128 -0.0086389809002412228
leaf_weight=23 35 24 29 389 32
leaf_count=23 35 24 29 389 32
internal_value=0 -0.000476991 0.000110208 -0.000542639 5.65271e-05
internal_weight=0 497 473 444 421
internal_count=532 497 473 444 421
is_linear=0
shrinkage=0.1


Tree=85
num_leaves=7
num_cat=0
split_feature=16 19 19 46 25 54
split_gain=0.162128 0.439374 0.20356 0.448103 0.438486 0.421598
threshold=4.3214721983609001 5.8790874357333278 5.2600927804663344 3.2769667020129059 2.3502401828962087 4.9801701820644562
decision_type=2 2 2 2 2 2
left_child=1 2 3 4 -1 -4
right_child=-2 -3 5 -5 -6 -7
leaf_value=0.00090481384207651222 -0.0067883888513527134 0.012181493953879304 -0.011708794711807441 0.013635276460088788 -0.011195102091314215 0.0022147035392911427
leaf_weight=324 33 30 43 25 33 44
leaf_count=324 33 30 43 25 33 44
internal_value=0 0.000448932 -0.000301552 0.000692679 -0.000213666 -0.00466703
internal_weight=0 499 469 382 357 87
internal_count=532 499 469 382 357 87
is_linear=0
shrinkage=0.1


Tree=86
num_leaves=9
num_cat=0
split_feature=35 48 15 21 15 31 10 42
split_gain=0.158793 0.470058 0.948035 0.614956 0.871485 0.353051 0.342226 0.343924
threshold=1.3281476612947431e-18 3.3140206880897671 1.8688348091416844 2.4414009612931862 1.3877787807814457e-16 4.4601277074540464 4.0859410030639109 3.3497501700808399
decision_type=2 2 2 2 2 2 2 2
left_child=5 2 3 -2 -5 -1 -3 -8
right_child=1 6 -4 4 -6 -7 7 -9
leaf_value=-0.00049549010757815148 0.00083165581409747795 -0.0069703416601340808 -0.0080341446461776895 0.0063082397854684492 0.033836642729685361 -0.013096264073694195 0.008352069102455768 -0.0012518392268154855
leaf_weight=126 26 72 30 23 23 27 49 156
leaf_count=126 26 72 30 23 23 27 49 156
internal_value=0 0.00109771 0.00690128 0.0131244 0.0200724 -0.00271916 -0.00103935 0.00104373
internal_weight=0 379 102 72 46 153 277 205
internal_count=532 379 102 72 46 153 277 205
is_linear=0
shrinkage=0.1


Tree=87
num_leaves=9
num_cat=0
split_feature=17 44 7 35 1 2 12 34
split_gain=0.165211 0.271831 0.474878 0.41251 0.579875 0.485526 0.40866 0.681492
threshold=5.0594204191876377 4.5695295849856103 3.8393944990995772 1.8688348091416844 1.8688348091416846 3.0677824455408698 3.4811217321331038 3.4175922930736511
decision_type=2 2 2 2 2 2 2 2
left_child=1 2 6 -3 -5 -6 7 -1
right_child=-2 3 -4 4 5 -7 -8 -9
leaf_value=-0.0023126090404266323 0.0067443211891633622 -0.011562229335612181 0.012282736138920025 0.010983798116438031 -0.013696937618244974 0.0033456159697379919 -0.011258441644410293 0.0081592226534017501
leaf_weight=196 34 49 34 31 35 32 30 91
leaf_count=196 34 49 34 31 35 32 30 91
internal_value=0 -0.000460456 0.0010515 -0.00407064 -0.000324851 -0.00555721 -0.000153108 0.00100773
internal_weight=0 498 351 147 98 67 317 287
internal_count=532 498 351 147 98 67 317 287
is_linear=0
shrinkage=0.1


Tree=88
num_leaves=9
num_cat=0
split_feature=14 31 31 2 5 36 33 2
split_gain=0.159104 0.28939 0.55908 0.439533 1.34724 0.428424 0.694833 0.385536
threshold=1.0000000180025095e-35 2.8029010331479989 3.1132683346437333 2.1383330595080285 1.2424533248940006 2.0816681711721688e-16 0.69314718055994573 7.7079998200141343e-20
decision_type=2 2 2 2 2 2 2 2
left_child=-1 3 -3 4 7 -4 -7 -2
right_child=1 2 5 -5 -6 6 -8 -9
leaf_value=0.0068358903226908296 -0.0092817082565518159 0.011994358197581477 -0.0090156931278048743 0.0063219266558258705 -0.027242555232861867 0.011805704221711495 -0.0011960608768780835 0.0053479107053473942
leaf_weight=32 31 41 49 29 26 50 231 43
leaf_count=32 31 41 49 29 26 50 231 43
internal_value=0 -0.000437497 0.000981118 -0.00451739 -0.00766079 -0.000387193 0.00111742 -0.000780713
internal_weight=0 500 371 129 100 330 281 74
internal_count=532 500 371 129 100 330 281 74
is_linear=0
shrinkage=0.1


Tree=89
num_leaves=9
num_cat=0
split_feature=21 13 10 14 2 47 22 22
split_gain=0.158896 0.545908 0.501984 0.36755 0.407409 0.767388 0.269905 0.268039
threshold=3.6637359812630111e-15 1.2424533248940006 3.3796614595446588e-19 2.4414009612931857 3.4694469519536137e-16 2.0126758453675753 2.740319461670996 1.700598690831078
decision_type=2 2 2 2 2 2 2 2
left_child=1 -1 -2 7 5 -5 -6 -4
right_child=2 -3 3 4 6 -7 -8 -9
leaf_value=-0.016281120052250724 0.011592926472229393 0.0044468681845400071 3.3260246032270894e-05 0.00064365498758122038 -0.0063426096180645639 0.022646275438044386 0.00081464062533420959 -0.012732460855898499
leaf_weight=24 38 27 29 51 68 23 234 38
leaf_count=24 38 27 29 51 68 23 234 38
internal_value=0 -0.00530748 0.000562747 -0.000383408 0.000832498 0.00748231 -0.000796926 -0.007207
internal_weight=0 51 481 443 376 74 302 67
internal_count=532 51 481 443 376 74 302 67
is_linear=0
shrinkage=0.1


Tree=90
num_leaves=6
num_cat=0
split_feature=12 54 2 21 10
split_gain=0.14819 0.306419 0.265702 0.267088 0.421813
threshold=4.8319167245474652 5.703760251940138 3.2384861814448418 3.6637359812630111e-15 3.3796614595446588e-19
decision_type=2 2 2 2 2
left_child=1 2 3 -1 -5
right_child=-2 -3 -4 4 -6
leaf_value=-0.0077162719207505386 0.0062892447784543039 -0.011231893382966519 0.010611552060784206 0.010433633887748185 -0.00063562229327549609
leaf_weight=45 35 25 23 38 366
leaf_count=45 35 25 23 38 366
internal_value=0 -0.000442905 0.000128546 -0.000408445 0.000405545
internal_weight=0 497 472 449 404
internal_count=532 497 472 449 404
is_linear=0
shrinkage=0.1


Tree=91
num_leaves=9
num_cat=0
split_feature=11 41 34 51 51 4 57 28
split_gain=0.153044 0.292234 0.359197 0.276181 0.255247 0.802799 0.297088 0.387995
threshold=1.2424533248940004 2.3502401828962087 2.9174053685313033 2.0126758453675753 3.0677824455408698 6.3837823915946491e-16 3.8176519431297078 4.9663289649179552
decision_type=2 2 2 2 2 2 2 2
left_child=3 2 -2 -1 5 -3 7 -6
right_child=1 4 -4 -5 6 -7 -8 -9
leaf_value=-0.0010864141583442689 0.0028123195731529485 -0.0083164581358432781 -0.011660438117155052 0.012519913896148167 -0.0044798985326079382 0.014123991186286071 0.0059348277281969786 0.0038397545821646445
leaf_weight=35 27 25 47 26 193 44 56 79
leaf_count=35 27 25 47 26 193 44 56 79
internal_value=0 -0.000610389 -0.00637984 0.004713 0.000465024 0.00599339 -0.000697956 -0.00206353
internal_weight=0 471 74 61 397 69 328 272
internal_count=532 471 74 61 397 69 328 272
is_linear=0
shrinkage=0.1


Tree=92
num_leaves=9
num_cat=0
split_feature=16 47 44 37 7 7 28 57
split_gain=0.145071 0.337468 0.185368 0.423055 0.647465 0.320395 0.474793 0.309304
threshold=4.3214721983609001 4.9307073880571108 4.5695295849856103 2.8617925509761908 3.1984648276080736 3.1984648276080736 3.9415346756528771 2.3502401828962087
decision_type=2 2 2 2 2 2 2 2
left_child=1 2 5 -4 -5 6 -1 -7
right_child=-2 -3 3 4 -6 7 -8 -9
leaf_value=0.00089975719300113433 -0.0064213652601183367 0.012255230477160733 -0.015684404604784822 0.012311913448918079 -0.0054454513819428623 -0.0022267161807774205 -0.013050719003917445 0.012028612658484943
leaf_weight=253 33 23 23 28 77 23 27 45
leaf_count=253 33 23 23 28 77 23 27 45
internal_value=0 0.000424659 -0.000146986 -0.00340084 -0.000710154 0.00104983 -0.000445467 0.00720696
internal_weight=0 499 476 128 105 348 280 68
internal_count=532 499 476 128 105 348 280 68
is_linear=0
shrinkage=0.1


Tree=93
num_leaves=7
num_cat=0
split_feature=14 30 19 48 36 28
split_gain=0.157577 0.490668 0.243221 0.19615 0.571419 0.312371
threshold=5.9776183370995293 5.9308960012484802 5.8790874357333278 2.9700856263602162 0.69314718055994484 3.1567740231385479
decision_type=2 2 2 2 2 2
left_child=1 2 3 4 -1 -5
right_child=-2 -3 -4 5 -6 -7
leaf_value=-0.0029600272584270611 0.007918022697170575 -0.014645557947780774 0.0097118346325050179 -0.010175742142093488 0.0084257076373071334 -0.00053468995182410866
leaf_weight=94 24 23 26 39 83 243
leaf_count=94 24 23 26 39 83 243
internal_value=0 -0.00037408 0.000302712 -0.000230267 0.00237905 -0.00186803
internal_weight=0 508 485 459 177 282
internal_count=532 508 485 459 177 282
is_linear=0
shrinkage=0.1


Tree=94
num_leaves=9
num_cat=0
split_feature=14 44 26 24 27 27 2 22
split_gain=0.141097 0.272669 0.50419 0.273862 0.483365 0.416224 0.477062 0.24606
threshold=1.0000000180025095e-35 2.1383330595080281 0.69314718055994484 2.9174053685313033 1.2424533248940006 1.7005986908310782 3.4694469519536137e-16 2.6735537653587347
decision_type=2 2 2 2 2 2 2 2
left_child=-1 2 -2 4 -3 -5 -7 -6
right_child=1 3 -4 5 7 6 -8 -9
leaf_value=0.0064374269481049856 -0.015202786259804714 0.017399309523403645 0.0015919800776128586 -0.0091580745830599757 -0.0072130820749368042 0.01232280629046727 -0.00058040942686157857 0.0071189291477203381
leaf_weight=32 33 25 39 49 23 32 274 25
leaf_count=32 33 25 39 49 23 32 274 25
internal_value=0 -0.000411995 -0.00610562 0.000545811 0.00612404 -0.000601262 0.000768946 0.000251507
internal_weight=0 500 72 428 73 355 306 48
internal_count=532 500 72 428 73 355 306 48
is_linear=0
shrinkage=0.1


Tree=95
num_leaves=8
num_cat=0
split_feature=20 1 39 29 44 15 41
split_gain=0.13287 0.436992 0.325191 0.497024 0.450943 0.238497 0.21605
threshold=0.34657359027997436 5.2041704279304219e-17 1.386294361119891 2.4414009612931857 2.1383330595080281 1.0000000180025095e-35 1.2424533248940004
decision_type=2 2 2 2 2 2 2
left_child=1 5 -2 -4 -5 -1 -6
right_child=2 -3 3 4 6 -7 -8
leaf_value=0.0051683907504551686 -0.0099110445007681847 0.014392551693834741 0.014095145561926379 -0.012106480925285724 -0.0088945145097871613 -0.008511110395193101 0.00092256492034614311
leaf_weight=26 35 26 24 32 24 25 340
leaf_count=26 35 26 24 32 24 25 340
internal_value=0 0.00384165 -0.000650125 0.000121619 -0.000725262 -0.00153725 0.000275285
internal_weight=0 77 455 420 396 51 364
internal_count=532 77 455 420 396 51 364
is_linear=0
shrinkage=0.1


Tree=96
num_leaves=6
num_cat=0
split_feature=55 55 41 31 31
split_gain=0.133361 0.293629 0.410001 0.356853 0.267564
threshold=1.4978661367769956 2.0126758453675748 5.195266323818359 4.7749040587885982 4.3502571242716384
decision_type=2 2 2 2 2
left_child=-1 -2 3 4 -3
right_child=1 2 -4 -5 -6
leaf_value=-0.0062584776635048918 0.0099924084606269996 0.00067079332594189667 -0.012943961626539628 0.012604078958215921 -0.0075675083701340065
leaf_weight=32 30 379 24 23 44
leaf_count=32 30 379 24 23 44
internal_value=0 0.000400543 -0.000211704 0.00047344 -0.000186146
internal_weight=0 500 470 446 423
internal_count=532 500 470 446 423
is_linear=0
shrinkage=0.1


Tree=97
num_leaves=7
num_cat=0
split_feature=14 30 19 9 14 10
split_gain=0.136994 0.384647 0.193843 0.177462 0.312632 0.179814
threshold=5.9776183370995293 5.9308960012484802 5.8790874357333278 5.5134206165463437 4.8039874504845796 5.3683070215747577
decision_type=2 2 2 2 2 2
left_child=1 2 3 4 -1 -5
right_child=-2 -3 -4 5 -6 -7
leaf_value=-0.00064882056669555077 0.0073827982724954683 -0.012984693730654924 0.0086503402177745912 -0.011849700000137091 0.0073906837573304079 0.00040206432585483009
leaf_weight=355 24 23 26 25 56 23
leaf_count=355 24 23 26 25 56 23
internal_value=0 -0.000348794 0.000250435 -0.000225377 0.000446586 -0.00597906
internal_weight=0 508 485 459 411 48
internal_count=532 508 485 459 411 48
is_linear=0
shrinkage=0.1


Tree=98
num_leaves=9
num_cat=0
split_feature=17 44 5 34 35 1 2 23
split_gain=0.129472 0.219187 0.341338 0.687061 0.329309 0.427255 0.325453 0.315128
threshold=5.0594204191876377 4.5695295849856103 2.1383330595080285 3.8606743063089755 1.8688348091416844 1.8688348091416846 3.0677824455408698 2.6735537653587347
decision_type=2 2 2 2 2 2 2 2
left_child=1 2 7 -4 -3 -6 -7 -1
right_child=-2 4 3 -5 5 6 -8 -9
leaf_value=0.00085712799272086066 0.0059704429771312902 -0.010343012320143837 -0.0023682198795159501 0.019242226568582869 0.0094043998483328093 -0.011458153884325709 0.0024949947861387049 -0.0086973016324918724
leaf_weight=252 34 49 31 28 31 35 32 40
leaf_count=252 34 49 31 28 31 35 32 40
internal_value=0 -0.000407621 0.000950062 0.00788759 -0.00364943 -0.000302644 -0.00479396 -0.000451698
internal_weight=0 498 351 59 147 98 67 292
internal_count=532 498 351 59 147 98 67 292
is_linear=0
shrinkage=0.1


Tree=99
num_leaves=8
num_cat=0
split_feature=11 18 42 41 41 41 18
split_gain=0.1204 0.261477 0.346423 0.23335 0.219242 0.261239 0.256339
threshold=1.2424533248940004 2.6562953225894862e-18 1.2424533248939997 2.1383330595080285 2.3502401828962087 2.9174053685313033 3.6505739029280164
decision_type=2 2 2 2 2 2 2
left_child=3 -2 -3 -1 6 -6 -4
right_child=1 2 4 -5 5 -7 -8
leaf_value=0.0089920984801689276 -0.0094180969551445979 0.010103193522081711 0.00039508601743727922 -0.0037697318495939613 0.0082520193216623749 -0.00073155444699290247 -0.013786844791880307
leaf_weight=38 31 32 25 23 36 321 26
leaf_count=38 31 32 25 23 36 321 26
internal_value=0 -0.000541393 8.40116e-05 0.00418026 -0.000701807 0.000174352 -0.00683492
internal_weight=0 471 440 61 408 357 51
internal_count=532 471 440 61 408 357 51
is_linear=0
shrinkage=0.1


end of trees

feature_importances:
Column_55=42
Column_14=32
Column_11=31
Column_7=24
Column_31=21
Column_0=19
Column_10=18
Column_2=17
Column_13=17
Column_21=17
Column_41=17
Column_47=17
Column_6=15
Column_38=15
Column_51=15
Column_12=14
Column_26=14
Column_43=14
Column_3=13
Column_39=13
Column_42=13
Column_48=13
Column_57=13
Column_8=12
Column_16=12
Column_17=12
Column_24=12
Column_49=12
Column_19=11
Column_28=11
Column_32=11
Column_33=11
Column_44=11
Column_5=10
Column_29=10
Column_53=10
Column_4=9
Column_9=9
Column_22=9
Column_27=9
Column_34=9
Column_35=9
Column_36=9
Column_52=9
Column_54=9
Column_40=8
Column_46=8
Column_1=7
Column_20=7
Column_30=7
Column_37=7
Column_45=7
Column_56=7
Column_15=5
Column_18=5
Column_25=4
Column_50=3
Column_23=2

parameters:
[boosting: gbdt]
[objective: regression]
[metric: l1]
[tree_learner: serial]
[device_type: cpu]
[data_sample_strategy: bagging]
[data: ]
[valid: ]
[num_iterations: 100]
[learning_rate: 0.1]
[num_leaves: 9]
[num_threads: 16]
[seed: 0]
[deterministic: 0]
[force_col_wise: 0]
[force_row_wise: 0]
[histogram_pool_size: -1]
[max_depth: 5]
[min_data_in_leaf: 23]
[min_sum_hessian_in_leaf: 0.001]
[bagging_fraction: 1]
[pos_bagging_fraction: 1]
[neg_bagging_fraction: 1]
[bagging_freq: 0]
[bagging_seed: 3]
[feature_fraction: 1]
[feature_fraction_bynode: 1]
[feature_fraction_seed: 2]
[extra_trees: 0]
[extra_seed: 6]
[early_stopping_round: 0]
[first_metric_only: 0]
[max_delta_step: 0]
[lambda_l1: 0]
[lambda_l2: 0]
[linear_lambda: 0]
[min_gain_to_split: 0]
[drop_rate: 0.1]
[max_drop: 50]
[skip_drop: 0.5]
[xgboost_dart_mode: 0]
[uniform_drop: 0]
[drop_seed: 4]
[top_rate: 0.2]
[other_rate: 0.1]
[min_data_per_group: 100]
[max_cat_threshold: 32]
[cat_l2: 10]
[cat_smooth: 10]
[max_cat_to_onehot: 4]
[top_k: 20]
[monotone_constraints: ]
[monotone_constraints_method: basic]
[monotone_penalty: 0]
[feature_contri: ]
[forcedsplits_filename: ]
[refit_decay_rate: 0.9]
[cegb_tradeoff: 1]
[cegb_penalty_split: 0]
[cegb_penalty_feature_lazy: ]
[cegb_penalty_feature_coupled: ]
[path_smooth: 0]
[interaction_constraints: ]
[verbosity: -1]
[saved_feature_importance_type: 0]
[use_quantized_grad: 0]
[num_grad_quant_bins: 4]
[quant_train_renew_leaf: 0]
[stochastic_rounding: 1]
[linear_tree: 0]
[max_bin: 255]
[max_bin_by_feature: ]
[min_data_in_bin: 3]
[bin_construct_sample_cnt: 200000]
[data_random_seed: 1]
[is_enable_sparse: 1]
[enable_bundle: 1]
[use_missing: 1]
[zero_as_missing: 0]
[feature_pre_filter: 1]
[pre_partition: 0]
[two_round: 0]
[header: 0]
[label_column: ]
[weight_column: ]
[group_column: ]
[ignore_column: ]
[categorical_feature: ]
[forcedbins_filename: ]
[precise_float_parser: 0]
[parser_config_file: ]
[objective_seed: 5]
[num_class: 1]
[is_unbalance: 0]
[scale_pos_weight: 1]
[sigmoid: 1]
[boost_from_average: 1]
[reg_sqrt: 0]
[alpha: 0.9]
[fair_c: 1]
[poisson_max_delta_step: 0.7]
[tweedie_variance_power: 1.5]
[lambdarank_truncation_level: 30]
[lambdarank_norm: 1]
[label_gain: ]
[lambdarank_position_bias_regularization: 0]
[eval_at: ]
[multi_error_top_k: 1]
[auc_mu_weights: ]
[num_machines: 1]
[local_listen_port: 12400]
[time_out: 120]
[machine_list_filename: ]
[machines: ]
[gpu_platform_id: -1]
[gpu_device_id: -1]
[gpu_use_dp: 0]
[num_gpu: 1]

end of parameters

pandas_categorical:null
