tree
version=v4
num_class=1
num_tree_per_iteration=1
label_index=0
max_feature_idx=60
objective=regression
feature_names=Column_0 Column_1 Column_2 Column_3 Column_4 Column_5 Column_6 Column_7 Column_8 Column_9 Column_10 Column_11 Column_12 Column_13 Column_14 Column_15 Column_16 Column_17 Column_18 Column_19 Column_20 Column_21 Column_22 Column_23 Column_24 Column_25 Column_26 Column_27 Column_28 Column_29 Column_30 Column_31 Column_32 Column_33 Column_34 Column_35 Column_36 Column_37 Column_38 Column_39 Column_40 Column_41 Column_42 Column_43 Column_44 Column_45 Column_46 Column_47 Column_48 Column_49 Column_50 Column_51 Column_52 Column_53 Column_54 Column_55 Column_56 Column_57 Column_58 Column_59 Column_60
feature_infos=[0:5.5606816310155276] [0:5.5606816310155276] [0:5.5606816310155276] [0:5.5606816310155276] [0:5.5606816310155276] [0.69314718055994529:5.5606816310155276] [0.69314718055994473:6.0161571596983539] [0:5.4467373716663099] [0.69314718055994529:7.4489161025442003] [0.69314718055994529:8.4287990406536419] [0.69314718055994529:7.9540210872780372] [0.69314718055994529:7.1308988302963465] [0:6.3456363608285962] [0.69314718055994529:6.6567265241783913] [0.69314718055994529:8.4904384541074176] [0.69314718055994473:6.0161571596983539] [0:5.4467373716663099] [0.69314718055994529:7.4489161025442003] [0.69314718055994529:8.4287990406536419] [0.69314718055994529:7.9540210872780372] [0.69314718055994529:7.1308988302963465] [0:6.3456363608285962] [0.69314718055994529:6.6567265241783913] [0.69314718055994529:8.4904384541074176] [0.69314718055994473:6.0161571596983539] [0:5.4467373716663099] [0.69314718055994529:7.4489161025442003] [0.69314718055994529:8.4287990406536419] [0.69314718055994529:7.9540210872780372] [0.69314718055994529:7.1308988302963465] [0:6.3456363608285962] [0.69314718055994529:6.6567265241783913] [0.69314718055994529:8.4904384541074176] [0.69314718055994473:6.0161571596983539] [0:5.4467373716663099] [0.69314718055994529:7.4489161025442003] [0.69314718055994529:8.4287990406536419] [0.69314718055994529:7.9540210872780372] [0.69314718055994529:7.1308988302963465] [0:6.3456363608285962] [0.69314718055994529:6.6567265241783913] [0.69314718055994529:8.4904384541074176] [0.69314718055994473:6.0161571596983539] [0:5.4467373716663099] [0.69314718055994529:7.4489161025442003] [0.69314718055994529:8.4287990406536419] [0.69314718055994529:7.9540210872780372] [0.69314718055994529:7.1308988302963465] [0:6.3456363608285962] [0.69314718055994529:6.6567265241783913] [0.69314718055994529:8.4904384541074176] [0.69314718055994529:6.0161571596983539] [0:5.4467373716663099] [0.69314718055994529:7.4454175567016874] [0.69314718055994529:8.4287990406536419] [0.69314718055994529:7.9540210872780372] [0.69314718055994529:7.1308988302963465] [0.69314718055994529:6.3456363608285962] [0.69314718055994529:6.4002574453088208] [0.69314718055994529:8.4904384541074176] [0.69314718055994529:3.970291913552122]
tree_sizes=800 828 792 827 830 817 814 820 873 830 854 819 843 858 871 836 826 789 845 759 844 875 765 839 762 690 814 833 849 778 852 791 821 846 845 599 787 523 835 713 606 790 541 863 852 617 594 591 597 518 606 597 853 809 528 611 522 829 605 624 620 601 891 773 595 867 785 778 527 869 775 889 885 614 609 526 858 594 812 782 527 793 784 830 860 620 611 884 608 880 782 771 778 880 884 885 890 608 520 900

Tree=0
num_leaves=8
num_cat=0
split_feature=0 0 0 36 6 1 14
split_gain=543.858 47.7611 31.6557 9.41252 8.61742 7.10544 5.49104
threshold=2.3937458713910238 3.4334666422309414 1.2424533248940006 7.8916224095748024 1.2424533248940004 1.8688348091416844 5.598394523403428
decision_type=2 2 2 2 2 2 2
left_child=2 4 5 -3 -2 -1 -4
right_child=1 3 6 -5 -6 -7 -8
leaf_value=1.8831672839804747 2.031895597380692 2.1752234289411607 1.933157946683576 2.2892591382218774 2.1004827323377175 1.9699048460675652 1.9774491570388755
leaf_weight=170 23 76 55 7.9999999999999991 90 9.9999999999999982 57
leaf_count=170 23 76 55 8 90 10 57
internal_value=2.00058 2.12898 1.91396 2.18608 2.08652 1.88799 1.9557
internal_weight=0 197 292 84 113 180 112
internal_count=489 197 292 84 113 180 112
is_linear=0
shrinkage=1


Tree=1
num_leaves=8
num_cat=0
split_feature=0 0 0 54 53 1 36
split_gain=440.525 39.1355 25.6411 8.45105 7.10778 5.7554 5.08445
threshold=2.3937458713910238 3.6105525490912482 1.2424533248940006 5.9939583178635027 5.8749149497672386 1.8688348091416844 1.5890269151739729
decision_type=2 2 2 2 2 2 2
left_child=2 3 5 -2 -3 -1 -4
right_child=1 4 6 -5 -6 -7 -8
leaf_value=-0.10567191032802357 0.062806451688275519 0.1565182788427486 0.021113305042187374 0.11374386507168151 0.2274945548602513 -0.027608108520507813 -0.047774159606546164
leaf_weight=170 76 43 11.999999999999998 57 21 9.9999999999999982 100
leaf_count=170 76 43 12 57 21 10 100
internal_value=0 0.115555 -0.0779601 0.0846368 0.179807 -0.101335 -0.0403934
internal_weight=0 197 292 133 64 180 112
internal_count=489 197 292 133 64 180 112
is_linear=0
shrinkage=0.1


Tree=2
num_leaves=8
num_cat=0
split_feature=0 0 0 0 24 41 6
split_gain=356.825 32.3081 20.7693 7.12404 6.68997 5.00291 4.95403
threshold=2.3937458713910238 3.4334666422309414 1.2424533248940006 4.0689902272260703 2.3502401828962087 4.7957563937576522 1.7005986908310777
decision_type=2 2 2 2 2 2 2
left_child=2 4 5 -3 -2 -1 -4
right_child=1 3 6 -5 -6 -7 -8
leaf_value=-0.10594595797489037 0.033498754541182688 0.1325513246158759 -0.062016669511795047 0.19701595803101857 0.08572089132647237 -0.072351061630569688 -0.019117919550235594
leaf_weight=101 36 60 45 24 77 79 67
leaf_count=101 36 60 45 24 77 79 67
internal_value=0 0.104 -0.0701641 0.15097 0.0690838 -0.0912015 -0.036354
internal_weight=0 197 292 84 113 180 112
internal_count=489 197 292 84 113 180 112
is_linear=0
shrinkage=0.1


Tree=3
num_leaves=8
num_cat=0
split_feature=0 0 1 54 6 36 5
split_gain=289.029 26.2018 17.1034 8.33174 6.14944 5.34357 4.37435
threshold=2.3937458713910238 3.4960482137079443 1.7005986908310777 6.2527625867904364 2.1383330595080285 7.8916224095748024 2.8029010331479989
decision_type=2 2 2 2 2 2 2
left_child=2 4 3 -1 -2 -3 -4
right_child=1 5 6 -5 -6 -7 -8
leaf_value=-0.085842245817184457 0.02888577386517735 0.1308900212618842 -0.031929068070537643 -0.037325292537835515 0.078960321632224481 0.21735970377922059 0.030919024507914273
leaf_weight=181 34 67 53 44 88 7.9999999999999991 13.999999999999998
leaf_count=181 34 67 53 44 88 8 14
internal_value=0 0.0935997 -0.0631477 -0.0763545 0.0650051 0.140113 -0.0187966
internal_weight=0 197 292 225 122 75 67
internal_count=489 197 292 225 122 75 67
is_linear=0
shrinkage=0.1


Tree=4
num_leaves=8
num_cat=0
split_feature=0 0 0 1 54 53 40
split_gain=234.113 21.6093 14.9186 6.61933 5.49749 4.63724 2.57671
threshold=2.3937458713910238 3.6105525490912482 1.4978661367769959 2.1383330595080281 5.9939583178635027 5.8749149497672386 1.7005986908310777
decision_type=2 2 2 2 2 2 2
left_child=2 4 3 -1 -2 -3 -4
right_child=1 5 6 -5 -6 -7 -8
leaf_value=-0.072233452051877978 0.043657827220465011 0.11317305966865186 0.021620798576623204 0.0072552550922740586 0.084740988013187524 0.17050226557822457 -0.025102256815557163
leaf_weight=220 76 43 15.999999999999998 10.999999999999998 57 21 45
leaf_count=220 76 43 16 11 57 21 45
internal_value=0 0.0842397 -0.0568329 -0.0684483 0.0612649 0.131984 -0.012847
internal_weight=0 197 292 231 133 64 61
internal_count=489 197 292 231 133 64 61
is_linear=0
shrinkage=0.1


Tree=5
num_leaves=8
num_cat=0
split_feature=0 0 0 12 14 8 5
split_gain=189.632 17.9693 12.7583 4.86585 4.60307 3.75471 3.74201
threshold=2.3937458713910238 3.4334666422309414 1.2424533248940006 1.2424533248940004 7.2152302468014788 2.9174053685313028 3.3667009459186801
decision_type=2 2 2 2 2 2 2
left_child=2 3 6 -2 -3 -4 -1
right_child=1 4 5 -5 -6 -7 -8
leaf_value=-0.070945848372073211 0.0063427385120164784 0.089568716822111094 -0.054921336024999629 0.059690380801001322 0.1366006494352692 -0.013575728062722016 -0.0047897792524761625
leaf_weight=171 21 46 30 92 38 82 8.9999999999999982
leaf_count=171 21 46 30 92 38 82 9
internal_value=0 0.0758157 -0.0511497 0.0497762 0.110845 -0.0246504 -0.067638
internal_weight=0 197 292 113 84 112 180
internal_count=489 197 292 113 84 112 180
is_linear=0
shrinkage=0.1


Tree=6
num_leaves=8
num_cat=0
split_feature=0 0 1 54 6 6 5
split_gain=153.602 14.5551 10.501 5.38942 4.23376 4.18136 3.18439
threshold=2.3937458713910238 3.4334666422309414 1.7005986908310777 6.2527625867904364 1.2424533248940004 5.1179758838799021 2.8029010331479989
decision_type=2 2 2 2 2 2 2
left_child=2 4 3 -1 -2 -3 -4
right_child=1 5 6 -5 -6 -7 -8
leaf_value=-0.064013751670306568 0.0065089558453663536 0.086470260543207972 -0.022487600965706525 -0.024992907678031112 0.054583725827849573 0.13721504563635045 0.031135102880320384
leaf_weight=181 23 62 53 44 90 22 13.999999999999998
leaf_count=181 23 62 53 44 90 22 14
internal_value=0 0.0682342 -0.0460347 -0.056383 0.0447986 0.0997606 -0.0112829
internal_weight=0 197 292 225 113 84 67
internal_count=489 197 292 225 113 84 67
is_linear=0
shrinkage=0.1


Tree=7
num_leaves=8
num_cat=0
split_feature=0 1 0 54 54 29 11
split_gain=125.535 14.8774 9.03457 5.10672 4.38357 3.42271 2.29688
threshold=2.6735537653587347 1.7005986908310777 3.795426061844291 1.9356005054539456 6.2527625867904364 3.0433873634561537 4.8402344967050359
decision_type=2 2 2 2 2 2 2
left_child=1 4 3 -2 -1 -3 -4
right_child=2 5 6 -5 -6 -7 -8
leaf_value=-0.05761078116911892 -0.0024211579667670386 0.032876734874610396 0.076527684751678926 0.061638287562943463 -0.022493616174059837 -0.013474703601307489 0.12253567457199098
leaf_weight=185 13.999999999999998 21 17 112 44 66 30
leaf_count=185 14 21 17 112 44 66 30
internal_value=0 -0.0374893 0.0684776 0.0545206 -0.0508634 -0.00228643 0.105894
internal_weight=0 316 173 126 229 87 47
internal_count=489 316 173 126 229 87 47
is_linear=0
shrinkage=0.1


Tree=8
num_leaves=8
num_cat=0
split_feature=0 0 6 54 41 1 53
split_gain=101.684 12.8039 7.58282 4.65113 4.3356 4.24822 1.63316
threshold=2.6735537653587347 1.4978661367769959 5.0937313815282925 1.9356005054539456 4.7957563937576522 0.89587973461402781 6.1046337682133478
decision_type=2 2 2 2 2 2 2
left_child=1 4 3 -2 -1 -3 -4
right_child=2 5 6 -5 -6 -7 -8
leaf_value=-0.059710211222586435 -0.0021790428353207453 -0.058541502955962312 0.091451082422452812 0.058439390429217988 -0.032310077833545656 0.0080625730453411475 0.14238081574440004
leaf_weight=115 13.999999999999998 10.999999999999998 17.000000000000004 132 116 74 9.9999999999999982
leaf_count=115 14 11 17 132 116 74 10
internal_value=0 -0.0337404 0.0616299 0.0526267 -0.0459508 -0.000556778 0.110314
internal_weight=0 316 173 146 231 85 27
internal_count=489 316 173 146 231 85 27
is_linear=0
shrinkage=0.1


Tree=9
num_leaves=8
num_cat=0
split_feature=0 0 14 2 35 54 48
split_gain=82.5429 8.54271 7.25169 4.88782 4.49915 3.54775 1.81367
threshold=2.3937458713910238 3.795426061844291 5.598394523403428 1.8688348091416844 3.9607678160667752 5.9939583178635027 5.2598228457839697
decision_type=2 2 2 2 2 2 2
left_child=2 5 3 -1 -4 -2 -3
right_child=1 6 4 -5 -6 -7 -8
leaf_value=-0.051101389635194477 0.023977673100307587 0.077009127752200979 0.039204736463725569 -0.0059918357458497796 -0.020476286987541243 0.054804440763379848 0.12500760853290557
leaf_weight=169 80 37 14.999999999999998 28 80 70 9.9999999999999982
leaf_count=169 80 37 15 28 80 70 10
internal_value=0 0.05002 -0.0337464 -0.0446899 -0.011053 0.0383635 0.0872216
internal_weight=0 197 292 197 95 150 47
internal_count=489 197 292 197 95 150 47
is_linear=0
shrinkage=0.1


Tree=10
num_leaves=8
num_cat=0
split_feature=0 1 6 54 56 5 53
split_gain=67.4449 8.85677 5.39445 3.41447 3.13249 2.70494 1.11776
threshold=2.6735537653587347 1.7005986908310777 5.0937313815282925 1.9356005054539456 4.7621374077860157 2.8029010331479989 6.1046337682133478
decision_type=2 2 2 2 2 2 2
left_child=1 4 3 -2 -1 -3 -4
right_child=2 5 6 -5 -6 -7 -8
leaf_value=-0.044530747165405303 -0.0043589051280702859 -0.01088796694446046 0.075649987248813388 0.047579347137291214 -0.017481150746084095 0.029095904387371696 0.11778395771980286
leaf_weight=172 13.999999999999998 64 17.000000000000004 132 57 23 9.9999999999999982
leaf_count=172 14 64 17 132 57 23 10
internal_value=0 -0.0274789 0.0501927 0.042599 -0.0377979 -0.000317518 0.0912552
internal_weight=0 316 173 146 229 87 27
internal_count=489 316 173 146 229 87 27
is_linear=0
shrinkage=0.1


Tree=11
num_leaves=8
num_cat=0
split_feature=0 0 32 20 60 14 55
split_gain=54.7378 7.1557 4.45238 5.03193 3.01127 2.11958 1.99778
threshold=2.1383330595080281 3.4334666422309414 5.4847194494823395 3.8499212036984933 3.5694334999727624 7.2152302468014788 2.3937458713910238
decision_type=2 2 2 2 2 2 2
left_child=2 4 6 -4 -2 -3 -1
right_child=1 5 3 -5 -6 -7 -8
leaf_value=-0.018426735000684858 0.012111858968135148 0.046361189242452389 0.046413928263175946 -0.020848346903146089 0.044168911261690987 0.078276077667741403 -0.043651313023412068
leaf_weight=40 84 46 12.999999999999998 77 45 38 146
leaf_count=40 84 46 13 77 45 38 146
internal_value=0 0.038085 -0.0293917 -0.0111327 0.0232946 0.0607989 -0.0382267
internal_weight=0 213 276 90 129 84 186
internal_count=489 213 276 90 129 84 186
is_linear=0
shrinkage=0.1


Tree=12
num_leaves=8
num_cat=0
split_feature=1 22 0 49 0 46 7
split_gain=44.9861 6.38044 4.94335 4.02633 3.47859 3.19034 2.00757
threshold=2.1383330595080281 1.8688348091416842 1.4978661367769959 1.8688348091416842 3.795426061844291 4.5538214868689204 7.8929918156944735e-17
decision_type=2 2 2 2 2 2 2
left_child=2 5 6 -4 -3 -2 -1
right_child=1 4 3 -5 -6 -7 -8
leaf_value=-0.079650770044989064 0.011693346176296473 0.033672947176431017 0.038840562270747295 -0.018573789481122635 0.065322179806993369 -0.060860496456734837 -0.031424470554807737
leaf_weight=8.9999999999999982 25 133 18 38 47 7.9999999999999991 211
leaf_count=9 25 133 18 38 47 8 211
internal_value=0 0.0345263 -0.0266453 -0.000119176 0.0419369 -0.00589546 -0.0333974
internal_weight=0 213 276 56 180 33 220
internal_count=489 213 276 56 180 33 220
is_linear=0
shrinkage=0.1


Tree=13
num_leaves=8
num_cat=0
split_feature=0 0 46 57 42 41 55
split_gain=37.0717 5.17504 3.97743 3.57466 2.50822 1.8637 0.965568
threshold=2.6735537653587347 1.2424533248940006 2.3502401828962087 4.5746578350692051 2.6735537653587347 4.7957563937576522 6.6410594460931742
decision_type=2 2 2 2 2 2 2
left_child=1 5 -3 4 -2 -1 -5
right_child=3 2 -4 6 -6 -7 -8
leaf_value=-0.040495450932089942 0.0076890382889126035 0.062755443155765533 -0.0099255054061131893 0.08886164384228841 0.03839081847318658 -0.01999091067221723 0.051014100989470117
leaf_weight=101 35 7.9999999999999991 128 14.000000000000002 111 79 12.999999999999998
leaf_count=101 35 8 128 14 111 79 13
internal_value=0 -0.0203726 -0.00565016 0.0372124 0.0310308 -0.0314962 0.0706388
internal_weight=0 316 136 173 146 180 27
internal_count=489 316 136 173 146 180 27
is_linear=0
shrinkage=0.1


Tree=14
num_leaves=8
num_cat=0
split_feature=1 0 12 35 60 45 34
split_gain=30.1358 4.7767 3.11945 2.95975 2.0978 1.76034 0.941366
threshold=1.8688348091416844 3.3497501700808394 4.3943729409690677 6.4511475463035248 3.8393944990995772 7.5852272965108627 2.6735537653587347
decision_type=2 2 2 2 2 2 2
left_child=2 3 4 -2 -1 -3 -4
right_child=1 5 6 -5 -6 -7 -8
leaf_value=-0.029912003874009968 0.019108465911032491 0.038930540912869301 0.041115220636129365 -0.034913341209969743 -0.00031613829304222708 0.080107762167851135 -0.0031699919452269874
leaf_weight=212 130 77 8.0000000000000018 10.999999999999998 27 11.999999999999998 11.999999999999998
leaf_count=212 130 77 8 11 27 12 12
internal_value=0 0.0263435 -0.0233938 0.014894 -0.0265685 0.0444825 0.0145441
internal_weight=0 230 259 141 239 89 20
internal_count=489 230 259 141 239 89 20
is_linear=0
shrinkage=0.1


Tree=15
num_leaves=8
num_cat=0
split_feature=0 2 20 42 14 9 6
split_gain=24.9557 3.6906 2.97346 4.89597 2.56139 2.45686 1.81394
threshold=2.6735537653587347 1.2424533248940006 2.8314802400679731 2.6735537653587347 6.7333763809824854 1.5890269151739729 5.0937313815282925
decision_type=2 2 2 2 2 2 2
left_child=1 4 3 -2 -1 -3 -4
right_child=2 5 6 -5 -6 -7 -8
leaf_value=-0.02907635455540869 -0.055222597867250423 0.028891478792617199 0.031102812386535367 0.0304742955416441 0.025681759768890013 -0.0098102373280562465 0.0598813285154325
leaf_weight=168 10.000000000000002 19 116 20 8.9999999999999982 120 27
leaf_count=168 10 19 116 20 9 120 27
internal_value=0 -0.0167151 0.0305317 0.00190866 -0.026292 -0.00452007 0.0365365
internal_weight=0 316 173 30 177 139 143
internal_count=489 316 173 30 177 139 143
is_linear=0
shrinkage=0.1


Tree=16
num_leaves=8
num_cat=0
split_feature=0 14 16 29 20 42 57
split_gain=20.2141 3.46517 4.91333 2.43083 2.4085 3.96574 1.60783
threshold=2.6735537653587347 5.598394523403428 1.700598690831078 3.7132745361986528 2.8314802400679731 2.6735537653587347 4.5746578350692051
decision_type=2 2 2 2 2 2 2
left_child=1 3 -3 -1 5 -2 -6
right_child=4 2 -4 -5 6 -7 -8
leaf_value=-0.0087750876366596998 -0.049700340405106527 0.042902453820265474 -0.010990320519817159 -0.031049189885605358 0.027767162159053161 0.027426865883171558 0.054861447015018376
leaf_weight=79 10.000000000000002 21 87 129 116 20 27
leaf_count=79 10 21 87 129 116 20 27
internal_value=0 -0.0150436 -0.00051117 -0.0225893 0.0274785 0.0017178 0.0328829
internal_weight=0 316 108 208 173 30 143
internal_count=489 316 108 208 173 30 143
is_linear=0
shrinkage=0.1


Tree=17
num_leaves=7
num_cat=0
split_feature=1 0 35 57 43 28
split_gain=17.0379 2.64324 3.55061 2.25936 1.25565 1.08774
threshold=1.8688348091416844 3.795426061844291 6.3893728363111233 5.0207544252167517 7.8929918156944735e-17 4.8597823571876004
decision_type=2 2 2 2 2 2
left_child=3 2 -2 4 -1 -3
right_child=1 5 -4 -5 -6 -7
leaf_value=-0.058238757494837048 0.018384196722780813 0.066942424327135083 -0.03402042513979333 0.034725920297205448 -0.017974185014005613 0.032053636035748893
leaf_weight=7.9999999999999991 169 11.999999999999998 13.999999999999998 7.9999999999999991 243 35
leaf_count=8 169 12 14 8 243 35
internal_value=0 0.019808 0.0143751 -0.0175901 -0.0192575 0.0409614
internal_weight=0 230 183 259 251 47
internal_count=489 230 183 259 251 47
is_linear=0
shrinkage=0.1


Tree=18
num_leaves=8
num_cat=0
split_feature=0 51 41 14 28 28 43
split_gain=13.9232 2.58051 2.78696 2.42891 3.34035 2.67582 1.35242
threshold=1.8688348091416844 3.6105525490912482 5.4445775410940529 6.7080773750101441 5.1059271080903725 4.7957563937576522 7.8929918156944735e-17
decision_type=2 2 2 2 2 2 2
left_child=1 6 -3 4 -2 -5 -1
right_child=3 2 -4 5 -6 -7 -8
leaf_value=-0.059149775902430216 0.018288524729563667 -0.023410105030052364 0.021097545353147916 0.069749958387443009 -0.018850399579175496 0.022822916267804153 -0.019487116481953615
leaf_weight=8.9999999999999982 91 24 34 13.999999999999998 33 92 192
leaf_count=9 91 24 34 14 33 92 192
internal_value=0 -0.0159012 0.00268059 0.0179061 0.00840478 0.0290208 -0.0212631
internal_weight=0 259 58 230 124 106 201
internal_count=489 259 58 230 124 106 201
is_linear=0
shrinkage=0.1


Tree=19
num_leaves=7
num_cat=0
split_feature=1 12 43 28 57 17
split_gain=11.5089 2.24283 2.25185 1.92567 1.68175 1.11392
threshold=1.8688348091416844 1.2424533248940004 2.5619819897016298 3.9701138825728512 5.0207544252167517 4.1742689126930488
decision_type=2 2 2 2 2 2
left_child=4 3 -3 -2 5 -1
right_child=1 2 -4 -5 -6 -7
leaf_value=-0.011297140084754895 0.0067091464306469313 0.031645983357497673 0.010088095594896004 -0.046702942748864495 0.030679044345379228 -0.025546556768398506
leaf_weight=170 27 94 100 8.9999999999999982 7.9999999999999991 81
leaf_count=170 27 94 100 9 8 81
internal_value=0 0.0162798 0.0205337 -0.00664388 -0.014457 -0.0158956
internal_weight=0 230 194 36 259 251
internal_count=489 230 194 36 259 251
is_linear=0
shrinkage=0.1


Tree=20
num_leaves=8
num_cat=0
split_feature=0 6 37 51 41 55 43
split_gain=9.53789 1.98809 2.3592 1.81933 2.061 1.22733 0.599813
threshold=2.1383330595080281 5.0937313815282925 5.1984817689835037 1.9356005054539456 4.7957563937576522 2.9430520157250784 3.6105525490912482
decision_type=2 2 2 2 2 2 2
left_child=3 2 -2 5 -5 -1 -3
right_child=1 6 -4 4 -6 -7 -8
leaf_value=-0.0048465450263826086 0.022217257829526299 0.031583546690250694 -0.00046652691529654872 -0.021651803897693753 0.0060915369517457341 -0.024867377232397556 0.064224899746477604
leaf_weight=42 104 19.000000000000004 82 40 81 113 7.9999999999999991
leaf_count=42 104 19 82 40 81 113 8
internal_value=0 0.0158978 0.0122169 -0.0122689 -0.00307982 -0.0194424 0.0412551
internal_weight=0 213 186 276 121 155 27
internal_count=489 213 186 276 121 155 27
is_linear=0
shrinkage=0.1


Tree=21
num_leaves=8
num_cat=0
split_feature=0 29 56 2 16 14 11
split_gain=7.98325 1.95976 4.17792 1.88698 1.85617 1.37415 1.00235
threshold=2.8029010331479989 1.5890269151739729 3.5549397315361362 1.2424533248940006 2.8314802400679731 6.7333763809824854 5.8420677585047329
decision_type=2 2 2 2 2 2 2
left_child=3 2 -2 5 -5 -1 -3
right_child=1 6 -4 4 -6 -7 -8
leaf_value=-0.017942205587809786 -0.066075987275689849 0.019520022248529566 0.036123789660632614 0.0062477381735031182 -0.018527530315553858 0.02215942351354493 0.05092118870128285
leaf_weight=169 7.9999999999999991 134 7.9999999999999991 108 42 8.9999999999999982 10.999999999999998
leaf_count=169 8 134 8 108 42 9 11
internal_value=0 0.0182373 -0.0149761 -0.00895182 -0.000689337 -0.0159146 0.0219022
internal_weight=0 161 16 328 150 178 145
internal_count=489 161 16 328 150 178 145
is_linear=0
shrinkage=0.1


Tree=22
num_leaves=7
num_cat=0
split_feature=0 14 3 44 7 48
split_gain=6.5132 1.93808 3.04434 2.36351 1.35576 1.02661
threshold=1.4978661367769959 5.5645130673883125 1.7005986908310777 4.6442059536981697 7.8929918156944735e-17 0.8958797346140277
decision_type=2 2 2 2 2 2
left_child=4 2 -2 -3 -1 -6
right_child=1 3 -4 -5 5 -7
leaf_value=-0.050245655741956496 -0.048712871246971191 0.031276221541852195 0.0061745029504891137 0.0077199017132730478 -0.018813363299960948 -0.0049865543358881062
leaf_weight=8.9999999999999982 11.999999999999998 68 64 114 91 131
leaf_count=9 12 68 64 114 91 131
internal_value=0 0.0109204 -0.00249192 0.0165212 -0.0121968 -0.0106543
internal_weight=0 258 76 182 231 222
internal_count=489 258 76 182 231 222
is_linear=0
shrinkage=0.1


Tree=23
num_leaves=8
num_cat=0
split_feature=0 14 16 47 20 42 4
split_gain=5.46413 1.67356 3.23611 1.73698 1.58411 2.47384 1.09246
threshold=2.9430520157250784 5.598394523403428 1.700598690831078 3.4960482137079443 1.5890269151739729 3.3667009459186801 3.2769667020129059
decision_type=2 2 2 2 2 2 2
left_child=1 3 -3 -1 5 -2 -6
right_child=4 2 -4 -5 6 -7 -8
leaf_value=0.0012815457254425804 -0.052717924118041992 0.033766277270534863 -0.0058763459964533051 -0.018045292119189215 0.029529266332786894 0.025924251973628999 0.011110309127773811
leaf_weight=67 7.9999999999999991 26 99 152 62 7.9999999999999991 67
leaf_count=67 8 26 99 152 62 8 67
internal_value=0 -0.00686295 0.00236932 -0.0121325 0.0162818 -0.0133968 0.0199628
internal_weight=0 344 125 219 145 16 129
internal_count=489 344 125 219 145 16 129
is_linear=0
shrinkage=0.1


Tree=24
num_leaves=7
num_cat=0
split_feature=1 22 49 43 11 17
split_gain=4.47894 1.48904 1.99987 1.59264 1.23244 1.23068
threshold=1.8688348091416844 1.8688348091416842 1.8688348091416842 1.9356005054539456 5.4315338162543414 4.1742689126930488
decision_type=2 2 2 2 2 2
left_child=4 2 -2 -3 5 -1
right_child=1 3 -4 -5 -6 -7
leaf_value=-0.0059066943035176595 0.006094751643160215 0.028400468987078882 -0.046527082100510597 0.0080669756466853065 0.01880278908337156 -0.021188117099272742
leaf_weight=167 26 53 9.9999999999999982 141 14.999999999999998 77
leaf_count=167 26 53 10 141 15 77
internal_value=0 0.0101559 -0.00852242 0.013622 -0.00901877 -0.0107291
internal_weight=0 230 36 194 259 244
internal_count=489 230 36 194 259 244
is_linear=0
shrinkage=0.1


Tree=25
num_leaves=6
num_cat=0
split_feature=0 20 37 7 28
split_gain=3.75741 1.72947 1.33548 1.07825 0.913774
threshold=1.4978661367769959 5.7651468795656617 5.1984817689835037 7.8929918156944735e-17 5.7004379805808041
decision_type=2 2 2 2 2
left_child=3 2 -2 -1 -5
right_child=1 -3 -4 4 -6
leaf_value=-0.04319589597483476 0.012925992199897714 0.042474807945213154 -0.0019687354663835356 -0.0051598983465079616 -0.022974554619149254
leaf_weight=8.9999999999999982 136 13.999999999999998 108 188 34
leaf_count=9 136 14 108 188 34
internal_value=0 0.00829441 0.00633324 -0.00926389 -0.00788827
internal_weight=0 258 244 231 222
internal_count=489 258 244 231 222
is_linear=0
shrinkage=0.1


Tree=26
num_leaves=8
num_cat=0
split_feature=32 44 0 55 25 17 43
split_gain=3.39153 2.94024 1.79744 1.42184 1.81938 1.64449 0.684477
threshold=5.5333191811709055 4.4885732424042368 4.0689902272260703 1.9356005054539456 1.2424533248940004 4.2045812236012674 1.700598690831078
decision_type=2 2 2 2 2 2 2
left_child=3 6 -3 4 -1 -5 -2
right_child=1 2 -4 5 -6 -7 -8
leaf_value=-0.0070603879541158683 0.033833619966529886 -0.0026305742659210383 0.029980825324003636 -0.0088540938795514165 0.030521718706739576 -0.035596729514913432 0.014846759533660638
leaf_weight=40 39 153 19 155 19 27 37
leaf_count=40 39 153 19 155 19 27 37
internal_value=0 0.00820967 0.000971848 -0.00844813 0.00504232 -0.0128214 0.02459
internal_weight=0 248 172 241 59 182 76
internal_count=489 248 172 241 59 182 76
is_linear=0
shrinkage=0.1


Tree=27
num_leaves=8
num_cat=0
split_feature=2 6 36 55 36 32 36
split_gain=2.92838 1.40303 1.92152 1.36963 1.03786 2.27471 1.75672
threshold=1.2424533248940006 2.6735537653587347 6.6502782118072528 3.891612008168019 4.8826871252032475 5.5333191811709055 5.2067464199591091
decision_type=2 2 2 2 2 2 2
left_child=4 3 -3 -2 5 -1 -6
right_child=1 2 -4 -5 6 -7 -8
leaf_value=-0.0098392717208928213 0.0064352731286010274 0.022089319101492453 0.0018283546082675458 -0.015171026960015297 -0.046325605284226572 0.034253770643128803 -0.0077085909824217529
leaf_weight=117 71 88 100 50 19 12.999999999999998 31
leaf_count=117 71 88 100 50 19 13 31
internal_value=0 0.00590631 0.0113122 -0.00249295 -0.0101392 -0.00542997 -0.0223831
internal_weight=0 309 188 121 180 130 50
internal_count=489 309 188 121 180 130 50
is_linear=0
shrinkage=0.1


Tree=28
num_leaves=8
num_cat=0
split_feature=14 49 12 38 37 59 28
split_gain=2.41429 1.46945 1.63926 1.43835 1.75605 1.22628 1.06419
threshold=5.5645130673883125 5.0304165616299539 3.3667009459186801 3.4334666422309414 4.9052473428434826 4.7534415364300813 4.8597823571876004
decision_type=2 2 2 2 2 2 2
left_child=3 5 -3 4 -1 -2 -5
right_child=1 2 -4 6 -6 -7 -8
leaf_value=-0.0017713462015333241 0.037917372606256432 -0.039801983128894464 0.0016457159149770935 -0.0083745624714841437 0.042912034615874291 0.0095389492926187813 -0.028310847948031393
leaf_weight=73 17 10.999999999999998 72 126 9.9999999999999982 146 34
leaf_count=73 17 11 72 126 10 146 34
internal_value=0 0.00698354 -0.00384735 -0.00706976 0.00361219 0.0124987 -0.012611
internal_weight=0 246 83 243 83 163 160
internal_count=489 246 83 243 83 163 160
is_linear=0
shrinkage=0.1


Tree=29
num_leaves=7
num_cat=0
split_feature=2 36 35 48 44 36
split_gain=2.07233 1.20685 1.41496 1.07899 2.47656 0.934292
threshold=1.2424533248940006 8.018403750688611 6.3893728363111233 1.2424533248940004 2.3502401828962087 4.5271940351011493
decision_type=2 2 2 2 2 2
left_child=3 2 -2 5 -5 -1
right_child=1 -3 -4 4 -6 -7
leaf_value=-0.012059003295717945 0.0055660769605936529 0.037496720999479295 -0.022637345014434113 0.03608153185807169 -0.0081972457468509671 -0.040324563506458494
leaf_weight=71 279 10.999999999999998 19 14.999999999999998 80 13.999999999999998
leaf_count=71 279 11 19 15 80 14
internal_value=0 0.00496858 0.00376787 -0.00852939 -0.00120586 -0.0167145
internal_weight=0 309 298 180 95 85
internal_count=489 309 298 180 95 85
is_linear=0
shrinkage=0.1


Tree=30
num_leaves=8
num_cat=0
split_feature=32 44 45 32 22 7 31
split_gain=1.90929 1.89446 1.47517 1.18655 1.11184 1.09941 0.602499
threshold=5.5333191811709055 4.4885732424042368 7.6443801472528685 5.2626767655455557 1.8688348091416842 7.8929918156944735e-17 3.5408542930527882
decision_type=2 2 2 2 2 2 2
left_child=3 6 -3 5 -5 -1 -2
right_child=1 2 -4 4 -6 -7 -8
leaf_value=-0.037470166095428997 0.029471837118917116 -0.0032885642186269767 0.023921450162711352 -0.051178979501128201 -0.01233409366104752 -0.0017177605217793168 0.011508221505209804
leaf_weight=8.9999999999999982 33 149 23 9.9999999999999982 28 194 43
leaf_count=9 33 149 23 10 28 194 43
internal_value=0 0.00615976 0.000349984 -0.00633868 -0.0225564 -0.00330284 0.0193082
internal_weight=0 248 172 241 38 203 76
internal_count=489 248 172 241 38 203 76
is_linear=0
shrinkage=0.1


Tree=31
num_leaves=7
num_cat=0
split_feature=1 40 5 52 55 58
split_gain=1.65193 1.11495 1.11198 1.06453 1.00608 0.640657
threshold=3.0433873634561537 1.8688348091416842 3.795426061844291 4.5591125415341898 3.2180751841847144 4.7621374077860157
decision_type=2 2 2 2 2 2
left_child=2 -2 4 -3 -1 -4
right_child=1 3 5 -5 -6 -7
leaf_value=0.0043241431513293222 -0.026565962703898549 0.014575059533735999 0.039182108392318081 -0.021148682137330375 -0.0081084959875326601 0.0032063192772594368
leaf_weight=88 7.9999999999999991 114 9.0000000000000018 8.9999999999999982 250 10.999999999999998
leaf_count=88 8 114 9 9 250 11
internal_value=0 0.00960833 -0.0035159 0.0119611 -0.0048716 0.0193954
internal_weight=0 131 358 123 338 20
internal_count=489 131 358 123 338 20
is_linear=0
shrinkage=0.1


Tree=32
num_leaves=8
num_cat=0
split_feature=14 45 48 1 59 29 43
split_gain=1.47561 1.36031 1.74064 1.39039 0.977029 1.24992 0.89348
threshold=5.598394523403428 5.8170402932633491 1.2424533248940004 1.4978661367769959 5.8140904321997544 3.7609296261008152 0.89587973461402759
decision_type=2 2 2 2 2 2 2
left_child=4 2 -2 -3 6 -6 -1
right_child=1 3 -4 -5 5 -7 -8
leaf_value=-0.014684249771977062 -0.0053942307364195589 -0.018982901520306066 0.025260392977398335 0.0046573848058913082 0.024693872762674637 -0.0057243110745080882 -0.00071848767379728649
leaf_weight=111 27 31 59 126 22 35 78
leaf_count=111 27 31 59 126 22 35 78
internal_value=0 0.00552708 0.0156363 -1.04424e-05 -0.00545967 0.00601604 -0.0089206
internal_weight=0 243 86 157 246 57 189
internal_count=489 243 86 157 246 57 189
is_linear=0
shrinkage=0.1


Tree=33
num_leaves=8
num_cat=0
split_feature=12 16 59 30 56 42 49
split_gain=1.29913 1.55664 1.39231 1.3076 1.36655 1.24298 0.593018
threshold=4.0859410030639109 2.8314802400679731 5.6167644860526105 4.6959141240107813 4.234001473612734 2.1383330595080285 4.7273486598447958
decision_type=2 2 2 2 2 2 2
left_child=1 2 -1 6 -5 -3 -2
right_child=3 5 -4 4 -6 -7 -8
leaf_value=-0.0061417394091226908 0.030231005686800927 -0.057674652151763442 0.0067669423030025065 -0.030973475655684105 0.0074744394980371005 -0.012599278420496447 0.010831557824276389
leaf_weight=201 26 7.9999999999999991 143 12.999999999999998 32 26 40
leaf_count=201 26 8 143 13 32 26 40
internal_value=0 -0.00279311 -0.00077563 0.00951167 -0.00363274 -0.0232052 0.0184738
internal_weight=0 378 344 111 45 34 66
internal_count=489 378 344 111 45 34 66
is_linear=0
shrinkage=0.1


Tree=34
num_leaves=8
num_cat=0
split_feature=12 28 30 0 42 49 12
split_gain=1.0523 1.33911 1.05915 1.27102 0.881378 0.480345 0.368417
threshold=4.0859410030639109 5.8420677585047329 4.6959141240107813 4.0689902272260703 2.524928003624769 4.7273486598447958 3.6632328069201612
decision_type=2 2 2 2 2 2 2
left_child=1 4 5 -4 -1 -2 -3
right_child=2 6 3 -5 -6 -7 -8
leaf_value=-0.0049028487872008406 0.027207905018272312 -0.016335757076740259 -0.016364749068660395 0.018299245396081142 0.0053985644418459676 0.0097484019945841289 -0.045127048902213578
leaf_weight=230 26 10.000000000000002 28 17 130 40 7.9999999999999991
leaf_count=230 26 10 28 17 130 40 8
internal_value=0 -0.0025138 0.0085605 -0.00326946 -0.00118289 0.0166264 -0.0291319
internal_weight=0 378 111 45 360 66 18
internal_count=489 378 111 45 360 66 18
is_linear=0
shrinkage=0.1


Tree=35
num_leaves=5
num_cat=0
split_feature=36 60 55 58
split_gain=0.949078 0.806 0.971423 0.9539
threshold=8.018403750688611 3.8393944990995772 3.2180751841847144 3.4334666422309414
decision_type=2 2 2 2
left_child=1 2 -1 -3
right_child=-2 3 -4 -5
leaf_value=0.0052530286058112439 0.029041174562139945 0.033732505629842098 -0.0054768147160588155 0.0036641138805342576
leaf_weight=119 10.999999999999998 12.999999999999998 290 56
leaf_count=119 11 13 290 56
internal_value=0 -0.000668312 -0.00235493 0.00932917
internal_weight=0 478 409 69
internal_count=489 478 409 69
is_linear=0
shrinkage=0.1


Tree=36
num_leaves=7
num_cat=0
split_feature=50 35 57 8 36 25
split_gain=0.915201 1.26345 1.1269 1.09102 0.988149 0.947757
threshold=5.3032925319746216 3.7609296261008152 3.7132745361986528 4.5950688323293329 4.234001473612734 7.8929918156944735e-17
decision_type=2 2 2 2 2 2
left_child=3 4 -3 5 -2 -1
right_child=1 2 -4 -5 -6 -7
leaf_value=0.026726792193949224 0.043579491538306078 -0.0046811740612611175 0.009682469447513789 -0.035627283765511081 0.010201504084226841 -0.0048586374283523153
leaf_weight=9.9999999999999982 11.999999999999998 144 88 10.999999999999998 34 190
leaf_count=10 12 144 88 11 34 190
internal_value=0 0.00376897 0.000767105 -0.00496575 0.0189088 -0.00327937
internal_weight=0 278 232 211 46 200
internal_count=489 278 232 211 46 200
is_linear=0
shrinkage=0.1


Tree=37
num_leaves=4
num_cat=0
split_feature=43 20 60
split_gain=0.862024 0.742567 0.559723
threshold=7.8929918156944735e-17 6.0387558683509566 3.8393944990995772
decision_type=2 2 2
left_child=-1 2 -2
right_child=1 -3 -4
leaf_value=-0.027677241526544095 -0.0012843892954722644 0.030847422755323352 0.0085862559474893484
leaf_weight=10.999999999999998 403 7.9999999999999991 67
leaf_count=11 403 8 67
internal_value=0 0.000636924 0.000122703
internal_weight=0 478 470
internal_count=489 478 470
is_linear=0
shrinkage=0.1


Tree=38
num_leaves=8
num_cat=0
split_feature=2 24 48 14 42 48 27
split_gain=0.773811 0.920605 1.55476 0.981441 0.701188 1.74486 1.1433
threshold=1.2424533248940006 1.8688348091416842 0.8958797346140277 6.6346255874044475 2.524928003624769 2.5619819897016298 6.5659667189720521
decision_type=2 2 2 2 2 2 2
left_child=1 2 -1 -3 5 -2 -6
right_child=4 3 -4 -5 6 -7 -8
leaf_value=-0.010509139011655726 0.0058395898487733702 -0.020787401671288536 0.012178675714795563 0.016936449892818929 0.01450156106993458 -0.020710907769113732 -0.00063886702659406841
leaf_weight=67 71 50 55 7.9999999999999991 95 38 105
leaf_count=67 71 50 55 8 95 38 105
internal_value=0 -0.00521202 -0.000281026 -0.0155841 0.00303613 -0.00341655 0.00655284
internal_weight=0 180 122 58 309 109 200
internal_count=489 180 122 58 309 109 200
is_linear=0
shrinkage=0.1


Tree=39
num_leaves=6
num_cat=0
split_feature=45 25 12 31 44
split_gain=0.764272 1.21958 1.15379 0.711698 0.406213
threshold=7.5852272965108627 4.0773937863842606 4.0859410030639109 5.6365594263797405 5.8749149497672386
decision_type=2 2 2 2 2
left_child=1 2 -1 -2 -3
right_child=3 4 -4 -5 -6
leaf_value=-0.0021008547320030629 0.037696159332990635 -0.01300092538935132 0.011801419714400151 0.0032554332275564475 -0.043233016226440671
leaf_weight=375 10.000000000000002 10.000000000000002 71 14.999999999999998 7.9999999999999991
leaf_count=375 10 10 71 15 8
internal_value=0 -0.000917658 0.000112288 0.0170317 -0.0264374
internal_weight=0 464 446 25 18
internal_count=489 464 446 25 18
is_linear=0
shrinkage=0.1


Tree=40
num_leaves=5
num_cat=0
split_feature=43 11 29 54
split_gain=0.671098 0.619551 1.52036 0.731439
threshold=7.8929918156944735e-17 5.4026367991037016 5.4827179284163234 6.4645688935636967
decision_type=2 2 2 2
left_child=-1 2 -2 -3
right_child=1 3 -4 -5
leaf_value=-0.024420583722266284 0.00040178031273763583 0.026643586550888262 -0.035696412607406573 0.00083098914519024012
leaf_weight=10.999999999999998 421 19 11.999999999999998 26
leaf_count=11 421 19 12 26
internal_value=0 0.00056198 -0.000598632 0.0117296
internal_weight=0 478 433 45
internal_count=489 478 433 45
is_linear=0
shrinkage=0.1


Tree=41
num_leaves=7
num_cat=0
split_feature=14 53 18 47 25 55
split_gain=0.60761 1.13228 1.42201 0.975782 0.756336 0.866908
threshold=5.598394523403428 3.5549397315361362 5.1059271080903725 2.3937458713910238 7.8929918156944735e-17 2.3937458713910238
decision_type=2 2 2 2 2 2
left_child=4 2 -2 -3 -1 -6
right_child=1 3 -4 -5 5 -7
leaf_value=0.022125314049084077 0.041845377977006139 -0.028612007801844315 0.0044740004331937861 0.0020307347823697282 0.0050159792567490407 -0.0084986816997331231
leaf_weight=10.999999999999998 15.999999999999998 10.999999999999998 28 188 66 169
leaf_count=11 16 11 28 188 66 169
internal_value=0 0.00354668 0.0180636 0.000336915 -0.00350343 -0.00470307
internal_weight=0 243 44 199 246 235
internal_count=489 243 44 199 246 235
is_linear=0
shrinkage=0.1


Tree=42
num_leaves=4
num_cat=0
split_feature=43 20 1
split_gain=0.572558 0.495331 0.451436
threshold=7.8929918156944735e-17 6.0387558683509566 1.5785983631388947e-16
decision_type=2 2 2
left_child=-1 2 -2
right_child=1 -3 -4
leaf_value=-0.022556561917405238 0.023650948819704355 0.025192976044490934 -0.00030872128434928774
leaf_weight=10.999999999999998 7.9999999999999991 7.9999999999999991 462
leaf_count=11 8 8 462
internal_value=0 0.000519084 9.91029e-05
internal_weight=0 478 470
internal_count=489 478 470
is_linear=0
shrinkage=0.1


Tree=43
num_leaves=8
num_cat=0
split_feature=13 13 23 55 8 0 42
split_gain=0.545853 1.5104 1.67926 1.22948 1.53827 1.26903 0.688294
threshold=1.7005986908310777 1.8688348091416842 4.2625806805327082 3.0433873634561537 2.524928003624769 1.2424533248940006 2.3502401828962087
decision_type=2 2 2 2 2 2 2
left_child=3 2 -2 4 -1 -5 -3
right_child=1 6 -4 5 -6 -7 -8
leaf_value=-0.0059630464117687481 -0.0044855433981865634 -0.0061024212404964086 0.046954737504323329 -0.0090658526299363489 0.029378518503573203 -0.047590146176517016 0.003429417258027841
leaf_weight=39 11.000000000000002 115 14.999999999999998 59 18 9.9999999999999982 222
leaf_count=39 11 115 15 59 18 10 222
internal_value=0 0.00196841 0.0251915 -0.00567089 0.00519745 -0.0146491 0.000176713
internal_weight=0 363 26 126 57 69 337
internal_count=489 363 26 126 57 69 337
is_linear=0
shrinkage=0.1


Tree=44
num_leaves=8
num_cat=0
split_feature=56 48 34 55 31 46 11
split_gain=0.528347 0.90541 1.59806 0.830405 1.14736 0.921784 0.631214
threshold=3.9701138825728512 1.2424533248940004 1.2424533248940004 3.0433873634561537 2.1383330595080281 5.2831908449625269 1.5890269151739729
decision_type=2 2 2 2 2 2 2
left_child=3 6 -3 5 -5 -1 -2
right_child=1 2 -4 4 -6 -7 -8
leaf_value=0.0017502819141373038 0.015062156929211182 0.02588458667426104 0.0022817472856983823 -0.019434045715024696 -0.0015815496559127467 0.038309639273211363 -0.011102132664241813
leaf_weight=50 10.999999999999998 35 159 52 117 7.9999999999999991 57
leaf_count=50 11 35 159 52 117 8 57
internal_value=0 0.00305962 0.00653999 -0.00353137 -0.00707463 0.00679295 -0.00686967
internal_weight=0 262 194 227 169 58 68
internal_count=489 262 194 227 169 58 68
is_linear=0
shrinkage=0.1


Tree=45
num_leaves=5
num_cat=0
split_feature=45 35 5 31
split_gain=0.472636 0.991953 0.762304 0.558231
threshold=7.5852272965108627 6.3893728363111233 3.7609296261008152 5.6365594263797405
decision_type=2 2 2 2
left_child=1 2 -1 -2
right_child=3 -3 -4 -5
leaf_value=-0.0013168941802267037 0.031694948673248284 -0.029098558744105205 0.012537158076355066 0.0011927393296112618
leaf_weight=408 10.000000000000002 11.999999999999998 44 14.999999999999998
leaf_count=408 10 12 44 15
internal_value=0 -0.000721639 3.17304e-05 0.0133936
internal_weight=0 464 452 25
internal_count=489 464 452 25
is_linear=0
shrinkage=0.1


Tree=46
num_leaves=5
num_cat=0
split_feature=25 50 36 41
split_gain=0.470292 0.591873 1.12058 0.857476
threshold=7.8929918156944735e-17 5.3032925319746216 3.7132745361986528 4.3437210834879627
decision_type=2 2 2 2
left_child=-1 3 -3 -2
right_child=1 2 -4 -5
leaf_value=0.020443120683458719 0.0013393717016813092 0.026653644566734632 0.00085029526519599021 -0.011782387795520355
leaf_weight=10.999999999999998 110 18 259 91
leaf_count=11 110 18 259 91
internal_value=0 -0.000470448 0.00252705 -0.00460133
internal_weight=0 478 277 201
internal_count=489 478 277 201
is_linear=0
shrinkage=0.1


Tree=47
num_leaves=5
num_cat=0
split_feature=7 13 13 55
split_gain=0.468227 0.402598 1.16771 0.840662
threshold=7.8929918156944735e-17 1.7005986908310777 1.8688348091416842 3.2180751841847144
decision_type=2 2 2 2
left_child=-1 3 -3 -2
right_child=1 2 -4 -5
leaf_value=-0.020398174734278161 0.0040696626684317986 0.022586365079937075 0.00057003177124254479 -0.012406496190055806
leaf_weight=10.999999999999998 60 26 328 64
leaf_count=11 60 26 328 64
internal_value=0 0.000469414 0.00218705 -0.00443416
internal_weight=0 478 354 124
internal_count=489 478 354 124
is_linear=0
shrinkage=0.1


Tree=48
num_leaves=5
num_cat=0
split_feature=25 14 26 28
split_gain=0.41225 0.483661 0.899965 0.757887
threshold=7.8929918156944735e-17 5.5052984857290932 4.9593358439305844 5.1059271080903725
decision_type=2 2 2 2
left_child=-1 3 -3 -2
right_child=1 2 -4 -5
leaf_value=0.019140074486759577 -0.0018033249180367456 0.0091469830074761126 -0.0028596477846250588 -0.020599744293334277
leaf_weight=10.999999999999998 202 114 138 24
leaf_count=11 202 114 138 24
internal_value=0 -0.000440462 0.00257192 -0.0037994
internal_weight=0 478 252 226
internal_count=489 478 252 226
is_linear=0
shrinkage=0.1


Tree=49
num_leaves=4
num_cat=0
split_feature=36 40 5
split_gain=0.418091 0.561307 0.683284
threshold=8.018403750688611 5.7349254676983401 3.7609296261008152
decision_type=2 2 2
left_child=1 2 -1
right_child=-2 -3 -4
leaf_value=-0.0012193473706336034 0.019275192730128766 -0.023886358439922335 0.011493228002144223
leaf_weight=421 10.999999999999998 9.9999999999999982 47
leaf_count=421 11 10 47
internal_value=0 -0.000443571 5.73429e-05
internal_weight=0 478 468
internal_count=489 478 468
is_linear=0
shrinkage=0.1


Tree=50
num_leaves=5
num_cat=0
split_feature=7 58 57 5
split_gain=0.398479 0.374036 0.855681 0.530397
threshold=7.8929918156944735e-17 5.3278290367727683 3.6105525490912482 1.9356005054539456
decision_type=2 2 2 2
left_child=-1 2 -2 -3
right_child=1 3 -4 -5
leaf_value=-0.018817668408155443 -0.00090654648747979941 -0.02350774206221104 0.01010757949663682 -0.00093347903354750849
leaf_weight=10.999999999999998 340 14.999999999999998 89 34
leaf_count=11 340 15 89 34
internal_value=0 0.000433043 0.00137844 -0.00784397
internal_weight=0 478 429 49
internal_count=489 478 429 49
is_linear=0
shrinkage=0.1


Tree=51
num_leaves=5
num_cat=0
split_feature=25 50 36 24
split_gain=0.368256 0.391161 0.910475 0.782494
threshold=7.8929918156944735e-17 5.3032925319746216 3.7132745361986528 1.8688348091416842
decision_type=2 2 2 2
left_child=-1 3 -3 -2
right_child=1 2 -4 -5
leaf_value=0.018089969176799059 -0.00037545578745794636 0.023767943043882647 0.00050911232633570134 -0.015227762686149421
leaf_weight=10.999999999999998 155 18 259 46
leaf_count=11 155 18 259 46
internal_value=0 -0.000416296 0.00202052 -0.00377449
internal_weight=0 478 277 201
internal_count=489 478 277 201
is_linear=0
shrinkage=0.1


Tree=52
num_leaves=8
num_cat=0
split_feature=56 48 34 13 59 6 54
split_gain=0.388899 0.745023 1.30584 0.665146 1.33494 1.11168 0.554714
threshold=3.9701138825728512 1.2424533248940004 1.2424533248940004 4.7957563937576522 5.8021138116885078 2.6735537653587347 1.9356005054539456
decision_type=2 2 2 2 2 2 2
left_child=3 6 -3 4 -1 -5 -2
right_child=1 2 -4 5 -6 -7 -8
leaf_value=-0.0056953192940973514 0.012195570823790219 0.023268835678962724 0.0019327902839864669 -0.04800259163603187 0.013295113647301847 -0.0064517191978115023 -0.010773101051930677
leaf_weight=135 12.999999999999998 35 159 7.9999999999999991 51 33 55
leaf_count=135 13 35 159 8 51 33 55
internal_value=0 0.00262498 0.00578208 -0.00302971 -0.000488265 -0.0145592 -0.00638203
internal_weight=0 262 194 227 186 41 68
internal_count=489 262 194 227 186 41 68
is_linear=0
shrinkage=0.1


Tree=53
num_leaves=7
num_cat=0
split_feature=45 25 12 33 50 19
split_gain=0.342008 0.867173 0.658072 0.43946 0.287899 0.255449
threshold=7.5852272965108627 4.0773937863842606 4.0859410030639109 5.3032925319746216 7.4222791916232387 6.3969074325000834
decision_type=2 2 2 2 2 2
left_child=1 2 -1 5 -3 -2
right_child=3 4 -4 -5 -6 -7
leaf_value=-0.0014167904601898045 0.013855396410346849 -0.009486120939254758 0.0090824829073439181 0.030720578646287324 -0.034779913495812158 -0.010703593515790999
leaf_weight=375 9.0000000000000053 9.0000000000000018 71 7.9999999999999991 8.9999999999999982 7.9999999999999991
leaf_count=375 9 9 71 8 9 8
internal_value=0 -0.000613867 0.000254619 0.0113934 -0.022133 0.00229822
internal_weight=0 464 446 25 18 17
internal_count=489 464 446 25 18 17
is_linear=0
shrinkage=0.1


Tree=54
num_leaves=4
num_cat=0
split_feature=16 25 55
split_gain=0.321627 0.69014 0.31925
threshold=1.0000000180025095e-35 7.8929918156944735e-17 3.8064155152036787
decision_type=2 2 2
left_child=-1 -2 -3
right_child=1 2 -4
leaf_value=-0.019886085123289376 0.026326742405071858 0.0033914403165084123 -0.0020974214571986287
leaf_weight=7.9999999999999991 9.9999999999999982 161 310
leaf_count=8 10 161 310
internal_value=0 0.000330746 -0.000221186
internal_weight=0 481 471
internal_count=489 481 471
is_linear=0
shrinkage=0.1


Tree=55
num_leaves=5
num_cat=0
split_feature=43 35 20 19
split_gain=0.350369 0.339095 1.18773 0.830891
threshold=7.8929918156944735e-17 4.2903656061101136 1.5890269151739729 2.8029010331479989
decision_type=2 2 2 2
left_child=-1 3 -3 -2
right_child=1 2 -4 -5
leaf_value=-0.017645177761600777 -0.0050270114533519476 -0.040338307339698079 -0.0010730652678970589 0.0068636127668190638
leaf_weight=10.999999999999998 89 7.9999999999999991 208 173
leaf_count=11 89 8 208 173
internal_value=0 0.000406061 -0.00252733 0.00282443
internal_weight=0 478 216 262
internal_count=489 478 216 262
is_linear=0
shrinkage=0.1


Tree=56
num_leaves=4
num_cat=0
split_feature=7 36 35
split_gain=0.318899 0.300474 0.456326
threshold=7.8929918156944735e-17 8.018403750688611 6.3893728363111233
decision_type=2 2 2
left_child=-1 2 -2
right_child=1 -3 -4
leaf_value=-0.016834095153237947 0.00064635182966412688 0.016723607209595769 -0.015176329548519694
leaf_weight=10.999999999999998 448 10.999999999999998 19
leaf_count=11 448 11 19
internal_value=0 0.000387395 2.60248e-06
internal_weight=0 478 467
internal_count=489 478 467
is_linear=0
shrinkage=0.1


Tree=57
num_leaves=7
num_cat=0
split_feature=12 21 29 27 34 17
split_gain=0.283906 0.860251 0.47547 0.438559 0.436877 0.42648
threshold=4.9344480538832558 5.3540880539144906 5.4026367991037016 7.2250691995224647 4.5695295849856103 6.2085880018747917
decision_type=2 2 2 2 2 2
left_child=2 -2 5 -4 -3 -1
right_child=1 4 3 -5 -6 -7
leaf_value=-0.00046300864772132156 0.02671664521719019 -0.018250293606384228 -0.0043398437035434374 -0.031639360160463391 0.012462214753031732 0.016701533508797488
leaf_weight=414 14.999999999999998 11.000000000000002 17.000000000000004 8.9999999999999982 7.9999999999999991 14.999999999999998
leaf_count=414 15 11 17 9 8 15
internal_value=0 0.00881453 -0.000658668 -0.0137897 -0.00531871 0.00013715
internal_weight=0 34 455 26 19 429
internal_count=489 34 455 26 19 429
is_linear=0
shrinkage=0.1


Tree=58
num_leaves=5
num_cat=0
split_feature=25 19 14 28
split_gain=0.270498 0.324396 0.841053 0.790787
threshold=1.0000000180025095e-35 2.8029010331479989 6.091299644672266 3.4811217321331038
decision_type=2 2 2 2
left_child=-1 2 -2 -3
right_child=1 3 -4 -5
leaf_value=0.018237087025772782 -0.0086642135658402397 0.012305797628862324 0.025286449631676079 -0.00083461673989013207
leaf_weight=7.9999999999999991 83 53 7.9999999999999991 337
leaf_count=8 83 53 8 337
internal_value=0 -0.00030332 -0.00567954 0.000951132
internal_weight=0 481 91 390
internal_count=489 481 91 390
is_linear=0
shrinkage=0.1


Tree=59
num_leaves=5
num_cat=0
split_feature=43 58 55 54
split_gain=0.28762 0.286904 0.838134 0.734017
threshold=7.8929918156944735e-17 4.1430087342023825 5.6767303451596014 4.8826871252032475
decision_type=2 2 2 2
left_child=-1 2 -2 -3
right_child=1 3 -4 -5
leaf_value=-0.01598720389672301 0.0014941273628856311 -0.028839567885734142 0.032536362856626512 -0.0010777565661119297
leaf_weight=10.999999999999998 259 9.9999999999999982 8.9999999999999982 200
leaf_count=11 259 10 9 200
internal_value=0 0.000367906 0.00253659 -0.00239975
internal_weight=0 478 268 210
internal_count=489 478 268 210
is_linear=0
shrinkage=0.1


Tree=60
num_leaves=5
num_cat=0
split_feature=45 3 28 31
split_gain=0.263897 0.634176 0.38102 0.379248
threshold=7.5852272965108627 4.3430458639390261 5.5293975924403922 5.6365594263797405
decision_type=2 2 2 2
left_child=1 2 -1 -2
right_child=3 -3 -4 -5
leaf_value=0.0014922817564867832 0.025092833731323472 -0.028450736217200758 -0.0054688789998181171 -4.8381127417087558e-05
leaf_weight=355 10.000000000000002 7.9999999999999991 101 14.999999999999998
leaf_count=355 10 8 101 15
internal_value=0 -0.00053923 -4.95543e-05 0.0100081
internal_weight=0 464 456 25
internal_count=489 464 456 25
is_linear=0
shrinkage=0.1


Tree=61
num_leaves=5
num_cat=0
split_feature=7 47 38 47
split_gain=0.265877 0.2587 0.944889 0.921349
threshold=7.8929918156944735e-17 2.191013317336941 2.7058230259275202 2.7058230259275202
decision_type=2 2 2 2
left_child=-1 2 -2 -3
right_child=1 3 -4 -5
leaf_value=-0.01537106279283762 -0.014247882603667678 0.023337761881864733 0.014505858224583791 0.00021490984703506351
leaf_weight=10.999999999999998 40 18 15.999999999999998 404
leaf_count=11 40 18 16 404
internal_value=0 0.000353727 -0.00603253 0.00120119
internal_weight=0 478 56 422
internal_count=489 478 56 422
is_linear=0
shrinkage=0.1


Tree=62
num_leaves=8
num_cat=0
split_feature=12 16 7 55 45 55 54
split_gain=0.257596 0.88465 1.02517 0.848187 0.516827 0.44694 0.36144
threshold=4.0859410030639109 2.8314802400679731 2.8314802400679731 5.1761337726651186 5.8405740486923419 6.7056203676089297 5.6056939231140044
decision_type=2 2 2 2 2 2 2
left_child=1 2 -1 -3 6 -6 -2
right_child=4 3 -4 -5 5 -7 -8
leaf_value=-0.00066744039718042174 0.03508537232410161 0.001144486665725708 0.031826605685055256 -0.03066544845504196 0.0032883540603596672 -0.02020159411864976 0.0080699956187835122
leaf_weight=334 8.0000000000000018 14.999999999999998 9.9999999999999982 19 81 8.9999999999999982 12.999999999999998
leaf_count=334 8 15 10 19 81 9 13
internal_value=0 -0.00124374 0.000277154 -0.0166317 0.00423545 0.000939359 0.0183616
internal_weight=0 378 344 34 111 90 21
internal_count=489 378 344 34 111 90 21
is_linear=0
shrinkage=0.1


Tree=63
num_leaves=7
num_cat=0
split_feature=42 42 4 45 11 27
split_gain=0.250363 0.912374 0.909981 0.760128 0.678562 0.622524
threshold=2.524928003624769 3.1345481418531311 3.4960482137079443 4.9628201785886317 3.3667009459186801 3.9701138825728512
decision_type=2 2 2 2 2 2
left_child=2 4 5 -3 -2 -1
right_child=1 3 -4 -5 -6 -7
leaf_value=0.0040426972285309065 0.041668138466775417 -0.016899762853980062 -0.03176221735775471 0.0017825554677596269 0.009470440514592662 -0.0061229046613923005
leaf_weight=122 7.9999999999999991 25 9.9999999999999982 169 36 119
leaf_count=122 8 25 10 169 36 119
internal_value=0 0.00232369 -0.00220334 -0.00062496 0.0153246 -0.000976832
internal_weight=0 238 251 194 44 241
internal_count=489 238 251 194 44 241
is_linear=0
shrinkage=0.1


Tree=64
num_leaves=5
num_cat=0
split_feature=25 50 36 48
split_gain=0.24507 0.279942 0.675678 0.610867
threshold=1.0000000180025095e-35 5.3032925319746216 3.7132745361986528 2.1383330595080281
decision_type=2 2 2 2
left_child=-1 3 -3 -2
right_child=1 2 -4 -5
leaf_value=0.017358748661354183 -0.00027187575722801622 0.020516177603147098 0.00047959003095878258 -0.013688441555470575
leaf_weight=7.9999999999999991 161 18 259 43
leaf_count=8 161 18 259 43
internal_value=0 -0.000288711 0.00178161 -0.00309988
internal_weight=0 481 277 204
internal_count=489 481 277 204
is_linear=0
shrinkage=0.1


Tree=65
num_leaves=8
num_cat=0
split_feature=56 59 54 32 58 31 2
split_gain=0.246242 0.593254 1.04308 0.900358 0.558855 1.01438 0.832172
threshold=3.9701138825728512 4.0428973506407848 2.191013317336941 4.234001473612734 1.0397207708399181 2.1383330595080281 2.9430520157250784
decision_type=2 2 2 2 2 2 2
left_child=4 2 -2 -3 6 -6 -1
right_child=1 3 -4 -5 5 -7 -8
leaf_value=0.0089365929617234805 0.002332259458489716 -0.014234982862004211 0.046556336153298621 0.0031315911523401374 -0.019024652776161454 -0.00086627109583629208 -0.025333454413339496
leaf_weight=62 16.000000000000004 35 7.9999999999999991 203 42 115 7.9999999999999991
leaf_count=62 16 35 8 203 42 115 8
internal_value=0 0.00208876 0.0170736 0.000577683 -0.00241082 -0.00572393 0.00502002
internal_weight=0 262 24 238 227 157 70
internal_count=489 262 24 238 227 157 70
is_linear=0
shrinkage=0.1


Tree=66
num_leaves=7
num_cat=0
split_feature=51 51 52 13 11 58
split_gain=0.221381 1.307 0.76983 0.747451 0.526093 0.137406
threshold=2.3502401828962087 2.5619819897016298 2.5619819897016298 1.4978661367769956 2.5619819897016298 4.6632610631327971
decision_type=2 2 2 2 2 2
left_child=2 -2 4 -3 -1 -4
right_child=1 3 5 -5 -6 -7
leaf_value=-0.01235025259215505 0.034187416701267168 -0.014137130305771867 -0.027996806444769547 0.0024258766019095977 0.0018279866240932495 -0.012190841443159364
leaf_weight=31 11.999999999999998 31 11.000000000000002 225 168 10.999999999999998
leaf_count=31 12 31 11 225 168 11
internal_value=0 0.00193216 -0.00234308 0.0004202 -0.000380684 -0.0200938
internal_weight=0 268 221 256 199 22
internal_count=489 268 221 256 199 22
is_linear=0
shrinkage=0.1


Tree=67
num_leaves=7
num_cat=0
split_feature=58 59 5 35 5 27
split_gain=0.222718 0.586035 0.51654 0.38399 0.353997 0.567332
threshold=5.3278290367727683 7.09423450157795 3.1345481418531311 4.2903656061101136 1.9356005054539456 7.2122901176665044
decision_type=2 2 2 2 2 2
left_child=1 3 -3 -1 -2 -6
right_child=4 2 -4 -5 5 -7
leaf_value=0.0020339185584604884 -0.019191798421864709 0.03092189925638112 0.0050713443734611459 -0.004318691662651814 0.010057987067848445 -0.0161889883090875
leaf_weight=249 14.999999999999998 10.999999999999998 26 154 20 13.999999999999998
leaf_count=249 15 11 26 154 20 14
internal_value=0 0.000712189 0.0127566 -0.00039363 -0.00639516 -0.000749591
internal_weight=0 440 37 403 49 34
internal_count=489 440 37 403 49 34
is_linear=0
shrinkage=0.1


Tree=68
num_leaves=4
num_cat=0
split_feature=43 1 56
split_gain=0.228399 0.255561 0.268066
threshold=7.8929918156944735e-17 1.5785983631388947e-16 4.8121513051691478
decision_type=2 2 2
left_child=-1 -2 -3
right_child=1 2 -4
leaf_value=-0.014246571538123219 0.018050867877900601 0.0012677520840913309 -0.0045676289306138644
leaf_weight=10.999999999999998 7.9999999999999991 370 100
leaf_count=11 8 370 100
internal_value=0 0.00032785 2.61817e-05
internal_weight=0 478 470
internal_count=489 478 470
is_linear=0
shrinkage=0.1


Tree=69
num_leaves=8
num_cat=0
split_feature=56 55 3 29 59 9 32
split_gain=0.213983 0.505909 0.748379 0.643971 0.502398 0.848499 0.729508
threshold=3.9701138825728512 3.0433873634561537 2.8029010331479989 1.9356005054539456 4.0428973506407848 3.6632328069201612 4.234001473612734
decision_type=2 2 2 2 2 2 2
left_child=1 2 -1 -3 5 -2 -6
right_child=4 3 -4 -5 6 -7 -8
leaf_value=0.015354722157558976 0.042327918298542488 -0.032705214805901051 -0.0077090117062956175 -0.0036369762477401341 -0.012776811010969273 0.0024413729086518289 0.0028554369222368184
leaf_weight=34 8.0000000000000018 7.9999999999999991 24 161 35 15.999999999999998 203
leaf_count=34 8 8 24 161 35 16 203
internal_value=0 -0.00224736 0.00581111 -0.00501299 0.00194714 0.0157369 0.000556577
internal_weight=0 227 58 169 262 24 238
internal_count=489 227 58 169 262 24 238
is_linear=0
shrinkage=0.1


Tree=70
num_leaves=7
num_cat=0
split_feature=3 11 44 25 15 17
split_gain=0.21068 0.783271 0.522273 1.41141 0.799576 0.495503
threshold=2.1383330595080281 1.0397207708399181 1.0397207708399181 1.2424533248940004 1.2424533248940004 4.2045812236012674
decision_type=2 2 2 2 2 2
left_child=1 -1 4 -4 -2 -3
right_child=2 5 3 -5 -6 -7
leaf_value=-0.027970821274952457 0.032058319981609067 0.0023890493446345517 -0.025474246179586962 0.0033257248907484272 -0.00021341497845509474 -0.0067174338552062037
leaf_weight=10.999999999999998 14.000000000000002 174 19 163 17 91
leaf_count=11 14 174 19 163 17 91
internal_value=0 -0.00182345 0.00236277 0.000319135 0.0143609 -0.000738083
internal_weight=0 276 213 182 31 265
internal_count=489 276 213 182 31 265
is_linear=0
shrinkage=0.1


Tree=71
num_leaves=8
num_cat=0
split_feature=59 53 47 58 47 12 7
split_gain=0.220697 0.792566 0.812431 0.68122 0.557691 0.47158 0.46391
threshold=5.6167644860526105 3.6632328069201612 2.7058230259275202 3.8499212036984933 2.3937458713910238 1.4978661367769956 1.4978661367769959
decision_type=2 2 2 2 2 2 2
left_child=3 2 -2 6 -3 -5 -1
right_child=1 4 -4 5 -6 -7 -8
leaf_value=-0.0032400198786195393 0.038596895608035003 -0.026073587243445218 0.0055544269736856229 -0.031938032185037928 0.00081832054295255063 -0.0053416069410741332 0.0073112735041549652
leaf_weight=148 10.999999999999998 7.9999999999999991 23 12.000000000000002 214 14.999999999999998 58
leaf_count=148 11 8 23 12 214 15 58
internal_value=0 0.00202676 0.0162446 -0.00222682 -0.000150757 -0.0171622 -0.000269267
internal_weight=0 256 34 233 222 27 206
internal_count=489 256 34 233 222 27 206
is_linear=0
shrinkage=0.1


Tree=72
num_leaves=8
num_cat=0
split_feature=51 43 39 35 11 41 58
split_gain=0.205053 0.57678 0.604982 0.485957 1.03984 0.812943 0.279402
threshold=4.3437210834879627 1.4978661367769959 3.5549397315361362 4.2903656061101136 2.8314802400679731 6.1420165934996938 5.1179758838799021
decision_type=2 2 2 2 2 2 2
left_child=3 6 -3 5 -5 -1 -2
right_child=1 2 -4 4 -6 -7 -8
leaf_value=8.2258130183899099e-05 0.0094976861999991023 -0.0092557335398037385 0.0072136229947554302 -0.038858178878823924 -0.0036258317530215318 0.024892824063343661 0.033624196518212558
leaf_weight=233 12.000000000000002 38 54 8.9999999999999982 121 13.999999999999998 7.9999999999999991
leaf_count=233 12 38 54 9 121 14 8
internal_value=0 0.003757 0.000411063 -0.00111614 -0.00606499 0.00148853 0.0191483
internal_weight=0 112 92 377 130 247 20
internal_count=489 112 92 377 130 247 20
is_linear=0
shrinkage=0.1


Tree=73
num_leaves=5
num_cat=0
split_feature=7 28 46 14
split_gain=0.205083 0.223872 0.645887 0.481944
threshold=7.8929918156944735e-17 5.5293975924403922 5.1984817689835037 6.6346255874044475
decision_type=2 2 2 2
left_child=-1 3 -3 -2
right_child=1 2 -4 -5
leaf_value=-0.013499825549396603 -3.0883669466581118e-05 -0.024376144188527876 -0.00088060346121589337 0.0099547377019289663
leaf_weight=10.999999999999998 290 12.999999999999998 117 58
leaf_count=11 290 13 117 58
internal_value=0 0.000310665 -0.00323016 0.00163339
internal_weight=0 478 130 348
internal_count=489 478 130 348
is_linear=0
shrinkage=0.1


Tree=74
num_leaves=5
num_cat=0
split_feature=25 5 33 19
split_gain=0.201079 0.22359 0.53678 0.355757
threshold=7.8929918156944735e-17 1.9356005054539456 4.6539149966267201 2.8029010331479989
decision_type=2 2 2 2
left_child=-1 2 -2 -3
right_child=1 3 -4 -5
leaf_value=0.01336738707243719 -0.0012597166334583484 -0.0079842141171949082 -0.020274044154211881 0.0031404670156150089
leaf_weight=10.999999999999998 206 33 15.999999999999998 223
leaf_count=11 206 33 16 223
internal_value=0 -0.000307618 -0.00263012 0.00170643
internal_weight=0 478 222 256
internal_count=489 478 222 256
is_linear=0
shrinkage=0.1


Tree=75
num_leaves=4
num_cat=0
split_feature=43 1 56
split_gain=0.184137 0.195444 0.198754
threshold=7.8929918156944735e-17 1.5785983631388947e-16 4.8121513051691478
decision_type=2 2 2
left_child=-1 -2 -3
right_child=1 2 -4
leaf_value=-0.012791851637038318 0.0157932807225734 0.0010996369168325957 -0.0039250155616027769
leaf_weight=10.999999999999998 7.9999999999999991 370 100
leaf_count=11 8 370 100
internal_value=0 0.000294373 3.05619e-05
internal_weight=0 478 470
internal_count=489 478 470
is_linear=0
shrinkage=0.1


Tree=76
num_leaves=8
num_cat=0
split_feature=56 48 48 36 31 34 11
split_gain=0.189149 0.430384 0.862434 0.417234 2.01671 0.533053 0.365011
threshold=3.9701138825728512 1.2424533248940004 2.3502401828962087 3.7609296261008152 1.8688348091416842 1.700598690831078 1.5890269151739729
decision_type=2 2 2 2 2 2 2
left_child=3 6 -3 5 -5 -1 -2
right_child=1 2 -4 4 -6 -7 -8
leaf_value=0.0080120846759493894 0.011662712777880106 0.01524827343841585 0.00019544773426851338 -0.033167261875827206 -0.00037270783129107857 -0.012460695247864351 -0.0082336510106790477
leaf_weight=62 10.999999999999998 52 142 22 127 15.999999999999998 57
leaf_count=62 11 52 142 22 127 16 57
internal_value=0 0.00183067 0.00423023 -0.00211293 -0.00521486 0.00381254 -0.00501512
internal_weight=0 262 194 227 149 78 68
internal_count=489 262 194 227 149 78 68
is_linear=0
shrinkage=0.1


Tree=77
num_leaves=5
num_cat=0
split_feature=25 38 38 47
split_gain=0.180757 0.191828 0.856811 0.512118
threshold=1.0000000180025095e-35 3.2951505240983434 3.0433873634561537 4.2045812236012674
decision_type=2 2 2 2
left_child=-1 2 -2 -3
right_child=1 3 -4 -5
leaf_value=0.0149080632138066 -0.00041877594946223938 -0.0066222845376525986 0.023356359633099705 0.0012912480066125816
leaf_weight=7.9999999999999991 96 123 18 244
leaf_count=8 96 123 18 244
internal_value=0 -0.000247951 0.00333519 -0.00136097
internal_weight=0 481 114 367
internal_count=489 481 114 367
is_linear=0
shrinkage=0.1


Tree=78
num_leaves=7
num_cat=0
split_feature=60 60 12 3 4 25
split_gain=0.178947 0.436323 0.369232 0.366497 0.338137 0.202944
threshold=1.4978661367769956 1.8688348091416842 4.9344480538832558 3.891612008168019 3.2769667020129059 3.1345481418531311
decision_type=2 2 2 2 2 2
left_child=4 3 -3 -2 5 -1
right_child=1 2 -4 -5 -6 -7
leaf_value=0.012714286427944888 0.025986843773474291 -0.00080263794304012291 0.013105205700267106 -0.001645317120710388 -0.021435577320781621 -0.0082183067940852852
leaf_weight=8.0000000000000053 12.000000000000002 419 20 7.9999999999999991 10.999999999999998 10.999999999999998
leaf_count=8 12 419 20 8 11 11
internal_value=0 0.00048906 -0.000169023 0.014934 -0.00748261 0.000595417
internal_weight=0 459 439 20 30 19
internal_count=489 459 439 20 30 19
is_linear=0
shrinkage=0.1


Tree=79
num_leaves=7
num_cat=0
split_feature=58 53 1 53 40 27
split_gain=0.177969 0.44267 1.1794 0.405381 0.248944 0.42312
threshold=5.3278290367727683 5.2831908449625269 1.2424533248940006 4.1742689126930488 2.249904835165133 7.2033878053497515
decision_type=2 2 2 2 2 2
left_child=1 3 -3 -1 -2 -6
right_child=4 2 -4 -5 5 -7
leaf_value=0.0015825381582690754 -0.021852848096750678 0.044093144498765474 0.0032568860100582243 -0.0054536757905195576 0.0055588020849972964 -0.015266627439996228
leaf_weight=249 7.9999999999999991 7.9999999999999991 61 122 25 15.999999999999998
leaf_count=249 8 8 61 122 25 16
internal_value=0 0.000636634 0.00799152 -0.000731257 -0.00571671 -0.00256819
internal_weight=0 440 69 371 49 41
internal_count=489 440 69 371 49 41
is_linear=0
shrinkage=0.1


Tree=80
num_leaves=4
num_cat=0
split_feature=16 25 55
split_gain=0.166485 0.4124 0.189837
threshold=1.0000000180025095e-35 7.8929918156944735e-17 3.8064155152036787
decision_type=2 2 2
left_child=-1 -2 -3
right_child=1 2 -4
leaf_value=-0.014307400677353144 0.020333393421024085 0.0025970934948418289 -0.001635505797504823
leaf_weight=7.9999999999999991 9.9999999999999982 161 310
leaf_count=8 10 161 310
internal_value=0 0.000237961 -0.000188694
internal_weight=0 481 471
internal_count=489 481 471
is_linear=0
shrinkage=0.1


Tree=81
num_leaves=7
num_cat=0
split_feature=51 51 13 52 23 58
split_gain=0.164362 0.870041 0.545788 0.519523 0.410278 0.0954462
threshold=2.3502401828962087 2.5619819897016298 1.4978661367769956 2.5619819897016298 5.3032925319746216 4.6632610631327971
decision_type=2 2 2 2 2 2
left_child=3 -2 -3 4 -1 -5
right_child=1 2 -4 5 -6 -7
leaf_value=-0.0034972060610016344 0.027981573001792034 -0.012008231060369121 0.0021451380584104401 -0.023187766732140014 0.0062645022317560188 -0.01001436123624444
leaf_weight=136 11.999999999999998 31 225 11.000000000000002 63 10.999999999999998
leaf_count=136 12 31 225 11 63 11
internal_value=0 0.00166485 0.000431254 -0.00201891 -0.000406816 -0.0166011
internal_weight=0 268 256 221 199 22
internal_count=489 268 256 221 199 22
is_linear=0
shrinkage=0.1


Tree=82
num_leaves=7
num_cat=0
split_feature=28 15 46 29 14 51
split_gain=0.164928 0.561081 0.448135 0.921598 0.488246 0.353832
threshold=5.5721468034537072 1.7005986908310777 5.5721468034537072 4.8402344967050359 6.6346255874044475 2.3502401828962087
decision_type=2 2 2 2 2 2
left_child=2 -2 4 -4 -1 -3
right_child=1 5 3 -5 -6 -7
leaf_value=-0.001482393998476381 -0.02471065546639941 -0.01080178528209217 0.029457116940369201 -0.011019988934923378 0.0089614931887173847 0.002159537547541892
leaf_weight=288 10.999999999999998 28 15.000000000000002 8.9999999999999982 53 85
leaf_count=288 11 28 15 9 53 85
internal_value=0 -0.00315086 0.00107043 0.0142782 0.000140849 -0.00105212
internal_weight=0 124 365 24 341 113
internal_count=489 124 365 24 341 113
is_linear=0
shrinkage=0.1


Tree=83
num_leaves=7
num_cat=0
split_feature=60 12 9 30 4 25
split_gain=0.162412 0.371839 0.334734 0.327988 0.247019 0.153522
threshold=1.4978661367769956 4.9344480538832558 7.391412193863097 4.8597823571876004 3.2769667020129059 3.1345481418531311
decision_type=2 2 2 2 2 2
left_child=4 3 -3 -2 5 -1
right_child=1 2 -4 -5 -6 -7
leaf_value=0.010316311847418538 0.00027361426614763056 0.029377283854410043 0.0040479726670309898 -0.016491190584686895 -0.01905425637960434 -0.0078899712201250215
leaf_weight=8.0000000000000053 424 8.0000000000000018 14.999999999999998 11.999999999999998 10.999999999999998 10.999999999999998
leaf_count=8 424 8 15 12 11 11
internal_value=0 0.000465917 0.0128582 -0.000187802 -0.00712853 -0.000224168
internal_weight=0 459 23 436 30 19
internal_count=489 459 23 436 30 19
is_linear=0
shrinkage=0.1


Tree=84
num_leaves=8
num_cat=0
split_feature=58 59 43 59 29 11 44
split_gain=0.150794 0.387369 0.44223 0.349869 0.871571 0.417976 0.176504
threshold=4.1430087342023825 5.6167644860526105 1.700598690831078 5.7588569908510134 3.891612008168019 2.5619819897016298 3.9607678160667752
decision_type=2 2 2 2 2 2 2
left_child=3 6 -3 5 -5 -1 -2
right_child=1 2 -4 4 -6 -7 -8
leaf_value=-0.0085613752957821518 -0.026767425704747428 0.0082894985515997912 -0.0032399381238485681 0.024123752326704564 -0.0010104572293474464 0.0019922674628486316 -0.0075914782006293539
leaf_weight=48 8.0000000000000018 43 147 22 37 172 11.999999999999998
leaf_count=48 8 43 147 22 37 172 12
internal_value=0 -0.00202409 -0.000630645 0.00152351 0.00836162 -0.000310346 -0.0152619
internal_weight=0 210 190 279 59 220 20
internal_count=489 210 190 279 59 220 20
is_linear=0
shrinkage=0.1


Tree=85
num_leaves=5
num_cat=0
split_feature=45 3 28 31
split_gain=0.156612 0.395171 0.2475 0.209704
threshold=7.5852272965108627 4.3430458639390261 5.5293975924403922 5.6365594263797405
decision_type=2 2 2 2
left_child=1 2 -1 -2
right_child=3 -3 -4 -5
leaf_value=0.0012137974380649968 0.018926922138780351 -0.022448263200931254 -0.0043966191013961441 0.00023182098908970753
leaf_weight=355 10.000000000000002 7.9999999999999991 101 14.999999999999998
leaf_count=355 10 8 101 15
internal_value=0 -0.000415402 -2.88606e-05 0.00770986
internal_weight=0 464 456 25
internal_count=489 464 456 25
is_linear=0
shrinkage=0.1


Tree=86
num_leaves=5
num_cat=0
split_feature=7 48 45 48
split_gain=0.159653 0.191096 0.79616 0.489836
threshold=7.8929918156944735e-17 2.3502401828962087 3.1345481418531311 0.8958797346140277
decision_type=2 2 2 2
left_child=-1 3 -3 -2
right_child=1 2 -4 -5
leaf_value=-0.011911094087091359 -0.0015518702743037675 -0.02674015834151457 -0.00035398781865558765 0.0079533989324675047
leaf_weight=10.999999999999998 130 11.999999999999998 243 93
leaf_count=11 130 12 243 93
internal_value=0 0.000274105 -0.00159569 0.00241221
internal_weight=0 478 255 223
internal_count=489 478 255 223
is_linear=0
shrinkage=0.1


Tree=87
num_leaves=8
num_cat=0
split_feature=55 7 15 54 1 59 11
split_gain=0.154096 0.626859 0.733606 0.415712 0.501225 0.432548 0.39779
threshold=2.9430520157250784 1.700598690831078 2.6735537653587347 4.1107394736335969 2.5619819897016298 1.5890269151739729 2.5619819897016298
decision_type=2 2 2 2 2 2 2
left_child=1 6 -3 4 -2 -5 -1
right_child=3 2 -4 5 -6 -7 -8
leaf_value=-0.0079909221641719357 -0.0033788329865302121 0.030140460625989358 -0.0043864745460450646 0.020245139571753418 -0.023136797279585154 4.8891430744364612e-05 0.0064985459798157941
leaf_weight=40 65 16.000000000000004 9.9999999999999982 10.999999999999998 15.999999999999998 295 36
leaf_count=40 65 16 10 11 16 295 36
internal_value=0 0.00345778 0.0168609 -0.000911352 -0.00728164 0.0007749 -0.00112749
internal_weight=0 102 26 387 81 306 76
internal_count=489 102 26 387 81 306 76
is_linear=0
shrinkage=0.1


Tree=88
num_leaves=5
num_cat=0
split_feature=43 58 55 9
split_gain=0.158645 0.164759 0.43547 0.349531
threshold=7.8929918156944735e-17 4.1430087342023825 5.6767303451596014 3.7609296261008152
decision_type=2 2 2 2
left_child=-1 2 -2 -3
right_child=1 3 -4 -5
leaf_value=-0.011873416568745267 0.0011652536769118881 -0.012922204643487931 0.023540894293950666 -0.00032435688078466399
leaf_weight=10.999999999999998 259 25 8.9999999999999982 185
leaf_count=11 259 25 9 185
internal_value=0 0.000273238 0.00191667 -0.0018241
internal_weight=0 478 268 210
internal_count=489 478 268 210
is_linear=0
shrinkage=0.1


Tree=89
num_leaves=8
num_cat=0
split_feature=8 26 26 54 22 11 35
split_gain=0.149887 0.444728 0.689083 0.628615 0.277734 0.385928 0.259439
threshold=5.843506608418541 4.9593358439305844 4.8282817362782584 5.272986409146923 5.5872416446462791 5.6454406545496605 6.2859963606162941
decision_type=2 2 2 2 2 2 2
left_child=1 2 -1 -3 6 -6 -2
right_child=4 3 -4 -5 5 -7 -8
leaf_value=-4.3632151105184629e-06 0.004899285498355643 0.0069685650756582621 0.028036308738713461 -0.014008342294022442 -0.016456355329808919 0.009674008880974725 0.023533371753162807
leaf_weight=334 44 20 8.9999999999999982 50 13.000000000000002 9.9999999999999982 8.9999999999999982
leaf_count=334 44 20 9 50 13 10 9
internal_value=0 -0.000751032 0.000731398 -0.00801494 0.00408127 -0.00509533 0.00806356
internal_weight=0 413 343 70 76 23 53
internal_count=489 413 343 70 76 23 53
is_linear=0
shrinkage=0.1


Tree=90
num_leaves=7
num_cat=0
split_feature=25 9 35 20 46 9
split_gain=0.14328 0.684431 0.473313 0.733862 0.43341 0.297489
threshold=2.5619819897016298 4.9199542854466296 4.4425820475484112 3.0433873634561537 5.1059271080903725 5.2337752898422689
decision_type=2 2 2 2 2 2
left_child=2 -2 4 -4 -1 -3
right_child=1 5 3 -5 -6 -7
leaf_value=-0.0005794784317385488 0.029336964007880953 -0.01670473508743776 -0.03703716517193243 -0.004793758949575325 0.012762125830717938 0.0021044221070042114
leaf_weight=248 8.9999999999999982 8.9999999999999982 7.9999999999999991 60 27 128
leaf_count=248 9 9 8 60 27 128
internal_value=0 0.00262367 -0.00111678 -0.0085871 0.000730425 0.000868784
internal_weight=0 146 343 68 275 137
internal_count=489 146 343 68 275 137
is_linear=0
shrinkage=0.1


Tree=91
num_leaves=7
num_cat=0
split_feature=29 8 7 47 47 0
split_gain=0.157238 0.650817 1.09469 0.216199 0.895565 0.330511
threshold=3.0433873634561537 4.6727851606181448 1.4978661367769959 4.2045812236012674 4.317399216745252 0.89587973461402781
decision_type=2 2 2 2 2 2
left_child=1 2 -1 5 -5 -2
right_child=3 -3 -4 4 -6 -7
leaf_value=0.00020296527673640559 0.0012463360783518652 -0.017176534693974715 0.026619698918823688 0.024571011339624724 -0.00062802310756030811 -0.0084372225928108224
leaf_weight=62 65 12.999999999999998 21 14.999999999999998 236 77
leaf_count=62 65 13 21 15 236 77
internal_value=0 0.00362815 0.00688672 -0.000886266 0.000877895 -0.00400461
internal_weight=0 96 83 393 251 142
internal_count=489 96 83 393 251 142
is_linear=0
shrinkage=0.1


Tree=92
num_leaves=7
num_cat=0
split_feature=3 11 33 44 25 15
split_gain=0.145783 0.519234 0.383797 0.356586 0.806198 0.57264
threshold=2.1383330595080281 1.0397207708399181 1.2424533248940004 1.0397207708399181 1.2424533248940004 1.2424533248940004
decision_type=2 2 2 2 2 2
left_child=1 -1 -3 5 -5 -2
right_child=3 2 -4 4 -6 -7
leaf_value=-0.022805739194154739 0.026856276659028868 0.0039913663948520526 -0.0037649127765252153 -0.019217240643736564 0.0025491321852582115 -0.00045445285299245054
leaf_weight=10.999999999999998 14.000000000000002 107 158 19 163 17
leaf_count=11 14 107 158 19 163 17
internal_value=0 -0.00151682 -0.000633132 0.00196546 0.000276819 0.0118794
internal_weight=0 276 265 213 182 31
internal_count=489 276 265 213 182 31
is_linear=0
shrinkage=0.1


Tree=93
num_leaves=8
num_cat=0
split_feature=51 51 47 2 5 52 38
split_gain=0.13403 0.387246 0.437717 0.328029 0.310026 0.351576 0.284897
threshold=4.3437210834879627 5.003923783930186 3.5549397315361362 1.7005986908310777 3.8499212036984933 2.3937458713910238 5.3229980813168991
decision_type=2 2 2 2 2 2 2
left_child=4 3 -3 -2 5 -1 -6
right_child=1 2 -4 -5 6 -7 -8
leaf_value=9.1079891020674791e-05 0.021659424275692021 0.016126352150200141 -0.0083396942933830313 0.0043414432760328055 0.026024830061942329 -0.0075665574533080584 8.8872170696655906e-05
leaf_weight=284 13.999999999999998 8.9999999999999982 39 50 8.0000000000000018 76 8.9999999999999982
leaf_count=284 14 9 39 50 8 76 9
internal_value=0 0.00303744 -0.00375231 0.00812975 -0.000902369 -0.00152553 0.012294
internal_weight=0 112 48 64 377 360 17
internal_count=489 112 48 64 377 360 17
is_linear=0
shrinkage=0.1


Tree=94
num_leaves=8
num_cat=0
split_feature=8 16 12 34 51 34 17
split_gain=0.128969 0.356347 0.740286 0.431197 0.226733 0.312251 0.114614
threshold=5.843506608418541 2.8314802400679731 3.0433873634561537 2.6735537653587347 4.7790881836238563 4.5695295849856103 6.1268596494987646
decision_type=2 2 2 2 2 2 2
left_child=1 3 -3 -1 5 -2 -6
right_child=4 2 -4 -5 6 -7 -8
leaf_value=-0.00056667293467354489 -0.0039386932695534352 -0.030129345467624566 -0.0021087943026610778 0.012154760587446649 0.019338173554702232 0.015035582029006699 0.0054688364195709044
leaf_weight=328 41 11.999999999999998 44 29 11.000000000000002 10.999999999999998 12.999999999999998
leaf_count=328 41 12 44 29 11 11 13
internal_value=0 -0.000696658 -0.0081132 0.000466721 0.00378579 7.50957e-05 0.0118256
internal_weight=0 413 56 357 76 52 24
internal_count=489 413 56 357 76 52 24
is_linear=0
shrinkage=0.1


Tree=95
num_leaves=8
num_cat=0
split_feature=38 38 37 21 11 29 53
split_gain=0.134055 0.608647 0.522701 0.421745 0.357284 0.650248 0.365512
threshold=3.2951505240983434 3.0433873634561537 4.4942230200312032 3.2180751841847144 3.5549397315361362 4.0428973506407848 1.5890269151739729
decision_type=2 2 2 2 2 2 2
left_child=1 3 -3 -1 5 -2 -6
right_child=4 2 -4 -5 6 -7 -8
leaf_value=0.0019708292400558085 -0.0037642077496275309 0.0028365969243976798 0.036918233045273356 -0.020768614692820445 -0.011885154217927029 -0.034995145350694659 0.0011893090032428614
leaf_weight=87 40 9.0000000000000018 8.9999999999999982 8.9999999999999982 23 7.9999999999999991 304
leaf_count=87 40 9 9 9 23 8 304
internal_value=0 0.00300297 0.0198774 -0.000160994 -0.000912902 -0.00896936 0.000269698
internal_weight=0 114 18 96 375 48 327
internal_count=489 114 18 96 375 48 327
is_linear=0
shrinkage=0.1


Tree=96
num_leaves=8
num_cat=0
split_feature=36 31 20 31 18 56 35
split_gain=0.125244 0.592795 1.26205 1.21826 0.552293 0.706092 0.633982
threshold=3.7609296261008152 2.1383330595080281 3.9219243190762367 2.4414009612931857 3.7132745361986528 4.6913057964583187 3.8064155152036787
decision_type=2 2 2 2 2 2 2
left_child=4 2 -2 -3 5 -1 -6
right_child=1 3 -4 -5 6 -7 -8
leaf_value=0.0026331193395890298 0.0040058054029941557 0.028580716171612341 -0.025513958078642776 -0.00068205799435035912 0.030113450835259362 -0.020633537974208596 -0.0019675670106979936
leaf_weight=100 30 14.999999999999998 28 276 14.000000000000002 14.999999999999998 10.999999999999998
leaf_count=100 30 15 28 276 14 15 11
internal_value=0 -0.00101362 -0.0102451 0.000826332 0.00252681 -0.000401662 0.0159978
internal_weight=0 349 58 291 140 115 25
internal_count=489 349 58 291 140 115 25
is_linear=0
shrinkage=0.1


Tree=97
num_leaves=5
num_cat=0
split_feature=1 56 56 59
split_gain=0.121102 0.178686 0.620045 0.501706
threshold=1.5785983631388947e-16 4.8121513051691478 4.7621374077860157 5.7004379805808041
decision_type=2 2 2 2
left_child=-1 2 -2 -3
right_child=1 3 -4 -5
leaf_value=0.011492649072574246 0.0001191310395449324 -0.019612028844216291 0.025355898728594187 -0.00079327714971869307
leaf_weight=8.9999999999999982 368 17 9.9999999999999982 85
leaf_count=9 368 17 10 85
internal_value=0 -0.000215487 0.00078677 -0.00392974
internal_weight=0 480 378 102
internal_count=489 480 378 102
is_linear=0
shrinkage=0.1


Tree=98
num_leaves=4
num_cat=0
split_feature=40 49 5
split_gain=0.119651 0.275024 0.251976
threshold=5.7349254676983401 5.703760251940138 3.7609296261008152
decision_type=2 2 2
left_child=1 2 -1
right_child=-2 -3 -4
leaf_value=-0.00081421009254102064 -0.0091114473362852427 0.018653057771734895 0.0069808315030177653
leaf_weight=421 13.999999999999998 7.9999999999999991 46
leaf_count=421 14 8 46
internal_value=0 0.000268548 -4.63901e-05
internal_weight=0 475 467
internal_count=489 475 467
is_linear=0
shrinkage=0.1


Tree=99
num_leaves=8
num_cat=0
split_feature=56 59 54 23 56 33 7
split_gain=0.116675 0.360827 0.664297 0.40878 0.31081 0.452362 0.28663
threshold=3.9701138825728512 4.0428973506407848 2.191013317336941 2.649158683274019 3.8064155152036787 3.9981586158983733 2.8314802400679731
decision_type=2 2 2 2 2 2 2
left_child=4 2 -2 -3 6 -6 -1
right_child=1 3 -4 -5 5 -7 -8
leaf_value=-0.0018135814235513436 0.0013600680278614162 -0.016982195938516482 0.036652502045035361 0.0012555075941895163 -0.0032374369171024719 -0.029850270267989899 0.0088076266483403751
leaf_weight=166 16.000000000000004 12.999999999999998 7.9999999999999991 225 22.000000000000004 8.9999999999999982 30
leaf_count=166 16 13 8 225 22 9 30
internal_value=0 0.00143779 0.0131242 0.000259331 -0.00165948 -0.0109637 -0.000187886
internal_weight=0 262 24 238 227 31 196
internal_count=489 262 24 238 227 31 196
is_linear=0
shrinkage=0.1


end of trees

feature_importances:
Column_0=47
Column_1=21
Column_25=19
Column_55=19
Column_14=18
Column_36=17
Column_43=17
Column_54=17
Column_7=15
Column_11=15
Column_12=15
Column_56=15
Column_5=13
Column_28=13
Column_35=13
Column_48=13
Column_58=13
Column_59=13
Column_6=11
Column_29=11
Column_45=11
Column_51=11
Column_20=10
Column_31=10
Column_42=10
Column_47=10
Column_53=9
Column_2=8
Column_16=8
Column_44=8
Column_3=7
Column_13=7
Column_32=7
Column_34=7
Column_38=7
Column_41=7
Column_60=7
Column_8=6
Column_9=6
Column_17=6
Column_46=6
Column_49=6
Column_57=6
Column_27=5
Column_40=5
Column_50=5
Column_4=4
Column_15=4
Column_19=4
Column_22=4
Column_33=4
Column_37=4
Column_52=4
Column_23=3
Column_24=3
Column_26=3
Column_30=3
Column_18=2
Column_21=2
Column_39=1

parameters:
[boosting: gbdt]
[objective: regression]
[metric: l1]
[tree_learner: serial]
[device_type: cpu]
[data_sample_strategy: bagging]
[data: ]
[valid: ]
[num_iterations: 100]
[learning_rate: 0.1]
[num_leaves: 8]
[num_threads: 16]
[seed: 0]
[deterministic: 0]
[force_col_wise: 0]
[force_row_wise: 0]
[histogram_pool_size: -1]
[max_depth: 3]
[min_data_in_leaf: 8]
[min_sum_hessian_in_leaf: 0.001]
[bagging_fraction: 1]
[pos_bagging_fraction: 1]
[neg_bagging_fraction: 1]
[bagging_freq: 0]
[bagging_seed: 3]
[feature_fraction: 1]
[feature_fraction_bynode: 1]
[feature_fraction_seed: 2]
[extra_trees: 0]
[extra_seed: 6]
[early_stopping_round: 0]
[first_metric_only: 0]
[max_delta_step: 0]
[lambda_l1: 0]
[lambda_l2: 0]
[linear_lambda: 0]
[min_gain_to_split: 0]
[drop_rate: 0.1]
[max_drop: 50]
[skip_drop: 0.5]
[xgboost_dart_mode: 0]
[uniform_drop: 0]
[drop_seed: 4]
[top_rate: 0.2]
[other_rate: 0.1]
[min_data_per_group: 100]
[max_cat_threshold: 32]
[cat_l2: 10]
[cat_smooth: 10]
[max_cat_to_onehot: 4]
[top_k: 20]
[monotone_constraints: ]
[monotone_constraints_method: basic]
[monotone_penalty: 0]
[feature_contri: ]
[forcedsplits_filename: ]
[refit_decay_rate: 0.9]
[cegb_tradeoff: 1]
[cegb_penalty_split: 0]
[cegb_penalty_feature_lazy: ]
[cegb_penalty_feature_coupled: ]
[path_smooth: 0]
[interaction_constraints: ]
[verbosity: -1]
[saved_feature_importance_type: 0]
[use_quantized_grad: 0]
[num_grad_quant_bins: 4]
[quant_train_renew_leaf: 0]
[stochastic_rounding: 1]
[linear_tree: 0]
[max_bin: 255]
[max_bin_by_feature: ]
[min_data_in_bin: 3]
[bin_construct_sample_cnt: 200000]
[data_random_seed: 1]
[is_enable_sparse: 1]
[enable_bundle: 1]
[use_missing: 1]
[zero_as_missing: 0]
[feature_pre_filter: 1]
[pre_partition: 0]
[two_round: 0]
[header: 0]
[label_column: ]
[weight_column: ]
[group_column: ]
[ignore_column: ]
[categorical_feature: ]
[forcedbins_filename: ]
[precise_float_parser: 0]
[parser_config_file: ]
[objective_seed: 5]
[num_class: 1]
[is_unbalance: 0]
[scale_pos_weight: 1]
[sigmoid: 1]
[boost_from_average: 1]
[reg_sqrt: 0]
[alpha: 0.9]
[fair_c: 1]
[poisson_max_delta_step: 0.7]
[tweedie_variance_power: 1.5]
[lambdarank_truncation_level: 30]
[lambdarank_norm: 1]
[label_gain: ]
[lambdarank_position_bias_regularization: 0]
[eval_at: ]
[multi_error_top_k: 1]
[auc_mu_weights: ]
[num_machines: 1]
[local_listen_port: 12400]
[time_out: 120]
[machine_list_filename: ]
[machines: ]
[gpu_platform_id: -1]
[gpu_device_id: -1]
[gpu_use_dp: 0]
[num_gpu: 1]

end of parameters

pandas_categorical:null
