tree
version=v4
num_class=1
num_tree_per_iteration=1
label_index=0
max_feature_idx=91
objective=regression
feature_names=Column_0 Column_1 Column_2 Column_3 Column_4 Column_5 Column_6 Column_7 Column_8 Column_9 Column_10 Column_11 Column_12 Column_13 Column_14 Column_15 Column_16 Column_17 Column_18 Column_19 Column_20 Column_21 Column_22 Column_23 Column_24 Column_25 Column_26 Column_27 Column_28 Column_29 Column_30 Column_31 Column_32 Column_33 Column_34 Column_35 Column_36 Column_37 Column_38 Column_39 Column_40 Column_41 Column_42 Column_43 Column_44 Column_45 Column_46 Column_47 Column_48 Column_49 Column_50 Column_51 Column_52 Column_53 Column_54 Column_55 Column_56 Column_57 Column_58 Column_59 Column_60 Column_61 Column_62 Column_63 Column_64 Column_65 Column_66 Column_67 Column_68 Column_69 Column_70 Column_71 Column_72 Column_73 Column_74 Column_75 Column_76 Column_77 Column_78 Column_79 Column_80 Column_81 Column_82 Column_83 Column_84 Column_85 Column_86 Column_87 Column_88 Column_89 Column_90 Column_91
feature_infos=[0.69314718055994529:7.2078598714324755] [0.69314718055994529:7.2078598714324755] [0.69314718055994529:7.2078598714324755] [0.69314718055994529:7.2078598714324755] [0.69314718055994529:7.2078598714324755] [0.69314718055994529:7.2078598714324755] [0.69314718055994529:7.2078598714324755] [0.69314718055994529:7.2078598714324755] [0.69314718055994529:7.1608459066642993] [0.69314718055994529:7.7025561132685825] [0:4.7184988712950942] [0.69314718055994529:7.9540210872780372] [0:6.8956826977478682] [0.69314718055994529:8.2177084068453059] [0.69314718055994529:6.9911768871212097] [0.69314718055994529:7.1308988302963465] [0.69314718055994529:7.5438028675015092] [0.69314718055994529:7.8087293067443992] [0.69314718055994529:7.1608459066642993] [0.69314718055994529:7.7025561132685825] [0:4.7184988712950942] [0.69314718055994529:7.9540210872780372] [0:6.8956826977478682] [0.69314718055994529:8.2177084068453059] [0.69314718055994529:6.9911768871212097] [0.69314718055994529:7.1308988302963465] [0.69314718055994529:7.5438028675015092] [0.69314718055994529:7.8087293067443992] [0.69314718055994529:7.1608459066642993] [0.69314718055994529:7.7025561132685825] [0:4.7184988712950942] [0.69314718055994529:7.9540210872780372] [0:6.8956826977478682] [0.69314718055994529:8.2177084068453059] [0.69314718055994529:6.9911768871212097] [0.69314718055994529:7.1308988302963465] [0.69314718055994529:7.5438028675015092] [0.69314718055994529:7.8087293067443992] [0.69314718055994529:7.1608459066642993] [0.69314718055994529:7.7025561132685825] [0:4.7184988712950942] [0.69314718055994529:7.9540210872780372] [0:6.8956826977478682] [0.69314718055994529:8.2177084068453059] [0.69314718055994529:6.9911768871212097] [0.69314718055994529:7.1308988302963465] [0.69314718055994529:7.5438028675015092] [0.69314718055994529:7.8087293067443992] [0.69314718055994529:7.1608459066642993] [0.69314718055994529:7.7025561132685825] [0:4.7184988712950942] [0.69314718055994529:7.9540210872780372] [0:6.8956826977478682] [0.69314718055994529:8.2177084068453059] [0.69314718055994529:6.9911768871212097] [0.69314718055994529:7.1308988302963465] [0.69314718055994529:7.5438028675015092] [0.69314718055994529:7.8087293067443992] [0.69314718055994529:7.1608459066642993] [0.69314718055994529:7.7025561132685825] [0:4.7184988712950942] [0.69314718055994529:7.9540210872780372] [0:6.8956826977478682] [0.69314718055994529:8.2177084068453059] [0.69314718055994529:6.9911768871212097] [0.69314718055994529:7.1308988302963465] [0.69314718055994529:7.5438028675015092] [0.69314718055994529:7.7323692222843876] [0.69314718055994529:7.1608459066642993] [0.69314718055994529:7.7025561132685825] [0:4.7184988712950942] [0.69314718055994529:7.9540210872780372] [0:6.8956826977478682] [0.69314718055994529:8.2177084068453059] [0.69314718055994529:6.9911768871212097] [0.69314718055994529:7.1308988302963465] [0.69314718055994529:7.5438028675015092] [0.69314718055994529:7.7323692222843876] [0.69314718055994529:7.1608459066642993] [0.69314718055994529:7.7025561132685825] [0:4.7184988712950942] [0.69314718055994529:7.9540210872780372] [0:6.8956826977478682] [0.69314718055994529:8.2177084068453059] [0.69314718055994529:6.9911768871212097] [0.69314718055994529:7.1308988302963465] [0.69314718055994529:7.5438028675015092] [0.69314718055994529:7.7323692222843876] [0.69314718055994529:3.970291913552122] [0.69314718055994529:3.970291913552122] [0.69314718055994529:3.970291913552122] [0.69314718055994529:3.970291913552122]
tree_sizes=863 911 875 881 879 891 887 893 884 889 886 893 885 889 888 904 905 904 890 904 889 939 901 891 891 940 897 899 907 904 946 894 904 915 926 895 929 907 916 896 895 932 914 914 938 914 899 958 914 919 903 903 921 924 907 891 911 920 910 923 905 958 955 899 945 941 906 909 922 940 925 926 919 953 917 918 924 929 923 929 908 920 928 843 927 909 908 923 955 935 945 942 908 927 929 932 945 915 939 923

Tree=0
num_leaves=9
num_cat=0
split_feature=9 9 9 86 8 76 88 88
split_gain=914.854 222.169 54.9049 53.6026 37.5201 38.1394 34.8799 23.778
threshold=4.9904094477362264 2.6735537653587347 5.7202634001742227 1.0397207708399181 3.7012257604091228 4.744894319750431 3.7012257604091228 3.7012257604091228
decision_type=2 2 2 2 2 2 2 2
left_child=1 6 -2 -3 7 -6 -1 -5
right_child=2 3 -4 4 5 -7 -8 -9
leaf_value=3.0349127754623835 3.3689410990705677 3.3398940936409467 3.4851442742485332 3.1403165166475335 3.3380586189917429 3.1902821700092003 3.1921738753494409 3.2420629852384861
leaf_weight=119 69 30 99 98 31 40 15.999999999999998 30
leaf_count=119 69 30 99 98 31 40 16 30
internal_value=3.24439 3.1553 3.43742 3.21529 3.1965 3.2548 3.05355 3.16416
internal_weight=0 364 168 229 199 71 135 128
internal_count=532 364 168 229 199 71 135 128
is_linear=0
shrinkage=1


Tree=1
num_leaves=9
num_cat=0
split_feature=9 9 0 7 16 88 29 9
split_gain=741.623 177.213 76.4108 61.1676 33.9947 30.7618 23.949 19.2022
threshold=4.0342014792848504 5.5872416446462791 1.4978661367769956 3.9316333620047872 4.2835627800822236 3.7256208424938388 3.795426061844291 2.6735537653587347
decision_type=2 2 2 2 2 2 2 2
left_child=2 3 7 6 -5 -4 -2 -1
right_child=1 -3 5 4 -6 -7 -8 -9
leaf_value=-0.19968545042568506 -0.014472226612269878 0.20730320982311082 -0.10016970021078493 -0.15940182785193124 0.010770078155177611 0.011039464175701142 0.11954932752065361 -0.084808783890569922
leaf_weight=101 15.999999999999998 115 101 14.999999999999998 54 33 80 17
leaf_count=101 16 115 101 15 54 33 80 17
internal_value=0 0.11201 -0.124456 0.0455936 -0.0262238 -0.0727824 0.0972124 -0.183135
internal_weight=0 280 252 165 69 134 96 118
internal_count=532 280 252 165 69 134 96 118
is_linear=0
shrinkage=0.1


Tree=2
num_leaves=9
num_cat=0
split_feature=9 0 86 9 9 11 88 57
split_gain=609.013 147.511 52.9861 50.2171 35.6483 26.2345 25.6558 20.9828
threshold=4.9904094477362264 2.524928003624769 4.744894319750431 2.3937458713910238 5.7202634001742227 4.1742689126930488 3.4175922930736511 5.7268424424629787
decision_type=2 2 2 2 2 2 2 2
left_child=1 3 5 -1 7 -3 -5 -2
right_child=4 2 -4 6 -6 -7 -8 -9
leaf_value=-0.17807990103446053 0.1506786661509138 -0.017630441811689664 -0.072361961140127079 -0.13544489877389335 0.19594687831522239 0.086145718363595428 -0.028727259278297425 0.039438111372292042
leaf_weight=106 39 42 67 41 99 58 50 30
leaf_count=106 39 42 67 41 99 58 50 30
internal_value=0 -0.0726878 -0.00354658 -0.1313 0.15749 0.0425597 -0.0768088 0.102313
internal_weight=0 364 167 197 168 100 91 69
internal_count=532 364 167 197 168 100 91 69
is_linear=0
shrinkage=0.1


Tree=3
num_leaves=9
num_cat=0
split_feature=9 9 88 7 9 16 15 39
split_gain=496.449 114.63 51.1606 41.8114 34.7441 22.9849 17.1453 16.2399
threshold=4.0342014792848504 5.5872416446462791 3.7494348669884658 4.5325416796595226 2.3937458713910238 4.5538214868689204 4.5746578350692051 3.9316333620047872
decision_type=2 2 2 2 2 2 2 2
left_child=2 3 4 6 -1 -5 7 -2
right_child=1 -3 -4 5 -6 -7 -8 -9
leaf_value=-0.15866516400128605 -0.022240715491629783 0.16828514171035394 0.010365994450237071 -0.12790882129441292 -0.078595721696813906 0.010390038406703531 0.14973019504589805 0.079507052186395866
leaf_weight=112 21 115 35 17 105 41 24 62
leaf_count=112 21 115 35 17 105 41 24 62
internal_value=0 0.0916437 -0.101826 0.038227 -0.119922 -0.0301458 0.0752888 0.0537636
internal_weight=0 280 252 165 217 58 107 83
internal_count=532 280 252 165 217 58 107 83
is_linear=0
shrinkage=0.1


Tree=4
num_leaves=9
num_cat=0
split_feature=9 9 70 0 9 1 88 47
split_gain=403.403 100.545 32.2886 31.9159 23.6855 21.626 16.3216 15.6558
threshold=4.9904094477362264 3.7726948748059121 3.5549397315361362 1.4978661367769956 5.7202634001742227 2.8029010331479989 3.2769667020129059 5.4337124689388192
decision_type=2 2 2 2 2 2 2 2
left_child=1 3 5 -1 7 -3 -5 -2
right_child=4 2 -4 6 -6 -7 -8 -9
leaf_value=-0.13853373064295105 0.13593898607838539 -0.032831343201299511 -0.10140216741710902 -0.11048690960174655 0.15952367731417069 0.055593264155538273 -0.028899250822294442 0.040177854101516697
leaf_weight=115 31 42 24 41 99 81 61 38
leaf_count=115 31 42 24 41 99 81 61 38
internal_value=0 -0.0591585 0.00469718 -0.102416 0.128177 0.0253995 -0.0616943 0.083201
internal_weight=0 364 147 217 168 123 102 69
internal_count=532 364 147 217 168 123 102 69
is_linear=0
shrinkage=0.1


Tree=5
num_leaves=9
num_cat=0
split_feature=9 9 88 7 9 45 29 84
split_gain=328.857 75.2028 37.2738 31.4879 24.6798 17.762 14.4065 11.2645
threshold=4.0342014792848504 5.5872416446462791 3.7494348669884658 3.9316333620047872 1.0397207708399181 3.9219243190762363 3.795426061844291 5.2626767655455557
decision_type=2 2 2 2 2 2 2 2
left_child=2 3 4 6 -1 -5 -2 -3
right_child=1 7 -4 5 -6 -7 -8 -9
leaf_value=-0.14245345879346133 -0.018264469364658 0.15483932188430499 0.012887306051062686 -0.10251114735085715 -0.072550586380963525 0.011070658618584276 0.085682191253290518 0.082769122231623235
leaf_weight=80 15.999999999999998 86 35 19 137 50 80 29
leaf_count=80 16 86 35 19 137 50 80 29
internal_value=0 0.074588 -0.0828756 0.0313222 -0.0983212 -0.0202055 0.0683577 0.136665
internal_weight=0 280 252 165 217 69 96 115
internal_count=532 280 252 165 217 69 96 115
is_linear=0
shrinkage=0.1


Tree=6
num_leaves=9
num_cat=0
split_feature=9 0 86 88 21 31 15 67
split_gain=268.87 70.1513 28.2239 23.3183 16.7014 16.2943 12.9119 12.2683
threshold=4.9904094477362264 2.524928003624769 4.744894319750431 3.5694334999727624 6.6643797348197298 4.1742689126930488 3.9219243190762363 6.0764941372188597
decision_type=2 2 2 2 2 2 2 2
left_child=1 3 5 -1 7 -3 -4 -2
right_child=4 2 6 -5 -6 -7 -8 -9
leaf_value=-0.11203206779297303 0.11238755523318462 -0.012505369328639724 -0.10596720460587397 -0.037948942474242596 0.19041377007961274 0.068814781062038879 -0.015882025232038847 0.050179923835979856
leaf_weight=135 102 44 26 62 20 56 41 46
leaf_count=135 102 44 26 62 20 56 41 46
internal_value=0 -0.0482969 -0.000616281 -0.0887166 0.104643 0.0330339 -0.0508405 0.0930528
internal_weight=0 364 167 197 168 100 67 148
internal_count=532 364 167 197 168 100 67 148
is_linear=0
shrinkage=0.1


Tree=7
num_leaves=9
num_cat=0
split_feature=9 9 88 7 9 0 15 29
split_gain=220.359 50.8415 26.2221 22.2082 18.2356 13.1288 12.3468 10.8415
threshold=4.0342014792848504 5.6021120126471873 3.7726948748059121 3.9316333620047872 1.0397207708399181 4.234001473612734 4.5746578350692051 3.8815106545092593
decision_type=2 2 2 2 2 2 2 2
left_child=2 3 4 6 -1 -5 7 -2
right_child=1 -3 -4 5 -6 -7 -8 -9
leaf_value=-0.11697123185617896 -0.038704191297292717 0.11324492478909504 0.021611054125241936 -0.058843055822783041 -0.05766552167082642 0.027807395642294605 0.12108796336080717 0.056346091969559586
leaf_weight=82 14.999999999999998 112 29 36 141 34 23 60
leaf_count=82 15 112 29 36 141 34 23 60
internal_value=0 0.0610563 -0.0678403 0.0262639 -0.079473 -0.0167557 0.0569921 0.037336
internal_weight=0 280 252 168 223 70 98 75
internal_count=532 280 252 168 223 70 98 75
is_linear=0
shrinkage=0.1


Tree=8
num_leaves=9
num_cat=0
split_feature=9 9 88 89 0 88 50 54
split_gain=178.49 41.8242 21.9459 20.4215 14.4915 11.745 11.6542 8.65705
threshold=4.0342014792848504 5.7202634001742227 3.7012257604091228 3.7256208424938388 1.4978661367769956 2.9174053685313028 2.0126758453675753 2.3502401828962087
decision_type=2 2 2 2 2 2 2 2
left_child=2 3 4 5 -1 6 -2 -7
right_child=1 -3 -4 -5 -6 7 -8 -9
leaf_value=-0.10099823847017692 0.090611851482611638 0.10720907608799712 -0.00021880630714197957 0.079272499214857822 -0.047651703570190135 0.030908273730207894 0.0043246393624160979 -0.054277653573080897
leaf_weight=106 23 99 48 52 98 17 49 40
leaf_count=106 23 99 48 52 98 17 49 40
internal_value=0 0.0549507 -0.0610563 0.0263673 -0.075371 0.0050412 0.0318886 -0.0288713
internal_weight=0 280 252 181 204 129 72 57
internal_count=532 280 252 181 204 129 72 57
is_linear=0
shrinkage=0.1


Tree=9
num_leaves=9
num_cat=0
split_feature=9 9 86 10 88 84 80 26
split_gain=146.181 41.2115 17.5258 15.197 17.2157 12.5385 12.3586 12.042
threshold=5.0434043048315838 2.6735537653587347 1.0397207708399181 2.0126758453675753 3.3842466058243152 5.1647696471263407 3.5549397315361362 3.4175922930736511
decision_type=2 2 2 2 2 2 2 2
left_child=1 3 -3 -1 -5 -2 7 -4
right_child=5 2 6 4 -6 -7 -8 -9
leaf_value=-0.10138515621343608 0.098121383721855554 0.05808597979220477 -0.037634502903092656 -0.089955419572916903 0.038236687500029808 0.038913010614309108 -0.076492617640531432 0.01597207810687409
leaf_weight=93 110 33 80 22 20 53 33 88
leaf_count=93 110 33 80 22 20 53 33 88
internal_value=0 -0.0348394 -0.00945571 -0.0788378 -0.0289116 0.0788696 -0.0205446 -0.00955487
internal_weight=0 369 234 135 42 163 201 168
internal_count=532 369 234 135 42 163 201 168
is_linear=0
shrinkage=0.1


Tree=10
num_leaves=9
num_cat=0
split_feature=0 88 9 57 9 10 18 70
split_gain=118.89 33.2489 17.4366 17.2829 11.1809 8.92085 8.89769 8.52391
threshold=3.7132745361986528 3.6505739029280164 5.7202634001742227 6.0426074438783575 2.9174053685313028 2.3502401828962087 2.524928003624769 3.6632328069201612
decision_type=2 2 2 2 2 2 2 2
left_child=1 4 3 -2 5 -1 -3 -6
right_child=2 6 -4 -5 7 -7 -8 -9
leaf_value=-0.094859552904567199 0.05582302334280137 -0.029718742674837512 0.088484969808115183 -0.027671083274430464 -0.024974943584074146 -0.022768973417225339 0.035322416021392265 -0.10205009932465413
leaf_weight=94 85 33 97 35 92 21 58 17
leaf_count=94 85 33 97 35 92 21 58 17
internal_value=0 -0.0392365 0.0569563 0.0314706 -0.0599442 -0.0816952 0.0117361 -0.0369958
internal_weight=0 315 217 120 224 115 91 109
internal_count=532 315 217 120 224 115 91 109
is_linear=0
shrinkage=0.1


Tree=11
num_leaves=9
num_cat=0
split_feature=9 0 87 88 15 9 83 85
split_gain=98.2318 28.734 13.4749 13.1834 11.1832 9.09793 10.4815 7.52507
threshold=5.0434043048315838 2.524928003624769 6.0426074438783575 3.4175922930736511 4.6491756246494491 3.4811217321331038 1.8688348091416844 3.2951505240983434
decision_type=2 2 2 2 2 2 2 2
left_child=1 3 7 -1 -2 6 -5 -3
right_child=4 2 -4 5 -6 -7 -8 -9
leaf_value=-0.081633864184643357 0.031221790248227702 0.04967497096541116 -0.060648800997898503 -0.072111241196124054 0.085175345303251021 0.022616623213514687 0.0054065504684471175 -0.00076501363888382924
leaf_weight=94 62 42 29 53 101 25 26 100
leaf_count=94 62 42 29 53 101 25 26 100
internal_value=0 -0.0285595 0.00146802 -0.0544924 0.0646531 -0.0299607 -0.0465991 0.0141539
internal_weight=0 369 171 198 163 104 79 142
internal_count=532 369 171 198 163 104 79 142
is_linear=0
shrinkage=0.1


Tree=12
num_leaves=9
num_cat=0
split_feature=9 15 84 88 70 9 10 19
split_gain=80.84 22.7339 12.4935 11.3114 9.03708 8.1779 6.95291 6.13941
threshold=4.0342014792848504 4.6150714996361826 4.4885732424042368 3.7726948748059121 3.5549397315361362 1.0397207708399181 2.0126758453675753 6.0567812709255842
decision_type=2 2 2 2 2 2 2 2
left_child=3 4 -3 5 -2 6 -1 -4
right_child=1 2 7 -5 -6 -7 -8 -9
leaf_value=-0.09092684093801702 0.021638585856805247 0.092277088102330526 0.0070110482591632245 0.017660529903489455 -0.042393891858281914 -0.034126387841352232 -0.024213044979565203 0.079610737807610465
leaf_weight=61 120 79 37 29 27 141 21 17
leaf_count=61 120 79 37 29 27 141 21 17
internal_value=0 0.036981 0.0669375 -0.04109 0.00987752 -0.0487302 -0.0738416 0.0298665
internal_weight=0 280 133 252 147 223 82 54
internal_count=532 280 133 252 147 223 82 54
is_linear=0
shrinkage=0.1


Tree=13
num_leaves=9
num_cat=0
split_feature=0 88 11 40 9 10 46 55
split_gain=67.2547 19.5704 12.6423 9.8668 9.78892 7.62339 10.051 10.6745
threshold=3.7132745361986528 3.7012257604091228 6.7056203676089297 2.0126758453675753 5.2932921986212866 0.89587973461402759 3.0201273556387074 3.7132745361986528
decision_type=2 2 2 2 2 2 2 2
left_child=1 5 3 -2 -5 -1 -7 -8
right_child=2 -3 -4 4 -6 6 7 -9
leaf_value=-0.064996158272576085 0.077371684851294212 0.016280452519034348 0.12309330834282771 -0.0066534682047656836 0.044511070698702145 0.0055506498526988763 -0.093319360385922825 -0.022971559505341417
leaf_weight=96 44 72 18 63 92 54 34 59
leaf_count=96 44 72 18 63 92 54 34 59
internal_value=0 -0.0295107 0.0428382 0.0355789 0.0237152 -0.0430785 -0.0287649 -0.0486901
internal_weight=0 315 217 199 155 243 147 93
internal_count=532 315 217 199 155 243 147 93
is_linear=0
shrinkage=0.1


Tree=14
num_leaves=9
num_cat=0
split_feature=9 15 8 88 11 79 84 70
split_gain=55.0917 16.9139 9.00775 7.61541 9.11572 6.83822 6.2904 6.07001
threshold=3.795426061844291 5.0336528188827625 3.2951505240983434 3.4175922930736511 3.9701138825728512 3.4811217321331038 4.9199542854466296 3.5549397315361362
decision_type=2 2 2 2 2 2 2 2
left_child=3 2 5 -1 -5 -2 -3 -4
right_child=1 6 7 4 -6 -7 -8 -9
leaf_value=-0.057335008729562591 0.011199540929824468 0.081622054941591721 0.031919296642660466 -0.034406465905268198 0.036056884669739268 -0.069501095034536872 0.022202030386775734 -0.012182492036372424
leaf_weight=107 21 62 142 91 23 21 25 40
leaf_count=107 21 62 142 91 23 21 25 40
internal_value=0 0.0271271 0.0125933 -0.0381743 -0.0201902 -0.0291508 0.0645473 0.0222266
internal_weight=0 311 224 221 114 42 87 182
internal_count=532 311 224 221 114 42 87 182
is_linear=0
shrinkage=0.1


Tree=15
num_leaves=9
num_cat=0
split_feature=0 88 11 40 8 75 77 9
split_gain=45.8835 13.646 8.86097 8.23993 7.22528 5.41625 7.6445 5.81324
threshold=3.8499212036984933 3.6505739029280164 6.7056203676089297 2.0126758453675753 5.1238931127034038 3.2951505240983434 1.0397207708399181 1.5890269151739729
decision_type=2 2 2 2 2 2 2 2
left_child=1 5 3 -2 -5 -1 -7 -8
right_child=2 -3 -4 4 -6 6 7 -9
leaf_value=-0.061547850172907592 0.07144757566543726 0.0083229927314581193 0.10397128777371512 -0.0011934902304067063 0.042896909550042217 0.038589318515732884 -0.07193953867536039 -0.023927592502578216
leaf_weight=63 39 96 18 78 71 15.999999999999998 32 119
leaf_count=63 39 96 18 78 71 16 32 119
internal_value=0 -0.0233452 0.0369443 0.0305268 0.019816 -0.0365632 -0.0271378 -0.0341023
internal_weight=0 326 206 188 149 230 167 151
internal_count=532 326 206 188 149 230 167 151
is_linear=0
shrinkage=0.1


Tree=16
num_leaves=9
num_cat=0
split_feature=9 1 87 91 41 47 73 56
split_gain=37.8288 12.3837 11.9562 6.76287 5.66384 6.30004 5.3529 4.83842
threshold=5.0781726169168655 2.524928003624769 6.0426074438783575 3.5694334999727624 6.7056203676089297 6.0764941372188597 2.6735537653587347 5.4337124689388192
decision_type=2 2 2 2 2 2 2 2
left_child=1 3 -3 -1 5 -2 -5 -4
right_child=4 2 7 6 -6 -7 -8 -9
leaf_value=-0.051975759422140472 0.049284837611259957 0.014621025713449212 -0.093854355911413834 -0.026322519262631735 0.093666248851352274 0.0046761793181455385 0.035826348469537854 -0.017879657765948461
leaf_weight=105 93 142 14.999999999999998 75 18 48 17 19
leaf_count=105 93 142 15 75 18 48 17 19
internal_value=0 -0.01741 0.00186737 -0.0346325 0.0408424 0.0340989 -0.0148385 -0.0513979
internal_weight=0 373 176 197 159 141 92 34
internal_count=532 373 176 197 159 141 92 34
is_linear=0
shrinkage=0.1


Tree=17
num_leaves=9
num_cat=0
split_feature=9 15 67 14 29 70 68 87
split_gain=31.5955 10.8375 6.72083 5.65088 5.45799 5.36857 5.24315 5.17437
threshold=3.795426061844291 4.6150714996361826 6.0426074438783575 2.8029010331479989 6.1202950037778683 3.4175922930736511 3.0201273556387078 5.1474268681323965
decision_type=2 2 2 2 2 2 2 2
left_child=7 5 3 -3 -4 -2 -5 -1
right_child=1 2 4 6 -6 -7 -8 -9
leaf_value=-0.021497607896813029 0.012211591187395458 0.0017169788668979892 -0.019415761065600372 0.11115976542234421 0.050542124556867699 -0.032750474571278602 0.052037549850841358 -0.060498422419741044
leaf_weight=179 136 15.999999999999998 27 20 19 33 60 42
leaf_count=179 136 16 27 20 19 33 60 42
internal_value=0 0.0205434 0.0409084 0.0559679 0.00947989 0.00343202 0.0668181 -0.0289095
internal_weight=0 311 142 96 46 169 80 221
internal_count=532 311 142 96 46 169 80 221
is_linear=0
shrinkage=0.1


Tree=18
num_leaves=9
num_cat=0
split_feature=0 15 78 70 19 37 0 85
split_gain=26.5064 9.08895 6.79222 6.05706 6.95479 5.85663 5.46814 4.46782
threshold=2.8029010331479989 5.0336528188827625 3.0201273556387078 3.4175922930736511 4.8441560854355483 3.8499212036984933 5.2417330174952186 4.6346818562128229
decision_type=2 2 2 2 2 2 2 2
left_child=5 3 -3 6 -5 -1 7 -2
right_child=1 2 -4 4 -6 -7 -8 -9
leaf_value=-0.015871019974830702 0.017762558760688357 0.097648201957345013 0.031353671739206598 -0.067604177147150044 0.0071280620794630413 -0.051711934373255768 0.05988658554852009 -0.031424159478311516
leaf_weight=165 115 20 68 20 33 63 26 22
leaf_count=165 115 20 68 20 33 63 26 22
internal_value=0 0.0193308 0.0464206 0.00829424 -0.0210728 -0.0257744 0.017843 0.00986396
internal_weight=0 304 88 216 53 228 163 137
internal_count=532 304 88 216 53 228 163 137
is_linear=0
shrinkage=0.1


Tree=19
num_leaves=9
num_cat=0
split_feature=8 8 77 11 18 77 7 64
split_gain=22.2496 6.06678 5.67393 5.58131 5.47145 4.55016 6.37691 4.87083
threshold=3.7012257604091228 5.8464220685739372 6.0426074438783575 5.3423228052093945 4.6913057964583187 3.3497501700808394 2.3937458713910238 1.700598690831078
decision_type=2 2 2 2 2 2 2 2
left_child=3 2 -2 5 -4 6 -1 -8
right_child=1 -3 4 -5 -6 -7 7 -9
leaf_value=-0.025235125985620849 0.024033166382591741 0.060980646628322026 -0.064370964771757522 0.03381578622178899 0.0064492245973087857 -0.037512006368037434 0.054161429964005949 -0.017107104312847645
leaf_weight=91 172 33 14.999999999999998 18 40 124 22 17
leaf_count=91 172 33 15 18 40 124 22 17
internal_value=0 0.0209172 0.015093 -0.0199944 -0.0128654 -0.0238077 -0.0107359 0.0230957
internal_weight=0 260 227 272 55 254 130 39
internal_count=532 260 227 272 55 254 130 39
is_linear=0
shrinkage=0.1


Tree=20
num_leaves=9
num_cat=0
split_feature=9 8 70 42 58 78 10 9
split_gain=18.4373 6.57977 5.35605 4.46835 6.15324 4.14555 3.77808 4.08425
threshold=3.7726948748059121 5.1532748880139918 2.249904835165133 1.4978661367769959 3.0201273556387078 2.524928003624769 1.8688348091416844 2.9174053685313028
decision_type=2 2 2 2 2 2 2 2
left_child=6 2 3 5 -5 -2 7 -1
right_child=1 -3 -4 4 -6 -7 -8 -9
leaf_value=-0.043390498378751231 0.023250309573042961 0.037612038672198249 -0.010486492226258495 0.087725787303026992 0.019694316179919073 -0.042149645819639169 -0.0044569496509594547 -0.0064231155299429984
leaf_weight=98 21 94 104 17 61 18 76 43
leaf_count=98 21 94 104 17 61 18 76 43
internal_value=0 0.0154514 0.00602561 0.020703 0.0345217 -0.00693429 -0.0224295 -0.0321168
internal_weight=0 315 221 117 78 39 217 141
internal_count=532 315 221 117 78 39 217 141
is_linear=0
shrinkage=0.1


Tree=21
num_leaves=9
num_cat=0
split_feature=1 9 87 4 35 57 35 56
split_gain=15.0253 7.10374 6.10487 5.19508 4.73293 4.49732 8.09405 3.99292
threshold=2.9174053685313028 4.7094896185437563 6.0426074438783575 5.1531412160442072 4.5271940351011493 1.0397207708399181 3.1345481418531311 3.6105525490912482
decision_type=2 2 2 2 2 2 2 2
left_child=1 5 4 -4 -2 6 -1 -6
right_child=2 -3 3 -5 7 -7 -8 -9
leaf_value=-0.022112244201291886 0.0096019536713260762 0.045915414117189357 -0.049068866170051961 0.0083571148570626974 0.086830608348051716 -0.031377008809390185 0.061469644214957958 0.031057978906993119
leaf_weight=42 114 15.999999999999998 23 50 14.999999999999998 167 15.999999999999998 89
leaf_count=42 114 16 23 50 15 167 16 89
internal_value=0 -0.0184669 0.0152939 -0.009736 0.0236754 -0.0230452 0.000944828 0.0391021
internal_weight=0 241 291 73 218 225 58 104
internal_count=532 241 291 73 218 225 58 104
is_linear=0
shrinkage=0.1


Tree=22
num_leaves=9
num_cat=0
split_feature=9 0 90 20 88 44 55 88
split_gain=12.5692 5.98446 7.28509 4.67726 3.99368 3.66735 3.52021 3.30175
threshold=3.1132683346437333 5.4636881475041514 3.7494348669884658 0.89587973461402759 3.4498615536424366 5.4785512376367516 3.6105525490912482 2.4414009612931857
decision_type=2 2 2 2 2 2 2 2
left_child=3 2 -2 -1 6 -3 -5 -7
right_child=1 5 -4 4 -6 7 -8 -9
leaf_value=-0.043403766263943558 -0.0060890122374709504 0.059069656878709798 0.02888220369013543 -0.053755776870709204 0.013197688186879865 0.036999793782830241 -0.0017187158792064741 -0.022345552624513709
leaf_weight=67 211 35 83 26 44 25 26 14.999999999999998
leaf_count=67 211 35 83 26 44 25 26 15
internal_value=0 0.010216 0.00378381 -0.0231269 -0.0089754 0.03543 -0.0277372 0.0147453
internal_weight=0 369 294 163 96 75 52 40
internal_count=532 369 294 163 96 75 52 40
is_linear=0
shrinkage=0.1


Tree=23
num_leaves=9
num_cat=0
split_feature=0 90 21 28 38 0 24 68
split_gain=10.4873 4.73071 4.84791 4.54083 4.07423 4.61461 4.1074 3.7359
threshold=3.8499212036984933 3.5408542930527882 4.234001473612734 2.1383330595080281 3.8064155152036787 5.3981524641123215 4.8121513051691478 3.1345481418531311
decision_type=2 2 2 2 2 2 2 2
left_child=1 3 7 -1 -2 6 -6 -3
right_child=4 2 -4 -5 5 -7 -8 -9
leaf_value=-0.04682887658336253 0.058333665911446925 7.385046019689324e-05 0.034380035661160949 -0.011728508665018586 0.013331521391602499 0.031261026887939525 -0.028234276030626559 -0.047392900562845175
leaf_weight=53 22 97 35 121 70 78 36 20
leaf_count=53 22 97 35 121 70 78 36 20
internal_value=0 -0.011161 0.00172768 -0.02242 0.0176625 0.0127996 -0.000785165 -0.00804012
internal_weight=0 326 152 174 206 184 106 117
internal_count=532 326 152 174 206 184 106 117
is_linear=0
shrinkage=0.1


Tree=24
num_leaves=9
num_cat=0
split_feature=0 90 81 15 64 46 65 13
split_gain=8.5931 5.17749 5.24639 5.96996 3.33034 2.5962 4.3841 3.62444
threshold=4.1742689126930488 3.7494348669884658 2.191013317336941 4.3943729409690677 5.3981524641123215 2.9174053685313028 3.4334666422309414 2.3502401828962087
decision_type=2 2 2 2 2 2 2 2
left_child=1 5 -3 -4 -2 7 -7 -1
right_child=4 2 3 -5 -6 6 -8 -9
leaf_value=-0.015090923845501883 0.027349607998597598 -0.019898140883694095 0.0030040704870018466 0.072085346045522872 -0.0023278640324927188 -0.048946266122003819 -0.01323500942598912 0.026453299353209638
leaf_weight=70 121 30 29 22 55 47 128 30
leaf_count=70 121 30 29 22 55 47 128 30
internal_value=0 -0.00893615 0.0132846 0.0328038 0.0180754 -0.0154812 -0.022826 -0.00262766
internal_weight=0 356 81 51 176 275 175 100
internal_count=532 356 81 51 176 275 175 100
is_linear=0
shrinkage=0.1


Tree=25
num_leaves=9
num_cat=0
split_feature=1 9 58 18 57 35 81 70
split_gain=7.21008 4.15224 3.98648 4.99126 3.51367 5.43048 2.89523 4.01645
threshold=2.9174053685313028 4.7094896185437563 3.8064155152036787 5.1532748880139918 1.0397207708399181 3.1345481418531311 5.8141260764699529 3.5549397315361362
decision_type=2 2 2 2 2 2 2 2
left_child=1 4 -2 6 5 -1 7 -4
right_child=2 -3 3 -5 -6 -7 -8 -9
leaf_value=-0.013973915707763462 0.029602746304881297 0.036430110409855845 -0.0092865900665388586 0.021929994812451822 -0.023657203641368779 0.054487904254347089 0.013229882521316029 -0.064820883143693206
leaf_weight=42 80 15.999999999999998 70 86 167 15.999999999999998 39 15.999999999999998
leaf_count=42 80 16 70 86 167 16 39 16
internal_value=0 -0.0127924 0.0105944 0.00338744 -0.0162927 0.0049121 -0.00936984 -0.0196186
internal_weight=0 241 291 211 225 58 125 86
internal_count=532 241 291 211 225 58 125 86
is_linear=0
shrinkage=0.1


Tree=26
num_leaves=9
num_cat=0
split_feature=9 41 70 11 20 14 37 73
split_gain=5.97601 3.60165 3.85648 3.85111 3.24254 2.81801 3.16128 2.68714
threshold=3.1132683346437333 6.7056203676089297 3.5549397315361362 5.3890613045707267 0.89587973461402759 2.3502401828962087 6.0661053984658606 3.1984648276080736
decision_type=2 2 2 2 2 2 2 2
left_child=4 2 5 -4 -1 7 -7 -2
right_child=1 -3 3 -5 -6 6 -8 -9
leaf_value=-0.032829538405066659 -0.019734654522628764 0.050671107984251451 -0.043320090311268968 0.0043367048570265377 -0.0041637846171700714 0.023638204039074483 -0.0068449664814662281 0.015665108014552578
leaf_weight=67 51 18 30 39 96 150 44 37
leaf_count=67 51 18 30 39 96 150 44 37
internal_value=0 0.00704418 0.0048069 -0.0163836 -0.0159466 0.00999182 0.0167245 -0.00485066
internal_weight=0 369 351 69 163 282 194 88
internal_count=532 369 351 69 163 282 194 88
is_linear=0
shrinkage=0.1


Tree=27
num_leaves=9
num_cat=0
split_feature=0 90 61 55 84 79 57 29
split_gain=5.04762 3.52115 6.26576 3.98709 3.00609 4.32238 2.66754 4.06865
threshold=4.1742689126930488 3.4811217321331038 4.6913057964583187 3.2951505240983434 1.0397207708399181 3.9701138825728512 6.1799630691723033 6.3438418239088135
decision_type=2 2 2 2 2 2 2 2
left_child=1 3 4 -1 -3 -6 -2 -8
right_child=6 2 -4 -5 5 -7 7 -9
leaf_value=-0.042976014079018077 0.022484619227549758 -0.021559257986403905 0.060757615789771083 -0.008216713217199979 0.015743884328083043 -0.039285534357323369 -0.025959101693639672 0.027817574865851687
leaf_weight=44 118 57 17 132 89 17 34 24
leaf_count=44 118 57 17 132 89 17 34 24
internal_value=0 -0.00684887 0.0029853 -0.0169065 -0.00304004 0.00691841 0.0138534 -0.00370668
internal_weight=0 356 180 176 163 106 176 58
internal_count=532 356 180 176 163 106 176 58
is_linear=0
shrinkage=0.1


Tree=28
num_leaves=9
num_cat=0
split_feature=8 11 77 11 60 10 14 31
split_gain=4.36864 2.77732 2.59045 2.50953 2.01586 2.95073 2.69724 4.06218
threshold=2.0126758453675748 6.7056203676089297 2.6735537653587347 2.191013317336941 3.5549397315361362 3.4811217321331038 2.3502401828962087 3.1345481418531311
decision_type=2 2 2 2 2 2 2 2
left_child=2 4 3 -1 6 -6 -2 -8
right_child=1 -3 -4 -5 5 -7 7 -9
leaf_value=-0.019832271920598072 -0.0047602325545140602 0.043157833907753233 -0.028865280643933351 0.02927889608238873 -0.030744561544494134 0.01022738563187886 0.06373192360003789 0.0095903069799213297
leaf_weight=23 132 18 72 19 39 32 14.999999999999998 182
leaf_count=23 132 18 72 19 39 32 15 182
internal_value=0 0.0047324 -0.0173521 0.00238469 0.00300326 -0.0122783 0.00630111 0.0137128
internal_weight=0 418 114 42 400 71 329 197
internal_count=532 418 114 42 400 71 329 197
is_linear=0
shrinkage=0.1


Tree=29
num_leaves=9
num_cat=0
split_feature=18 37 90 81 15 81 80 82
split_gain=3.81057 2.72423 2.67906 3.10463 2.83305 2.7926 4.62016 2.75477
threshold=5.1532748880139918 5.9889582761962101 3.7494348669884658 2.191013317336941 4.6913057964583187 5.8141260764699529 3.6632328069201612 5.344720891341141
decision_type=2 2 2 2 2 2 2 2
left_child=2 -2 5 -4 -5 6 -1 -7
right_child=1 -3 3 4 -6 7 -8 -9
leaf_value=-0.008876080913186717 0.045146877749788539 0.0074409274652928363 -0.013834240138530733 0.0085358704944762092 0.052323048181345012 0.035279075697892244 -0.064170350204221904 -0.012391145544295962
leaf_weight=272 27 66 35 45 22 27 15.999999999999998 22
leaf_count=272 27 66 35 45 22 27 16 22
internal_value=0 0.0183878 -0.00389537 0.0103041 0.0229137 -0.00819314 -0.011948 0.0138761
internal_weight=0 93 439 102 67 337 288 49
internal_count=532 93 439 102 67 337 288 49
is_linear=0
shrinkage=0.1


Tree=30
num_leaves=9
num_cat=0
split_feature=12 48 15 59 24 57 75 9
split_gain=3.22392 3.72597 3.4533 2.67134 2.64772 2.88663 3.99965 2.92886
threshold=2.8029010331479989 3.8064155152036787 3.9607678160667752 5.7713974492862539 4.1742689126930488 1.0397207708399181 3.6105525490912482 4.7094896185437563
decision_type=2 2 2 2 2 2 2 2
left_child=4 -2 3 -3 5 6 -1 -7
right_child=1 2 -4 -5 -6 7 -8 -9
leaf_value=-0.0029068377526367413 0.028271956620499791 -0.038465696337428225 0.0081785482137841231 0.011324678803794086 -0.040379815224720089 -0.014419657934511849 0.057724433811381461 0.030333280807826671
leaf_weight=34 66 33 158 15.999999999999998 23 170 15.999999999999998 15.999999999999998
leaf_count=34 66 33 158 16 23 170 16 16
internal_value=0 0.00758237 0.000985688 -0.0222076 -0.00799223 -0.00483581 0.0164952 -0.0105699
internal_weight=0 273 207 49 259 236 50 186
internal_count=532 273 207 49 259 236 50 186
is_linear=0
shrinkage=0.1


Tree=31
num_leaves=9
num_cat=0
split_feature=9 51 30 14 36 21 62 56
split_gain=2.86286 2.11921 2.38166 2.66041 2.61579 2.28132 2.06967 4.11038
threshold=3.1132683346437333 6.7056203676089297 2.3502401828962087 2.6735537653587347 4.5538214868689204 3.4811217321331038 0.89587973461402759 3.0201273556387074
decision_type=2 2 2 2 2 2 2 2
left_child=6 2 3 5 -5 -2 -1 -8
right_child=1 -3 -4 4 -6 -7 7 -9
leaf_value=-0.023549026503444537 0.012659380442517645 0.038340551178488474 -0.0041236395514918835 0.037292981251246402 0.0037906772797790971 -0.027133868604898456 0.034550442531084018 -0.013775992918420922
leaf_weight=73 34 18 197 54 41 25 24 66
leaf_count=73 34 18 197 54 41 25 24 66
internal_value=0 0.00487557 0.00315941 0.012476 0.0228341 -0.00420217 -0.0110373 -0.000888943
internal_weight=0 369 351 154 95 59 163 90
internal_count=532 369 351 154 95 59 163 90
is_linear=0
shrinkage=0.1


Tree=32
num_leaves=9
num_cat=0
split_feature=0 90 81 15 34 29 13 88
split_gain=2.63351 2.71499 2.89997 2.62103 2.08469 2.12447 1.8494 1.99773
threshold=5.3981524641123215 3.7494348669884658 2.191013317336941 4.6727851606181448 5.4637958945145888 6.1943970611727286 5.828876408668302 2.6735537653587347
decision_type=2 2 2 2 2 2 2 2
left_child=1 6 -3 -4 -2 -6 7 -1
right_child=4 2 3 -5 5 -7 -8 -9
leaf_value=0.010790200720851621 0.037608800582432503 -0.013035887692655838 0.0073952543430347399 0.046044283280415196 -0.024430579462033863 0.019313920865533876 -0.040517992852255706 -0.0094032754973725988
leaf_weight=60 30 35 47 28 17 32 15.999999999999998 267
leaf_count=60 30 35 47 28 17 32 16 267
internal_value=0 -0.00293817 0.0107324 0.0218242 0.016848 0.00413726 -0.0073223 -0.00569805
internal_weight=0 453 110 75 79 49 343 327
internal_count=532 453 110 75 79 49 343 327
is_linear=0
shrinkage=0.1


Tree=33
num_leaves=9
num_cat=0
split_feature=10 90 25 81 80 65 72 58
split_gain=2.30243 1.94912 4.05967 2.93083 2.98635 2.39888 1.74738 2.91557
threshold=1.2424533248940006 3.4811217321331038 3.1345481418531311 3.8499212036984933 3.6632328069201612 4.7790881836238563 1.4978661367769959 3.5408542930527882
decision_type=2 2 2 2 2 2 2 2
left_child=-1 2 -2 -4 -5 6 -3 -8
right_child=1 5 3 4 -6 -7 7 -9
leaf_value=-0.010850352868584304 -0.029230817791540176 0.0069168009344139142 -0.028345018788240851 0.017020384510979057 -0.010957246029715019 -0.022871820395812394 0.051091094594448806 0.0060079327318817381
leaf_weight=143 43 64 24 130 54 15.999999999999998 32 26
leaf_count=143 43 64 24 130 54 16 32 26
internal_value=0 0.00398869 -0.00125995 0.00452249 0.00880956 0.0135351 0.0183098 0.0308814
internal_weight=0 389 251 208 184 138 122 58
internal_count=532 389 251 208 184 138 122 58
is_linear=0
shrinkage=0.1


Tree=34
num_leaves=9
num_cat=0
split_feature=18 34 9 81 80 5 2 82
split_gain=2.11348 1.89953 1.68213 1.39605 4.00503 1.96416 2.14845 1.89662
threshold=5.1532748880139918 5.4637958945145888 6.086764396227073 5.8141260764699529 3.6632328069201612 5.1873702005911486 2.8029010331479989 5.344720891341141
decision_type=2 2 2 2 2 2 2 2
left_child=3 -2 -3 4 5 6 -1 -5
right_child=1 2 -4 7 -6 -7 -8 -9
leaf_value=-0.0075078138454336696 0.030145046818070117 -0.017575529310153798 0.018112160754390063 0.030767426936438792 -0.053894266672432425 -0.038257026684780919 0.0083529508725873058 -0.0087869494984095745
leaf_weight=219 40 25 28 27 15.999999999999998 14.999999999999998 140 22
leaf_count=219 40 25 28 27 16 15 140 22
internal_value=0 0.0136941 0.00127834 -0.00290103 -0.0048999 -0.00280389 -0.00132256 0.0130083
internal_weight=0 93 53 439 390 374 359 49
internal_count=532 93 53 439 390 374 359 49
is_linear=0
shrinkage=0.1


Tree=35
num_leaves=9
num_cat=0
split_feature=65 90 81 65 88 57 77 16
split_gain=1.87741 1.52388 2.3131 2.02796 1.76709 2.01271 1.75983 2.59675
threshold=5.6038790390887145 3.7494348669884658 2.3502401828962087 4.007167868649713 2.6735537653587347 6.0426074438783575 2.8314802400679731 2.9174053685313028
decision_type=2 2 2 2 2 2 2 2
left_child=1 4 3 -3 5 -1 7 -6
right_child=-2 2 -4 -5 6 -7 -8 -9
leaf_value=0.016296347850704031 0.02733062826640283 0.013982887212187052 0.020162402095156726 -0.029556745631903737 0.015208117376570985 -0.010235693056057109 -0.014310962168749199 -0.019820742196205891
leaf_weight=73 24 20 70 23 59 47 183 33
leaf_count=73 24 20 70 23 59 47 183 33
internal_value=0 -0.00129121 0.00894886 -0.00930575 -0.00422065 0.00590463 -0.00863895 0.00264342
internal_weight=0 508 113 43 395 120 275 92
internal_count=532 508 113 43 395 120 275 92
is_linear=0
shrinkage=0.1


Tree=36
num_leaves=9
num_cat=0
split_feature=15 10 90 5 81 0 24 28
split_gain=1.71408 1.37509 1.49981 3.40351 1.81684 3.39051 2.95772 1.38463
threshold=5.8420677585047329 1.2424533248940006 3.4498615536424366 2.9174053685313028 4.2903656061101136 3.1984648276080736 2.191013317336941 3.4960482137079443
decision_type=2 2 2 2 2 2 2 2
left_child=1 7 3 -3 6 -6 -4 -1
right_child=-2 2 4 -5 5 -7 -8 -9
leaf_value=-0.013836544440562003 0.033324199604491393 -0.032457973079925234 -0.013763247527109057 0.0022053065035725016 0.06595061297218005 0.0062481342528301941 0.020639669104973425 0.012070887690410018
leaf_weight=118 14.999999999999998 33 51 200 14.999999999999998 26 49 25
leaf_count=118 15 33 51 200 15 26 49 25
internal_value=0 -0.000966853 0.00222213 -0.00270409 0.0103626 0.0280905 0.00309418 -0.00930727
internal_weight=0 517 374 233 141 41 100 143
internal_count=532 517 374 233 141 41 100 143
is_linear=0
shrinkage=0.1


Tree=37
num_leaves=9
num_cat=0
split_feature=18 23 41 66 3 81 49 46
split_gain=1.51458 2.03977 1.45151 1.19126 3.03156 2.58311 2.53031 2.53984
threshold=5.2310943182715759 5.4847883247493394 6.7056203676089297 4.6346818562128229 2.9174053685313028 5.8141260764699529 4.4367340276668159 4.9628201785886317
decision_type=2 2 2 2 2 2 2 2
left_child=3 -2 -3 4 -1 6 -5 -8
right_child=1 2 -4 5 -6 -7 7 -9
leaf_value=-0.0051397609112988395 0.043217939489028037 -0.00394485627355821 0.029795859345947119 0.0013515463680960238 0.016835746695075864 0.0094461551148687373 -0.06782993952433268 -0.020039875361375338
leaf_weight=219 17 51 17 36 88 46 14.999999999999998 43
leaf_count=219 17 51 17 36 88 46 15 43
internal_value=0 0.0122358 0.00449032 -0.00232673 0.00115941 -0.00997132 -0.0194735 -0.0323994
internal_weight=0 85 68 447 307 140 94 58
internal_count=532 85 68 447 307 140 94 58
is_linear=0
shrinkage=0.1


Tree=38
num_leaves=9
num_cat=0
split_feature=10 89 53 61 50 74 25 80
split_gain=1.29682 1.40067 2.9993 1.93562 2.8695 2.19014 1.38637 1.39251
threshold=0.89587973461402759 3.4498615536424366 4.0428973506407848 4.886575525404063 1.2424533248940006 1.4978661367769959 3.1345481418531311 3.7609296261008152
decision_type=2 2 2 2 2 2 2 2
left_child=-1 2 -2 4 5 -3 -4 -8
right_child=1 3 6 -5 -6 -7 7 -9
leaf_value=-0.0083834256746136617 -0.026476730738493909 -0.0042645071943600973 -0.017025044762754234 0.034161935964532729 -0.0057044843044160055 0.043393206099669145 0.011966968228028516 -0.0085047638835385447
leaf_weight=137 41 14.999999999999998 29 28 83 27 127 45
leaf_count=137 41 15 29 28 83 27 127 45
internal_value=0 0.00290767 -0.0018272 0.0103968 0.00507341 0.0263726 0.00320082 0.00661099
internal_weight=0 395 242 153 125 42 201 172
internal_count=532 395 242 153 125 42 201 172
is_linear=0
shrinkage=0.1


Tree=39
num_leaves=9
num_cat=0
split_feature=65 90 81 65 31 81 68 9
split_gain=1.21139 0.982285 1.61141 1.51051 1.42445 1.39082 3.49171 1.47729
threshold=5.6038790390887145 3.7494348669884658 2.3502401828962087 4.007167868649713 2.8029010331479989 3.9701138825728512 3.1345481418531311 1.5890269151739729
decision_type=2 2 2 2 2 2 2 2
left_child=1 5 3 -3 -4 6 7 -1
right_child=-2 2 4 -5 -6 -7 -8 -9
leaf_value=-0.023595719474057357 0.021953965087110797 0.012047012932598591 0.040789643116295342 -0.025529498963252358 0.0081507856635233532 0.00034381641275965191 -0.043403848002864315 0.0057598935203471528
leaf_weight=24 24 20 18 23 52 283 28 60
leaf_count=24 24 20 18 23 52 283 28 60
internal_value=0 -0.0010372 0.00718421 -0.00805205 0.0165436 -0.00338914 -0.0128215 -0.00262742
internal_weight=0 508 113 43 70 395 112 84
internal_count=532 508 113 43 70 395 112 84
is_linear=0
shrinkage=0.1


Tree=40
num_leaves=9
num_cat=0
split_feature=0 13 15 13 70 88 87 36
split_gain=1.14605 1.53097 1.31914 2.04632 1.74997 1.38726 1.8586 1.81301
threshold=5.4636881475041514 5.828876408668302 4.6727851606181448 1.8688348091416844 1.7005986908310777 2.6735537653587347 4.912546742554059 4.9904094477362264
decision_type=2 2 2 2 2 2 2 2
left_child=1 2 5 -4 -5 7 -7 -1
right_child=-2 -3 3 4 -6 6 -8 -9
leaf_value=0.027919894850266903 0.011457060722323756 -0.02967009828671029 -0.016041210743909084 0.040488068937607438 0.0074572064729302003 -0.0017340749429221253 -0.020373390776328219 -0.010661336136538357
leaf_weight=29 75 19 24 23 53 217 71 21
leaf_count=29 75 19 24 23 53 217 71 21
internal_value=0 -0.00188026 -0.000674766 0.00941468 0.0174534 -0.00365981 -0.00632918 0.0117158
internal_weight=0 457 438 100 76 338 288 50
internal_count=532 457 438 100 76 338 288 50
is_linear=0
shrinkage=0.1


Tree=41
num_leaves=9
num_cat=0
split_feature=25 10 41 9 11 90 53 82
split_gain=1.06863 0.770938 1.33349 2.06159 1.69266 1.09234 1.95522 1.30934
threshold=5.8420677585047329 1.2424533248940006 2.8029010331479989 1.5890269151739729 4.4714918329928244 3.4811217321331038 4.0428973506407848 3.4334666422309414
decision_type=2 2 2 2 2 2 2 2
left_child=1 2 3 -1 -4 6 -3 -7
right_child=-2 5 4 -5 -6 7 -8 -9
leaf_value=-0.021830255450571285 0.026312177833169699 -0.022061962279535476 -0.022029350382829275 0.021262036406551488 0.0088022845312176901 0.005171514838459625 0.0017137407728504122 0.03561079815262929
leaf_weight=17 14.999999999999998 42 69 32 24 121 196 15.999999999999998
leaf_count=17 15 42 69 32 24 121 196 16
internal_value=0 -0.000763409 -0.00703873 0.00631165 -0.0140728 0.00161284 -0.00248197 0.00872647
internal_weight=0 517 142 49 93 375 238 137
internal_count=532 517 142 49 93 375 238 137
is_linear=0
shrinkage=0.1


Tree=42
num_leaves=9
num_cat=0
split_feature=85 87 44 22 88 89 61 89
split_gain=0.90109 1.16057 1.78741 1.94586 1.08443 1.82603 1.67911 1.24333
threshold=5.3423228052093945 6.0426074438783575 4.6442059536981697 4.465842055365858 2.8029010331479989 3.3497501700808394 4.9344480538832558 3.1984648276080736
decision_type=2 2 2 2 2 2 2 2
left_child=1 4 -3 -4 -1 7 -7 -6
right_child=-2 2 3 -5 5 6 -8 -9
leaf_value=0.010384143529336143 0.013068638269517882 -0.038784420851152392 0.024593346263282002 -0.021696646742167928 -0.0044616964803832889 -0.0010381429295488436 0.022312472620978952 -0.028349445500360754
leaf_weight=88 48 20 15.999999999999998 21 53 213 36 37
leaf_count=88 48 20 16 21 53 213 36 37
internal_value=0 -0.00129606 -0.0146987 -0.00167935 0.000493044 -0.00207456 0.00233785 -0.0142822
internal_weight=0 484 57 37 427 339 249 90
internal_count=532 484 57 37 427 339 249 90
is_linear=0
shrinkage=0.1


Tree=43
num_leaves=9
num_cat=0
split_feature=81 87 72 66 4 72 59 49
split_gain=0.818523 1.4134 1.17129 1.65878 1.29551 1.11503 1.05155 0.984072
threshold=6.0258543048053959 6.1799630691723033 4.1742689126930488 4.6346818562128229 3.0201273556387074 4.8282817362782584 5.0781726169168655 4.4367340276668159
decision_type=2 2 2 2 2 2 2 2
left_child=1 2 3 4 -1 -2 -4 -5
right_child=5 -3 6 7 -6 -7 -8 -9
leaf_value=-0.0025363113219016272 0.034575688739617666 -0.0245492496881634 -0.0054895966991104867 -0.0010656486132315226 0.012939675394445658 0.0031789603359673336 0.021390258153524189 -0.024943184392112825
leaf_weight=238 14.999999999999998 25 22 28 70 46 43 45
leaf_count=238 15 25 22 28 70 46 43 45
internal_value=0 -0.00141161 -0.000114655 -0.00223136 0.000980958 0.0108995 0.0122925 -0.0157847
internal_weight=0 471 446 381 308 61 65 73
internal_count=532 471 446 381 308 61 65 73
is_linear=0
shrinkage=0.1


Tree=44
num_leaves=9
num_cat=0
split_feature=25 25 87 11 43 55 81 50
split_gain=0.791266 1.25373 1.17368 1.16551 1.26656 1.15045 1.32759 1.12968
threshold=4.4187680230537838 4.234001473612734 6.1799630691723033 4.2903656061101136 2.8029010331479989 4.7273486598447958 5.1059271080903725 3.7132745361986528
decision_type=2 2 2 2 2 2 2 2
left_child=1 2 3 -1 -5 -2 -7 -8
right_child=5 -3 -4 4 -6 6 7 -9
leaf_value=-0.0056934993165279075 0.013102447714165622 -0.021715729779592068 -0.028279765099287035 0.033943012432428081 0.0037011524002311877 -0.011661194491629992 0.021214844245354043 -0.0045633428836213972
leaf_weight=140 92 33 14.999999999999998 15.999999999999998 103 65 34 34
leaf_count=140 92 33 15 16 103 65 34 34
internal_value=0 -0.00330162 -0.00108387 0.000491185 0.00776728 0.00450488 -0.00144231 0.00832575
internal_weight=0 307 274 259 119 225 133 68
internal_count=532 307 274 259 119 225 133 68
is_linear=0
shrinkage=0.1


Tree=45
num_leaves=9
num_cat=0
split_feature=15 77 24 41 68 72 16 21
split_gain=0.720656 0.573338 1.53436 1.41032 1.71957 1.48014 1.3426 2.04571
threshold=5.8420677585047329 1.0397207708399181 1.0397207708399181 2.8029010331479989 2.524928003624769 1.8688348091416842 3.1984648276080736 2.9700856263602158
decision_type=2 2 2 2 2 2 2 2
left_child=1 6 -3 4 -4 -5 7 -1
right_child=-2 2 3 5 -6 -7 -8 -9
leaf_value=-0.0031415006973677211 0.021607660840575894 -0.014826521920886907 0.0034113974303434389 -0.014780162396314351 0.042001148215358095 0.0018157508035972257 -0.0057450359687209133 0.043903138125805485
leaf_weight=18 14.999999999999998 77 36 69 17 243 38 19
leaf_count=18 15 77 36 69 17 243 38 19
internal_value=0 -0.000626915 -0.00199868 0.000707469 0.0157892 -0.0018545 0.00745735 0.0210166
internal_weight=0 517 442 365 53 312 75 37
internal_count=532 517 442 365 53 312 75 37
is_linear=0
shrinkage=0.1


Tree=46
num_leaves=9
num_cat=0
split_feature=10 41 9 11 85 24 19 40
split_gain=0.652052 0.920295 1.48511 1.14397 0.83041 0.778639 1.96135 1.60377
threshold=1.2424533248940006 2.8029010331479989 1.5890269151739729 4.4714918329928244 3.891612008168019 2.191013317336941 1.0397207708399181 2.3502401828962087
decision_type=2 2 2 2 2 2 2 2
left_child=1 2 -1 4 -3 6 -2 -7
right_child=5 3 -4 -5 -6 7 -8 -9
leaf_value=-0.017812443619024839 0.023117267420249329 -0.031081495954301853 0.018092421063920484 0.0071490975096821785 -0.0088564897785545337 0.014679288354022471 -0.010559383692036916 -0.0011032711422757997
leaf_weight=18 21 29 32 24 40 106 98 164
leaf_count=18 21 29 32 24 40 106 98 164
internal_value=0 -0.0057742 0.00516667 -0.0116564 -0.0181974 0.00212265 -0.00461645 0.00509284
internal_weight=0 143 50 93 69 389 119 270
internal_count=532 143 50 93 69 389 119 270
is_linear=0
shrinkage=0.1


Tree=47
num_leaves=9
num_cat=0
split_feature=25 89 9 1 20 39 12 81
split_gain=0.629944 0.543447 0.547327 1.59716 1.0284 1.35488 0.836783 0.763563
threshold=5.8420677585047329 1.4978661367769956 3.1132683346437333 0.89587973461402759 2.249904835165133 1.5890269151739729 1.4978661367769959 1.0397207708399181
decision_type=2 2 2 2 2 2 2 2
left_child=1 -1 4 -4 7 -6 -5 -3
right_child=-2 2 3 6 5 -7 -8 -9
leaf_value=-0.013885911881666761 0.020202027304718893 -0.029216812655795368 0.033374691754579543 -0.0089195781303986685 0.029759198406504261 -0.0090405437370969198 0.0037029605756471618 -0.0058364408646329226
leaf_weight=29 14.999999999999998 15.999999999999998 15.999999999999998 67 18 18 243 110
leaf_count=29 15 16 16 67 18 18 243 110
internal_value=0 -0.000586132 0.000204223 0.00256504 -0.00454655 0.0103593 0.000974864 -0.00880538
internal_weight=0 517 488 326 162 36 310 126
internal_count=532 517 488 326 162 36 310 126
is_linear=0
shrinkage=0.1


Tree=48
num_leaves=9
num_cat=0
split_feature=25 88 87 84 54 16 10 71
split_gain=0.585622 1.06415 1.67572 1.38385 1.65928 1.44036 1.24501 1.7791
threshold=4.4187680230537838 2.6735537653587347 4.912546742554059 3.2769667020129059 4.135134555718313 1.0397207708399181 3.2180751841847144 5.1761337726651186
decision_type=2 2 2 2 2 2 2 2
left_child=1 -1 3 5 -5 -3 7 -4
right_child=-2 2 6 4 -6 -7 -8 -9
leaf_value=0.010048381629276952 0.0038755261347008249 0.019926587229265887 -0.013123352911548113 0.020947629668095963 -0.013442427068948746 -0.011388498941798593 0.0042042491375468673 -0.053866618433419403
leaf_weight=53 225 17 29 47 20 108 15.999999999999998 17
leaf_count=53 225 17 29 47 20 108 16 17
internal_value=0 -0.00284037 -0.00552975 -0.000914145 0.0106819 -0.00712965 -0.0198233 -0.0281806
internal_weight=0 307 254 192 67 125 62 46
internal_count=532 307 254 192 67 125 62 46
is_linear=0
shrinkage=0.1


Tree=49
num_leaves=9
num_cat=0
split_feature=89 8 57 91 81 21 31 9
split_gain=0.547255 0.783872 0.604038 1.47868 0.926921 0.702699 0.580536 0.671245
threshold=1.4978661367769956 6.0245982942837797 6.0661053984658606 2.8617925509761908 5.8141260764699529 4.9344480538832558 5.4929852296371777 5.2626767655455557
decision_type=2 2 2 2 2 2 2 2
left_child=-1 2 3 5 -5 -2 -4 -8
right_child=1 -3 6 4 -6 -7 7 -9
leaf_value=-0.012471890306297804 0.0021186967926292584 0.021313221899456242 0.0055381435410756822 -0.0027463340055692243 0.017629714228678494 0.022080297956450119 -0.032551850999395053 -0.0064949804925006531
leaf_weight=33 29 18 19 320 24 45 14.999999999999998 29
leaf_count=33 29 18 19 320 24 45 15 29
internal_value=0 0.000824794 5.80757e-05 0.00143383 -0.00132475 0.0142575 -0.00906996 -0.015378
internal_weight=0 499 481 418 344 74 63 44
internal_count=532 499 481 418 344 74 63 44
is_linear=0
shrinkage=0.1


Tree=50
num_leaves=9
num_cat=0
split_feature=85 85 35 33 36 77 88 14
split_gain=0.481754 0.98759 1.12001 1.66474 1.88496 0.990978 1.3032 1.22554
threshold=5.3423228052093945 4.8900946680958182 4.4601277074540464 1.8688348091416844 5.2094712223428914 2.6735537653587347 2.9174053685313028 1.0397207708399181
decision_type=2 2 2 2 2 2 2 2
left_child=1 2 5 -4 -5 7 -7 -1
right_child=-2 -3 3 4 -6 6 -8 -9
leaf_value=0.018065535748998326 0.0095556250569643463 -0.012025762897362744 -0.011923329643572548 0.030330911100738579 0.00087451434006825801 0.0050759996885239196 -0.011983891614126387 -0.0043750083389173635
leaf_weight=45 48 69 28 45 42 67 135 53
leaf_count=45 48 69 28 45 42 67 135 53
internal_value=0 -0.000947665 0.000894235 0.00928493 0.0161106 -0.0023222 -0.00632541 0.00592932
internal_weight=0 484 415 115 87 300 202 98
internal_count=532 484 415 115 87 300 202 98
is_linear=0
shrinkage=0.1


Tree=51
num_leaves=9
num_cat=0
split_feature=68 81 9 58 81 25 73 82
split_gain=0.462483 1.83586 1.80153 1.22003 0.987505 0.879836 0.987345 1.12256
threshold=3.1345481418531311 3.891612008168019 4.912546742554059 2.8617925509761908 3.4334666422309414 3.1345481418531311 4.5538214868689204 3.891612008168019
decision_type=2 2 2 2 2 2 2 2
left_child=3 2 -2 -1 -5 -3 -7 -8
right_child=1 5 -4 4 -6 6 7 -9
leaf_value=-0.00055695422085781773 -0.046989188781555967 -0.011508632230581906 -0.0051248649779993757 0.002295092629113545 0.03017346056057485 0.016155891621762768 -0.017426517868654862 0.0036180670877538367
leaf_weight=172 17 49 26 24 27 47 31 139
leaf_count=172 17 49 26 24 27 47 31 139
internal_value=0 -0.00250476 -0.0216759 0.00347072 0.0170542 0.000594335 0.00332726 -0.000219475
internal_weight=0 309 43 223 51 266 217 170
internal_count=532 309 43 223 51 266 217 170
is_linear=0
shrinkage=0.1


Tree=52
num_leaves=9
num_cat=0
split_feature=89 8 0 60 10 88 44 14
split_gain=0.437918 0.570538 0.507727 0.505204 1.08192 0.935718 1.53217 0.929914
threshold=1.4978661367769956 6.0245982942837797 5.3706272113530096 3.0433873634561537 3.6632328069201612 2.6735537653587347 4.6727851606181448 3.891612008168019
decision_type=2 2 2 2 2 2 2 2
left_child=2 3 -1 5 7 -2 -7 -5
right_child=1 -3 -4 4 -6 6 -8 -9
leaf_value=-0.023942302324576305 0.013574205467814644 0.01821728587254054 0.00087689845514593318 -0.0015158527445358536 0.010096924698518707 0.0016447615484267632 -0.026347259228073419 -0.022335453102047126
leaf_weight=15.999999999999998 58 18 17 45 32 284 21 41
leaf_count=16 58 18 17 45 32 284 21 41
internal_value=0 0.000737815 -0.0111567 8.36973e-05 -0.00560055 0.00193147 -0.000282558 -0.0114415
internal_weight=0 499 33 481 118 363 305 86
internal_count=532 499 33 481 118 363 305 86
is_linear=0
shrinkage=0.1


Tree=53
num_leaves=9
num_cat=0
split_feature=77 81 4 32 80 78 13 67
split_gain=0.400113 0.850715 0.811335 0.857216 0.610122 0.623775 1.05481 0.463435
threshold=6.1333956902824402 5.8141260764699529 5.3981524641123215 5.6664207015582333 3.6632328069201612 4.8597823571876004 6.0209762173327137 5.3706272113530096
decision_type=2 2 2 2 2 2 2 2
left_child=1 4 -2 -4 5 6 -1 -3
right_child=2 7 3 -5 -6 -7 -8 -9
leaf_value=0.00067881731972855533 -0.026150001695050912 0.026576056502138574 0.009385571449917432 -0.019276231265394017 -0.017415324433968635 0.015777326899114996 -0.023495223758570657 0.0057024274755699128
leaf_weight=361 17 18 30 15.999999999999998 20 25 19 26
leaf_count=361 17 18 30 16 20 25 19 26
internal_value=0 0.00100512 -0.00748258 -0.000583751 -0.000365246 0.000476733 -0.000529885 0.0142416
internal_weight=0 469 63 46 425 405 380 44
internal_count=532 469 63 46 425 405 380 44
is_linear=0
shrinkage=0.1


Tree=54
num_leaves=9
num_cat=0
split_feature=77 72 55 37 17 39 85 80
split_gain=0.387518 0.933287 1.12215 1.01797 1.132 0.921073 0.918626 0.844389
threshold=3.3497501700808394 1.8688348091416842 3.1345481418531311 4.2045812236012674 3.1567740231385479 5.2626767655455557 3.8499212036984933 2.0126758453675753
decision_type=2 2 2 2 2 2 2 2
left_child=7 2 -2 4 -3 -5 -4 -1
right_child=1 3 6 5 -6 -7 -8 -9
leaf_value=0.0092607946886511701 0.0034531487475877873 8.1395389445658247e-05 -0.036667500862053469 -0.0094372973271674709 0.030022353253772727 0.0036563264439836694 -0.0089994330458076938 -0.0046112038322711647
leaf_weight=110 31 28 21 96 23 122 28 73
leaf_count=110 31 28 21 96 23 122 28 73
internal_value=0 -0.00195435 -0.0114369 0.000865742 0.0135842 -0.00210967 -0.0208572 0.00372716
internal_weight=0 349 80 269 51 218 49 183
internal_count=532 349 80 269 51 218 49 183
is_linear=0
shrinkage=0.1


Tree=55
num_leaves=9
num_cat=0
split_feature=90 57 44 81 56 46 77 4
split_gain=0.361816 0.825723 1.37013 0.8255 2.20013 1.12258 0.914469 1.12433
threshold=3.7494348669884658 3.8499212036984933 2.191013317336941 3.9701138825728512 2.9174053685313028 3.4498615536424366 4.465842055365858 3.3497501700808394
decision_type=2 2 2 2 2 2 2 2
left_child=3 2 -2 4 -1 -6 7 -5
right_child=1 -3 -4 6 5 -7 -8 -9
leaf_value=0.0043260470032691961 0.002012983308888452 -0.0046953914649784569 0.032695537568493326 0.0041881753689129702 -0.040802956457165161 -0.011266791419456563 -0.0020427718259365996 0.032383533924197155
leaf_weight=61 43 50 22 66 22 31 219 18
leaf_count=61 43 50 22 66 22 31 219 18
internal_value=0 0.004966 0.0123978 -0.00136952 -0.00862322 -0.0235271 0.00135959 0.01023
internal_weight=0 115 65 417 114 53 303 84
internal_count=532 115 65 417 114 53 303 84
is_linear=0
shrinkage=0.1


Tree=56
num_leaves=9
num_cat=0
split_feature=24 14 57 90 39 10 60 11
split_gain=0.360294 2.3002 1.88444 0.834096 1.04052 1.01344 1.54758 1.23385
threshold=1.0397207708399181 1.0397207708399181 1.0397207708399181 3.5408542930527882 3.3497501700808394 0.89587973461402759 2.249904835165133 2.6735537653587347
decision_type=2 2 2 2 2 2 2 2
left_child=1 2 -1 4 -2 7 -7 -5
right_child=3 -3 -4 5 -6 6 -8 -9
leaf_value=0.030771350843662566 -0.015070535423001276 -0.022253732625698755 -0.004812675383468361 0.018653921584288281 0.0010524635734055886 0.025159737477616337 -0.0022771758547819715 -0.016888006340845356
leaf_weight=22 48 46 46 14.999999999999998 241 52 34 28
leaf_count=22 48 46 46 15 241 52 34 28
internal_value=0 -0.0049832 0.0066998 0.00135906 -0.0016254 0.00804517 0.0143126 -0.00448966
internal_weight=0 114 68 418 289 129 86 43
internal_count=532 114 68 418 289 129 86 43
is_linear=0
shrinkage=0.1


Tree=57
num_leaves=9
num_cat=0
split_feature=67 81 73 88 24 80 41 19
split_gain=0.322227 0.781923 0.609014 0.898215 0.783872 0.601414 0.575983 1.18497
threshold=6.0426074438783575 5.8141260764699529 5.828876408668302 2.524928003624769 4.8751681865209777 3.6632328069201612 5.0688844241303981 4.3943729409690677
decision_type=2 2 2 2 2 2 2 2
left_child=1 5 3 -2 -4 6 -1 -8
right_child=2 -3 4 -5 -6 -7 7 -9
leaf_value=-0.0013246047914806372 -0.00079660348539405004 0.014377650483511389 0.018507214631501803 -0.034369983626529578 -0.0083701282665909586 -0.017181025296449663 0.029263419937342407 0.001097376383367484
leaf_weight=314 17 40 17 14.999999999999998 30 20 20 59
leaf_count=314 17 40 17 15 30 20 20 59
internal_value=0 0.00102776 -0.00589333 -0.0165341 0.00135146 -0.000265213 0.000595643 0.00822802
internal_weight=0 453 79 32 47 413 393 79
internal_count=532 453 79 32 47 413 393 79
is_linear=0
shrinkage=0.1


Tree=58
num_leaves=9
num_cat=0
split_feature=18 23 17 88 76 68 70 52
split_gain=0.302991 1.14569 0.836508 0.780834 0.781944 0.643686 0.98241 0.930826
threshold=5.2310943182715759 5.4847883247493394 5.7651468795656617 2.6735537653587347 5.3515772882368742 3.0201273556387078 1.7005986908310777 0.89587973461402759
decision_type=2 2 2 2 2 2 2 2
left_child=2 -2 3 4 -1 7 -7 -5
right_child=1 -3 -4 5 -6 6 -8 -9
leaf_value=0.025150173952958238 0.028692285779534893 -0.000332174091368763 -0.01397035871942838 -0.0025056896294929146 -0.00095038002102889804 -0.019042208710951466 -0.001192907056096813 0.011791012463041805
leaf_weight=24 17 68 45 127 22 42 116 71
leaf_count=24 17 68 45 127 22 42 116 71
internal_value=0 0.00547272 -0.00104067 0.000406679 0.0126673 -0.00117756 -0.00593766 0.00262091
internal_weight=0 85 447 402 46 356 158 198
internal_count=532 85 447 402 46 356 158 198
is_linear=0
shrinkage=0.1


Tree=59
num_leaves=9
num_cat=0
split_feature=45 44 28 45 47 19 24 39
split_gain=0.305555 0.988505 0.992793 0.656154 0.609403 1.46523 1.04697 0.720106
threshold=1.5890269151739729 2.6735537653587347 2.0126758453675748 2.3937458713910238 1.5890269151739729 1.0397207708399181 1.0397207708399181 2.3937458713910238
decision_type=2 2 2 2 2 2 2 2
left_child=1 -1 -3 -2 5 -5 -6 -8
right_child=3 2 -4 4 6 -7 7 -9
leaf_value=0.024830028191208841 -0.018111416338277713 -0.016289538487961348 0.017074084287354102 0.034205741851645356 -0.013240069710093762 -0.0025408103813727699 -0.017542621241882446 0.0020075729335098567
leaf_weight=20 21 22 14.999999999999998 17 62 30 20 325
leaf_count=20 21 22 15 17 62 30 20 325
internal_value=0 0.00691828 -0.00276375 -0.000830194 -3.08419e-05 0.0107505 -0.00127586 0.000874228
internal_weight=0 57 37 475 454 47 407 345
internal_count=532 57 37 475 454 47 407 345
is_linear=0
shrinkage=0.1


Tree=60
num_leaves=9
num_cat=0
split_feature=89 88 11 61 50 74 77 90
split_gain=0.288933 0.683712 0.823495 0.631099 0.740039 1.16455 1.30045 0.740218
threshold=3.4498615536424366 3.1567740231385479 4.9344480538832558 4.886575525404063 1.2424533248940006 2.8029010331479989 3.3497501700808394 3.7494348669884658
decision_type=2 2 2 2 2 2 2 2
left_child=1 -1 -3 4 5 6 -2 -6
right_child=3 2 -4 -5 7 -7 -8 -9
leaf_value=0.0008333432770127225 0.010909001665507876 -0.0046843141710269263 -0.029444769090589358 0.016218845336697995 -0.013513685103792411 0.025684003233909611 -0.018799550588364189 0.0031276681985367427
leaf_weight=225 41 64 17 30 52 25 23 55
leaf_count=225 41 64 17 30 52 25 23 55
internal_value=0 -0.00200279 -0.00988095 0.00271175 0.000644335 0.00738179 0.000232491 -0.00495972
internal_weight=0 306 81 226 196 89 64 107
internal_count=532 306 81 226 196 89 64 107
is_linear=0
shrinkage=0.1


Tree=61
num_leaves=9
num_cat=0
split_feature=85 6 18 24 17 88 24 64
split_gain=0.299989 0.60095 0.385729 0.930694 0.699176 0.864347 0.307112 0.292442
threshold=5.4827179284163234 5.9763380255224723 5.2831908449625269 5.2626767655455557 5.7651468795656617 2.6735537653587347 4.9904094477362264 5.5052984857290932
decision_type=2 2 2 2 2 2 2 2
left_child=1 2 4 -4 5 -1 -6 -2
right_child=7 -3 3 -5 6 -7 -8 -9
leaf_value=0.014132049845577014 0.018366684414008082 -0.019677673303522172 0.029162064430614316 -0.00025531167936462319 -0.0050381517920565482 -0.0012283787098144681 -0.021597358522315823 -0.00046947428490966563
leaf_weight=41 17 15.999999999999998 14.999999999999998 38 24 344 21 15.999999999999998
leaf_count=41 17 16 15 38 24 344 21 16
internal_value=0 -0.000610665 2.09539e-05 0.00807036 -0.000971182 0.000407407 -0.0127658 0.009234
internal_weight=0 499 483 53 430 385 45 33
internal_count=532 499 483 53 430 385 45 33
is_linear=0
shrinkage=0.1


Tree=62
num_leaves=9
num_cat=0
split_feature=55 24 21 14 55 55 16 60
split_gain=0.274063 0.443397 0.715127 0.616502 0.65104 0.87651 0.674341 0.445488
threshold=5.5373032659954937 4.7273486598447958 5.7525675997475831 4.5746578350692051 4.7273486598447958 3.5549397315361362 5.9107635938372569 3.4175922930736511
decision_type=2 2 2 2 2 2 2 2
left_child=1 2 7 -3 5 -5 -6 -1
right_child=-2 3 -4 4 6 -7 -8 -9
leaf_value=0.0011183843774722425 0.0096295396714205193 -0.024239027191651986 0.018166138547594132 -0.01241833110107109 -0.028382040740301213 0.017118967964348416 -0.0034327269615366677 -0.010741649389799152
leaf_weight=333 28 15.999999999999998 23 15.999999999999998 14.999999999999998 27 39 35
leaf_count=333 28 16 23 16 15 27 39 35
internal_value=0 -0.000534974 0.00105955 -0.00605232 -0.00305245 0.00612835 -0.0103631 -9.60796e-06
internal_weight=0 504 391 113 97 43 54 368
internal_count=532 504 391 113 97 43 54 368
is_linear=0
shrinkage=0.1


Tree=63
num_leaves=9
num_cat=0
split_feature=20 50 19 34 36 19 54 14
split_gain=0.258032 0.850919 1.48879 0.750257 0.610162 0.449503 1.16707 0.503649
threshold=0.89587973461402759 1.2424533248940006 3.9701138825728512 2.191013317336941 3.4498615536424366 1.0397207708399181 1.0397207708399181 1.700598690831078
decision_type=2 2 2 2 2 2 2 2
left_child=1 2 3 -1 -3 6 -2 -7
right_child=5 4 -4 -5 -6 7 -8 -9
leaf_value=0.0046448495652940541 0.0313975090489668 -0.024702866303806123 0.025481874784011219 -0.016767538466568418 -0.0028226811699569227 -0.006944637064220785 -0.0016016827318175086 0.0021369934925717757
leaf_weight=36 17 26 21 30 25 79 29 269
leaf_count=36 17 26 21 30 25 79 29 269
internal_value=0 -0.00372126 0.00229089 -0.00508805 -0.0139773 0.00130339 0.0105937 7.5359e-05
internal_weight=0 138 87 66 51 394 46 348
internal_count=532 138 87 66 51 394 46 348
is_linear=0
shrinkage=0.1


Tree=64
num_leaves=9
num_cat=0
split_feature=37 73 61 17 85 5 83 28
split_gain=0.260728 0.76227 1.1605 0.956219 1.25209 1.03057 1.26043 0.693988
threshold=4.4885732424042368 3.1984648276080736 5.4929852296371777 3.3497501700808394 3.1345481418531311 2.3937458713910238 2.191013317336941 0.89587973461402759
decision_type=2 2 2 2 2 2 2 2
left_child=1 3 7 5 -5 6 -1 -3
right_child=-2 2 -4 4 -6 -7 -8 -9
leaf_value=-0.01128076774830168 -0.0021889698996336708 -0.0063810531298319501 -0.016835299680630366 0.03228505423030583 -0.0013357903834225404 -0.026276582625249158 0.014483504019806099 0.017207943310810103
leaf_weight=55 269 14.999999999999998 14.999999999999998 15.999999999999998 36 23 29 74
leaf_count=55 269 15 15 16 36 23 29 74
internal_value=0 0.00223891 0.0088956 -0.00211515 0.00900908 -0.00752133 -0.00238596 0.0132323
internal_weight=0 263 104 159 52 107 84 89
internal_count=532 263 104 159 52 107 84 89
is_linear=0
shrinkage=0.1


Tree=65
num_leaves=9
num_cat=0
split_feature=65 41 21 60 29 85 43 71
split_gain=0.252002 0.376305 0.543328 0.81447 0.69407 0.59986 0.521062 0.320448
threshold=5.7899180851264278 6.0449603893970645 5.5721468034537072 3.4175922930736511 4.1107394736335969 4.5746578350692051 5.2310943182715759 6.086764396227073
decision_type=2 2 2 2 2 2 2 2
left_child=1 2 3 4 -1 -5 -4 -3
right_child=-2 7 6 5 -6 -7 -8 -9
leaf_value=-0.0024000966462385861 0.012777505234504742 -0.016994686229979076 0.020731286805433534 -0.023895848844200374 0.006844426138751779 0.000900449394248426 0.0019102616725783601 -0.00028607318156652833
leaf_weight=247 14.999999999999998 24 24 25 121 15.999999999999998 38 22
leaf_count=247 15 24 24 25 121 16 38 22
internal_value=0 -0.000370721 0.000472407 -0.000849969 0.000639543 -0.0142192 0.00919582 -0.00900361
internal_weight=0 517 471 409 368 41 62 46
internal_count=532 517 471 409 368 41 62 46
is_linear=0
shrinkage=0.1


Tree=66
num_leaves=9
num_cat=0
split_feature=68 81 9 52 80 47 41 53
split_gain=0.257712 0.922312 1.09977 0.59859 0.694909 0.817851 0.591746 1.38191
threshold=3.1345481418531311 3.891612008168019 4.912546742554059 0.89587973461402759 2.1383330595080281 3.7132745361986528 4.5746578350692051 4.1266138227908868
decision_type=2 2 2 2 2 2 2 2
left_child=3 2 -2 -1 5 -5 -3 -8
right_child=1 6 -4 4 -6 -7 7 -9
leaf_value=-0.0016711186981738957 -0.035235912396627316 0.010378439496389547 -0.0025264445531110354 0.024881748760651266 -0.0041865065161670956 0.0017175573510704218 -0.026271986642054154 0.00071314929022458454
leaf_weight=133 17 48 26 35 28 27 21 197
leaf_count=133 17 48 26 35 28 27 21 197
internal_value=0 -0.00186975 -0.0154581 0.00259083 0.00888903 0.0147941 0.000326856 -0.00188634
internal_weight=0 309 43 223 90 62 266 218
internal_count=532 309 43 223 90 62 266 218
is_linear=0
shrinkage=0.1


Tree=67
num_leaves=9
num_cat=0
split_feature=87 54 57 72 44 84 54 77
split_gain=0.233901 1.05722 0.508958 0.490737 0.79445 0.584223 0.648966 0.462595
threshold=5.7651468795656617 4.0428973506407848 6.0844968186443777 4.1742689126930488 4.6727851606181448 2.8029010331479989 4.1107394736335969 3.3497501700808394
decision_type=2 2 2 2 2 2 2 2
left_child=3 -2 -3 4 5 7 -7 -1
right_child=1 2 -4 -5 -6 6 -8 -9
leaf_value=0.0017491742941367365 -0.024283080672224365 0.0090640438115224247 -0.005939816309210773 0.010180683922058401 -0.01430721359146345 0.011074896927198603 -0.0068613689945777878 -0.0078982622562668841
leaf_weight=137 21 40 52 52 36 90 26 78
leaf_count=137 21 40 52 52 36 90 26 78
internal_value=0 -0.00403764 0.000583601 0.00108891 -0.000199297 0.0013351 0.0070547 -0.00175083
internal_weight=0 113 92 419 367 331 116 215
internal_count=532 113 92 419 367 331 116 215
is_linear=0
shrinkage=0.1


Tree=68
num_leaves=9
num_cat=0
split_feature=45 44 28 45 47 19 24 39
split_gain=0.223925 0.628035 0.652202 0.421273 0.403762 0.814981 0.644315 0.509332
threshold=1.5890269151739729 2.6735537653587347 2.0126758453675748 2.3937458713910238 1.5890269151739729 1.0397207708399181 1.0397207708399181 2.3937458713910238
decision_type=2 2 2 2 2 2 2 2
left_child=1 -1 -3 -2 5 -5 -6 -8
right_child=3 2 -4 4 6 -7 7 -9
leaf_value=0.02019960867241025 -0.014557627411115737 -0.012757732930847192 0.014284029466410478 0.026198387621244525 -0.010469293145973597 -0.0012071033660322429 -0.014885715115815401 0.0015562421689526394
leaf_weight=20 21 22 14.999999999999998 17 62 30 20 325
leaf_count=20 21 22 15 17 62 30 20 325
internal_value=0 0.0059225 -0.00179486 -0.0007107 -7.02033e-05 0.00870552 -0.00108362 0.000603085
internal_weight=0 57 37 475 454 47 407 345
internal_count=532 57 37 475 454 47 407 345
is_linear=0
shrinkage=0.1


Tree=69
num_leaves=9
num_cat=0
split_feature=68 81 55 58 87 81 25 15
split_gain=0.234261 0.696556 0.981452 0.511467 0.640242 1.01192 0.468866 0.685809
threshold=3.1345481418531311 3.891612008168019 4.1742689126930488 2.8617925509761908 3.6235402922928786 3.4334666422309414 3.1345481418531311 2.3937458713910238
decision_type=2 2 2 2 2 2 2 2
left_child=3 2 -2 -1 5 -5 7 -3
right_child=1 6 -4 4 -6 -7 -8 -9
leaf_value=-0.00013768293645752725 -0.031396113605135022 0.0091024778783321391 -0.00077207861468195924 0.0023162345608903306 -0.0053063401195686316 0.036337117365944908 0.0021213240846927163 -0.016566846973728389
leaf_weight=172 18 14.999999999999998 25 18 15.999999999999998 17 217 34
leaf_count=172 18 15 25 18 16 17 217 34
internal_value=0 -0.00178265 -0.0135914 0.00247014 0.0112651 0.0188407 0.000126285 -0.00870889
internal_weight=0 309 43 223 51 35 266 49
internal_count=532 309 43 223 51 35 266 49
is_linear=0
shrinkage=0.1


Tree=70
num_leaves=9
num_cat=0
split_feature=89 89 63 65 25 25 44 65
split_gain=0.226926 0.775219 0.496333 0.458202 1.10275 0.78912 0.88497 0.699005
threshold=3.3497501700808394 3.1984648276080736 4.2625806805327082 4.7273486598447958 4.5746578350692051 3.6105525490912482 2.3502401828962087 3.5549397315361362
decision_type=2 2 2 2 2 2 2 2
left_child=1 -1 -3 4 5 7 -7 -2
right_child=3 2 -4 -5 -6 6 -8 -9
leaf_value=0.00019280605687280346 0.0015556887795145696 -0.0062337536439299587 -0.029242924731224775 -0.0081482364494051482 0.018035114459185441 -0.0013198056407938046 -0.026808637096029188 0.021393307034209694
leaf_weight=236 78 25 14.999999999999998 37 44 56 18 23
leaf_count=236 78 25 15 37 44 56 18 23
internal_value=0 -0.00198908 -0.0148622 0.00214447 0.00388343 0.000325287 -0.00751979 0.00607317
internal_weight=0 276 40 256 219 175 74 101
internal_count=532 276 40 256 219 175 74 101
is_linear=0
shrinkage=0.1


Tree=71
num_leaves=9
num_cat=0
split_feature=57 48 28 34 29 15 19 29
split_gain=0.208675 0.783884 0.597528 0.445839 0.546834 0.44165 0.397241 0.408667
threshold=5.7651468795656617 4.6727851606181448 5.2310943182715759 5.1647696471263407 6.1943970611727286 4.7790881836238563 5.905358135785149 4.1107394736335969
decision_type=2 2 2 2 2 2 2 2
left_child=2 -2 6 -3 5 -5 7 -1
right_child=1 3 -4 4 -6 -7 -8 -9
leaf_value=-0.0014372230528433827 -0.020742766990919006 0.011075099157514395 0.018369947093244837 -0.00081940812661367298 0.0055899904977019521 -0.023005929133413653 -0.015219259401783349 0.0055241040951827134
leaf_weight=255 22 27 19 17 31 19 15.999999999999998 126
leaf_count=255 22 27 19 17 31 19 16 126
internal_value=0 -0.00375057 0.00104583 0.000226328 -0.00414557 -0.012529 0.000216718 0.000864948
internal_weight=0 116 416 94 67 36 397 381
internal_count=532 116 416 94 67 36 397 381
is_linear=0
shrinkage=0.1


Tree=72
num_leaves=9
num_cat=0
split_feature=50 20 67 17 74 73 62 76
split_gain=0.198341 0.647256 0.615602 0.678346 0.641635 0.749266 0.553874 0.547814
threshold=1.2424533248940006 0.89587973461402759 3.3497501700808394 3.2951505240983434 2.8029010331479989 4.4425820475484112 0.89587973461402759 3.1984648276080736
decision_type=2 2 2 2 2 2 2 2
left_child=2 -2 3 6 7 -6 -1 -4
right_child=1 -3 4 -5 5 -7 -8 -9
leaf_value=-0.0035894647240638736 -0.011686016290959922 0.00040910513946106162 -0.025488601586617095 0.025572981687728313 0.018399521211077543 -0.0091111016977164488 0.019585740665594736 -0.001587777775288983
leaf_weight=33 51 334 17 20 22 18 14.999999999999998 22
leaf_count=33 51 334 17 20 22 18 15 22
internal_value=0 -0.00119311 0.0031248 0.0100999 -0.00287908 0.00601974 0.00365279 -0.0120061
internal_weight=0 385 147 68 79 40 48 39
internal_count=532 385 147 68 79 40 48 39
is_linear=0
shrinkage=0.1


Tree=73
num_leaves=9
num_cat=0
split_feature=55 14 22 74 84 62 7 74
split_gain=0.188063 0.649805 0.430223 0.245961 0.915316 0.514805 1.10364 0.521366
threshold=1.5890269151739729 3.0201273556387074 1.7005986908310777 5.0937313815282925 4.6727851606181448 4.3693677306817369 4.5325416796595226 3.9701138825728512
decision_type=2 2 2 2 2 2 2 2
left_child=1 -1 -3 4 5 6 -2 -7
right_child=3 2 -4 -5 -6 7 -8 -9
leaf_value=0.018409219303208848 -0.0011142571788787493 -0.014602952099898281 0.007894699702806332 -0.0053577798757598639 0.01476863137446344 0.023634096374735236 -0.028913491939504946 -0.001894461207848508
leaf_weight=23 298 17 17 90 40 15.999999999999998 14.999999999999998 15.999999999999998
leaf_count=23 298 17 17 90 40 16 15 16
internal_value=0 0.00542757 -0.00335413 -0.000651309 0.000448905 -0.00121135 -0.00244649 0.0108698
internal_weight=0 57 34 475 385 345 313 32
internal_count=532 57 34 475 385 345 313 32
is_linear=0
shrinkage=0.1


Tree=74
num_leaves=9
num_cat=0
split_feature=51 81 9 60 86 11 82 13
split_gain=0.186688 0.756238 0.701728 0.734682 0.686987 0.679268 0.511406 0.497173
threshold=3.0433873634561537 3.891612008168019 1.5890269151739729 2.0126758453675753 3.0201273556387074 4.1742689126930488 0.89587973461402759 5.828876408668302
decision_type=2 2 2 2 2 2 2 2
left_child=2 5 -1 4 -4 6 -2 -7
right_child=1 -3 3 -5 -6 7 -8 -9
leaf_value=-0.0092848162428708757 -0.0091343466521185985 0.001109133096621301 0.0072667951467964391 -0.0058447962419854275 0.030382219039731557 0.0057392899350573621 -0.034467423384388289 -0.014934229752735088
leaf_weight=32 17 329 45 27 18 30 14.999999999999998 19
leaf_count=32 17 329 45 27 18 30 15 19
internal_value=0 -0.00102186 0.00343412 0.0079564 0.0138712 -0.00967737 -0.0210092 -0.00227697
internal_weight=0 410 122 90 63 81 32 49
internal_count=532 410 122 90 63 81 32 49
is_linear=0
shrinkage=0.1


Tree=75
num_leaves=9
num_cat=0
split_feature=89 89 86 51 33 7 88 45
split_gain=0.188829 0.55493 0.403362 0.363154 0.409318 0.925711 0.668945 0.614214
threshold=3.3497501700808394 3.1984648276080736 4.6727851606181448 5.2310943182715759 2.9174053685313028 2.1383330595080281 3.4811217321331038 4.5271940351011493
decision_type=2 2 2 2 2 2 2 2
left_child=1 -1 -3 4 5 -2 -7 -6
right_child=3 2 -4 -5 7 6 -8 -9
leaf_value=3.1584336410544944e-05 -0.0012254429616264462 -0.0026640800666064023 -0.0227479515504092 0.016543377298512497 -0.0092069139207631139 0.0020124962460249664 0.026141930261143934 0.0083910270394491303
leaf_weight=236 97 20 20 15.999999999999998 68 20 27 28
leaf_count=236 97 20 20 16 68 20 27 28
internal_value=0 -0.00181444 -0.012706 0.0019562 0.00098372 0.00435565 0.0158741 -0.00407418
internal_weight=0 276 40 256 240 144 47 96
internal_count=532 276 40 256 240 144 47 96
is_linear=0
shrinkage=0.1


Tree=76
num_leaves=9
num_cat=0
split_feature=75 6 68 87 81 13 31 44
split_gain=0.180984 0.320349 0.270175 0.694123 0.479254 0.449357 0.390552 0.323223
threshold=5.7135966347394902 5.9763380255224723 5.0845003501084243 5.7651468795656617 5.6076369307404796 6.0209762173327137 5.9322416695047417 4.5485858369352732
decision_type=2 2 2 2 2 2 2 2
left_child=1 2 3 5 -5 -1 7 -4
right_child=-2 -3 6 4 -6 -7 -8 -9
leaf_value=0.0012567987079052509 0.0098562110215425491 -0.012441215375881821 -0.00032430884738763178 -0.025539631024003029 -0.0027692381819514069 -0.014511790820152352 -0.004487005478459532 0.017757133548629695
leaf_weight=370 18 21 14.999999999999998 18 19 19 23 29
leaf_count=370 18 21 15 18 19 19 23 29
internal_value=0 -0.000345159 0.000170089 -0.000758304 -0.0138467 0.000486611 0.006073 0.011593
internal_weight=0 514 493 426 37 389 67 44
internal_count=532 514 493 426 37 389 67 44
is_linear=0
shrinkage=0.1


Tree=77
num_leaves=9
num_cat=0
split_feature=85 85 10 85 70 17 46 26
split_gain=0.178325 0.524968 0.440212 0.34652 0.643243 0.442107 0.328648 0.618837
threshold=5.3229980813168991 4.8900946680958182 2.3502401828962087 4.4425820475484112 3.6632328069201612 3.1567740231385479 5.1873702005911486 2.191013317336941
decision_type=2 2 2 2 2 2 2 2
left_child=1 3 -3 4 5 -1 7 -5
right_child=-2 2 -4 6 -6 -7 -8 -9
leaf_value=-0.0052177787502752804 0.0055624940498651444 -0.019368492122739556 -0.0024528867215849459 -0.005300317963378297 -0.020447576371225296 0.0028860783179742145 -0.0015895759850045089 0.016709755729375917
leaf_weight=102 52 25 40 18 15.999999999999998 198 37 44
leaf_count=102 52 25 40 18 16 198 37 44
internal_value=0 -0.000602604 -0.00895889 0.000706212 -0.000911175 0.000130767 0.00586878 0.0103197
internal_weight=0 480 65 415 316 300 99 62
internal_count=532 480 65 415 316 300 99 62
is_linear=0
shrinkage=0.1


Tree=78
num_leaves=9
num_cat=0
split_feature=18 39 19 46 9 11 33 17
split_gain=0.169663 0.776252 1.04747 0.86534 0.585432 0.542086 0.407833 0.406492
threshold=2.8617925509761908 3.795426061844291 3.6632328069201612 4.1430087342023825 3.795426061844291 4.6150714996361826 2.5619819897016298 4.6727851606181448
decision_type=2 2 2 2 2 2 2 2
left_child=5 2 6 -3 -5 -1 -2 -6
right_child=1 3 -4 4 7 -7 -8 -9
leaf_value=0.00055708680214593186 -0.014868341101443068 0.011832125471476704 -0.02877143349667842 -0.020216088742017746 0.0092958070001461449 0.018019144665449859 0.0044049740014147137 -0.0023954658116872984
leaf_weight=160 17 59 22 15.999999999999998 36 20 31 171
leaf_count=160 17 59 22 16 36 20 31 171
internal_value=0 -0.00127704 -0.0107026 0.00106263 -0.0017867 0.00249732 -0.00242099 -0.000362201
internal_weight=0 352 70 282 223 180 48 207
internal_count=532 352 70 282 223 180 48 207
is_linear=0
shrinkage=0.1


Tree=79
num_leaves=9
num_cat=0
split_feature=25 27 18 18 36 4 87 61
split_gain=0.162059 0.21396 0.39532 0.313995 0.292422 0.548443 0.52621 0.0991101
threshold=5.7682428646896211 6.1333956902824402 5.2831908449625269 5.525445002686836 4.9904094477362264 3.0201273556387074 6.4361452319196397 5.4595764601916565
decision_type=2 2 2 2 2 2 2 2
left_child=1 2 4 -3 5 -1 -6 -5
right_child=-2 3 -4 7 6 -7 -8 -9
leaf_value=-0.0017220676266529328 0.0093266501582952004 -0.016198743153363466 0.012131243002713073 0.0056210651093473035 -0.0097241346015414197 0.006903327269061843 0.0091303396921016671 -0.0049204452894628051
leaf_weight=237 18 20 27 14.999999999999998 67 107 19 22
leaf_count=237 18 20 27 15 67 107 19 22
internal_value=0 -0.000326614 0.000393937 -0.00610366 -0.000343057 0.000960831 -0.00555861 -0.00064686
internal_weight=0 514 457 57 430 344 86 37
internal_count=532 514 457 57 430 344 86 37
is_linear=0
shrinkage=0.1


Tree=80
num_leaves=9
num_cat=0
split_feature=77 38 75 24 85 25 21 28
split_gain=0.168657 0.57505 0.767008 0.419429 0.410239 0.363757 0.355048 0.408655
threshold=1.0397207708399181 3.3667009459186801 3.1345481418531311 1.0397207708399181 3.8499212036984933 4.1742689126930488 1.8688348091416842 1.8688348091416842
decision_type=2 2 2 2 2 2 2 2
left_child=1 2 -1 4 -2 -6 -5 -8
right_child=3 -3 -4 6 5 -7 7 -9
leaf_value=0.0012399394125227007 -0.017384243783265078 -0.0076256516586559325 0.027192535479035641 0.013280733825550194 0.0092850122445573401 -0.0084846619283780456 -0.011269840399424235 0.0009219348145256776
leaf_weight=31 27 26 18 21 18 32 30 329
leaf_count=31 27 26 18 21 18 32 30 329
internal_value=0 0.00439516 0.0107735 -0.000721306 -0.00745134 -0.00208758 0.000642413 -9.68765e-05
internal_weight=0 75 49 457 77 50 380 359
internal_count=532 75 49 457 77 50 380 359
is_linear=0
shrinkage=0.1


Tree=81
num_leaves=9
num_cat=0
split_feature=50 20 67 74 55 73 34 17
split_gain=0.150709 0.440872 0.415206 0.457918 0.599144 0.404563 0.40218 0.351171
threshold=1.2424533248940006 0.89587973461402759 3.3497501700808394 2.8029010331479989 3.8499212036984933 2.6735537653587347 2.0126758453675753 2.9700856263602158
decision_type=2 2 2 2 2 2 2 2
left_child=2 -2 5 6 -5 7 -4 -1
right_child=1 -3 3 4 -6 -7 -8 -9
leaf_value=-0.0031520804328223069 -0.0096999468948399913 0.00028230265624389685 0.0010512877863624859 0.014790829282253982 -0.010489341471499453 0.020401590634137393 -0.019318973698786327 0.014515748630381292
leaf_weight=30 51 334 18 25 14.999999999999998 20 21 18
leaf_count=30 51 334 18 25 15 20 21 18
internal_value=0 -0.00104002 0.00272387 -0.00220689 0.00531077 0.00845225 -0.00991731 0.00347336
internal_weight=0 385 147 79 40 68 39 48
internal_count=532 385 147 79 40 68 39 48
is_linear=0
shrinkage=0.1


Tree=82
num_leaves=9
num_cat=0
split_feature=24 36 24 58 57 19 29 7
split_gain=0.147159 0.455356 0.335291 0.48082 0.541329 0.377623 0.793426 0.766561
threshold=4.6727851606181448 5.9737804751890868 3.0201273556387074 5.1532748880139918 5.6454406545496605 3.6632328069201612 3.8499212036984933 3.6105525490912482
decision_type=2 2 2 2 2 2 2 2
left_child=2 -2 5 4 -4 -1 -7 -8
right_child=1 -3 3 -5 -6 6 7 -9
leaf_value=0.0018648871694679305 -0.0077744453680507032 0.0038367076587500211 0.0056324280779210673 0.021773706103364626 -0.012265266843605786 -0.021459213465452195 0.0069758917554914347 -0.014506073496662653
leaf_weight=153 79 59 109 14.999999999999998 20 25 46 26
leaf_count=153 79 59 109 15 20 25 46 26
internal_value=0 -0.00281026 0.000984303 0.00482802 0.00285759 -0.00122968 -0.0061108 -0.000781485
internal_weight=0 138 394 144 129 250 97 72
internal_count=532 138 394 144 129 250 97 72
is_linear=0
shrinkage=0.1


Tree=83
num_leaves=8
num_cat=0
split_feature=4 81 41 21 65 41 24
split_gain=0.151449 0.307834 0.301618 0.238016 0.382627 0.30826 0.12648
threshold=6.2651204632761832 6.1892855566876834 6.0449603893970645 5.5721468034537072 4.6727851606181448 5.5490685147005907 4.8282817362782584
decision_type=2 2 2 2 2 2 2
left_child=1 2 3 5 -5 -1 -3
right_child=-2 6 -4 4 -6 -7 -8
leaf_value=-2.0789383837070905e-06 -0.0099055113022526106 0.0031569915111450591 -0.010443030705209822 0.014621173639014679 -0.0019107585140903081 -0.013394898134801124 0.015184733799348274
leaf_weight=380 14.999999999999998 17 28 28 28 18 18
leaf_count=380 15 17 28 28 28 18 18
internal_value=0 0.000287394 -0.000370148 0.000251087 0.00635521 -0.000607784 0.00934269
internal_weight=0 517 482 454 56 398 35
internal_count=532 517 482 454 56 398 35
is_linear=0
shrinkage=0.1


Tree=84
num_leaves=9
num_cat=0
split_feature=67 68 87 81 52 81 31 44
split_gain=0.140218 0.266976 0.421168 0.381532 0.49694 0.334835 0.221167 0.273941
threshold=6.651518455142952 5.0845003501084243 5.7651468795656617 5.8141260764699529 3.9701138825728512 5.6076369307404796 5.9322416695047417 4.5485858369352732
decision_type=2 2 2 2 2 2 2 2
left_child=1 2 3 4 -1 -4 7 -3
right_child=-2 6 5 -5 -6 -7 -8 -9
leaf_value=0.0010755671484182668 -0.0068878226248281346 -0.00072529457975178957 -0.020499207643378113 0.014641337552004391 -0.010122606708771653 -0.0016992912057321519 -0.0012762029404537036 0.015825874513636033
leaf_weight=332 28 14.999999999999998 18 18 45 20 26 30
leaf_count=332 28 15 18 18 45 20 26 30
internal_value=0 0.000382657 -0.000549322 0.000418013 -0.000261085 -0.0106045 0.00606642 0.0103088
internal_weight=0 504 433 395 377 38 71 45
internal_count=532 504 433 395 377 38 71 45
is_linear=0
shrinkage=0.1


Tree=85
num_leaves=9
num_cat=0
split_feature=18 39 9 46 48 67 78 11
split_gain=0.129751 0.587612 0.789314 0.570798 0.660815 0.516909 0.475493 0.45199
threshold=2.8617925509761908 3.795426061844291 3.7132745361986528 4.6346818562128229 4.3882378946731615 4.317399216745252 2.8617925509761908 4.234001473612734
decision_type=2 2 2 2 2 2 2 2
left_child=7 2 -2 5 -5 6 -3 -1
right_child=1 3 -4 4 -6 -7 -8 -9
leaf_value=-0.00019034103642464901 -0.0023657985679016507 0.0035015275447883389 -0.025537948718383198 -0.013798721521519697 0.00079286670627066319 -0.00070382891655234366 0.023306629880917848 0.012760114261287859
leaf_weight=147 49 22 21 39 152 42 27 33
leaf_count=147 49 22 21 39 152 42 27 33
internal_value=0 -0.00111677 -0.00931744 0.000918856 -0.00218657 0.00743683 0.0144145 0.00218391
internal_weight=0 352 70 282 191 91 49 180
internal_count=532 352 70 282 191 91 49 180
is_linear=0
shrinkage=0.1


Tree=86
num_leaves=9
num_cat=0
split_feature=70 10 72 19 29 64 38 4
split_gain=0.125836 0.369754 0.320511 0.372356 0.429792 0.344093 0.343009 0.610028
threshold=3.7609296261008152 3.3140206880897671 4.1742689126930488 4.3943729409690677 5.4847194494823395 5.3494828320967684 4.0773937863842606 3.0201273556387074
decision_type=2 2 2 2 2 2 2 2
left_child=2 -2 6 -4 -5 -6 7 -1
right_child=1 -3 3 4 5 -7 -8 -9
leaf_value=-0.0014169796858481247 -0.014162831275683383 0.0026898866659030318 0.017448013160555137 -0.0089996347041881603 0.014383425153088561 -0.0020817933138459923 -0.0064729875095289602 0.010001648233496939
leaf_weight=242 23 30 21 23 30 22 83 58
leaf_count=242 23 30 21 23 30 22 83 58
internal_value=0 -0.00462356 0.000511584 0.00567833 0.00238282 0.00741737 -0.000783476 0.000790622
internal_weight=0 53 479 96 75 52 383 300
internal_count=532 53 479 96 75 52 383 300
is_linear=0
shrinkage=0.1


Tree=87
num_leaves=9
num_cat=0
split_feature=55 14 22 35 19 30 40 33
split_gain=0.120638 0.481406 0.362443 0.225022 0.412605 0.977348 0.628376 0.566778
threshold=1.9356005054539456 3.0201273556387074 2.8029010331479989 3.9607678160667752 1.0397207708399181 1.2424533248940006 1.2424533248940006 3.3667009459186801
decision_type=2 2 2 2 2 2 2 2
left_child=1 -1 -3 4 5 -2 -6 -8
right_child=3 2 -4 -5 6 -7 7 -9
leaf_value=0.015214661828940735 -0.010200195834040643 -0.011609488743401709 0.0083684592333156619 0.0011007157445226199 0.0044369221330644226 0.021062368392013017 -0.020054923536066017 -0.0040520702384385932
leaf_weight=24 20 21 15.999999999999998 301 39 20 38 53
leaf_count=24 20 21 16 301 39 20 38 53
internal_value=0 0.00418439 -0.00297038 -0.000541928 -0.00345037 0.00543109 -0.00618313 -0.0107346
internal_weight=0 61 37 471 170 40 130 91
internal_count=532 61 37 471 170 40 130 91
is_linear=0
shrinkage=0.1


Tree=88
num_leaves=9
num_cat=0
split_feature=77 38 86 39 24 14 85 85
split_gain=0.130137 0.448827 0.429143 0.320989 0.306396 0.372358 0.278222 0.268051
threshold=1.0397207708399181 3.7012257604091228 3.7012257604091228 1.5890269151739729 1.0397207708399181 1.0397207708399181 3.8499212036984933 4.4425820475484112
decision_type=2 2 2 2 2 2 2 2
left_child=1 2 3 -1 5 7 -7 -2
right_child=4 -3 -4 -5 -6 6 -8 -9
leaf_value=-0.0049796084185009422 -0.0076733591295778756 -0.0094201027391184328 0.021625871372902217 0.013464332711009774 0.00053196388002681107 -0.024641006936629611 -0.0056839445605874062 0.0076518925882521132
leaf_weight=23 25 19 17 15.999999999999998 380 15.000000000000002 15.999999999999998 21
leaf_count=23 25 19 17 16 380 15 16 21
internal_value=0 0.00386075 0.00836675 0.00258714 -0.000633602 -0.00638575 -0.0148567 -0.000677049
internal_weight=0 75 56 39 457 77 31 46
internal_count=532 75 56 39 457 77 31 46
is_linear=0
shrinkage=0.1


Tree=89
num_leaves=9
num_cat=0
split_feature=51 81 9 0 40 14 86 54
split_gain=0.117939 0.468074 0.435149 0.607581 0.432509 0.469428 0.41602 0.336811
threshold=3.0433873634561537 3.7609296261008152 1.5890269151739729 1.4978661367769956 1.7005986908310777 2.6735537653587347 3.1984648276080736 1.0397207708399181
decision_type=2 2 2 2 2 2 2 2
left_child=2 4 -1 -4 5 -2 -6 -5
right_child=1 -3 3 7 6 -7 -8 -9
leaf_value=-0.0072862895613070577 -0.02613141741603613 0.00074726161884540725 0.022173710794825302 -0.010729540424654261 0.010906459914301248 -0.0027291424619033935 -0.010370937408879399 0.0057551528631963516
leaf_weight=32 20 338 19 15.999999999999998 17 14.999999999999998 20 55
leaf_count=32 20 338 19 16 17 15 20 55
internal_value=0 -0.000812195 0.00272951 0.00629068 -0.00813298 -0.0161019 -0.000594836 0.00204029
internal_weight=0 410 122 90 72 35 37 71
internal_count=532 410 122 90 72 35 37 71
is_linear=0
shrinkage=0.1


Tree=90
num_leaves=9
num_cat=0
split_feature=74 82 45 65 35 21 78 35
split_gain=0.121703 0.394759 0.628106 0.235301 0.326846 0.302653 0.390502 0.307614
threshold=5.0937313815282925 4.234001473612734 3.8499212036984933 4.1430087342023825 4.4425820475484112 3.0433873634561537 1.4978661367769956 5.0937313815282925
decision_type=2 2 2 2 2 2 2 2
left_child=1 3 -3 4 -1 6 -5 -7
right_child=-2 2 -4 5 -6 7 -8 -9
leaf_value=0.00032553918190204043 -0.0032439505210832549 -0.0092311941906033698 0.014534507828309787 -0.010448854265268892 0.012919753696769476 -0.010697878562055077 0.0081744478145418208 0.00059634038970168488
leaf_weight=198 95 14.999999999999998 43 15.999999999999998 23 66 38 38
leaf_count=198 95 15 43 16 23 66 38 38
internal_value=0 0.000705207 0.00838821 -0.000470556 0.00163625 -0.00341742 0.00265643 -0.00657114
internal_weight=0 437 58 379 221 158 54 104
internal_count=532 437 58 379 221 158 54 104
is_linear=0
shrinkage=0.1


Tree=91
num_leaves=9
num_cat=0
split_feature=45 44 26 35 88 58 86 68
split_gain=0.113494 0.301188 0.281623 0.182828 0.384724 0.657146 0.439823 0.376614
threshold=1.5890269151739729 2.8029010331479989 2.524928003624769 3.9607678160667752 2.8029010331479989 3.5408542930527882 3.1984648276080736 3.8499212036984933
decision_type=2 2 2 2 2 2 2 2
left_child=1 -1 -3 4 -2 6 -6 -7
right_child=3 2 -4 -5 5 7 -8 -9
leaf_value=0.013385006491179494 0.0057903783990217277 -0.011321762771331123 0.0066848168541726316 0.00097892295117457716 -0.0073205860532735562 -0.028042158071572582 0.0069860388066098544 -0.0090199426309589079
leaf_weight=22 38 15.999999999999998 19 302 44 14.999999999999998 42 34
leaf_count=22 38 16 19 302 44 15 42 34
internal_value=0 0.00421638 -0.00154676 -0.000505965 -0.00309808 -0.00560002 -0.00033363 -0.0148431
internal_weight=0 57 35 475 173 135 86 49
internal_count=532 57 35 475 173 135 86 49
is_linear=0
shrinkage=0.1


Tree=92
num_leaves=9
num_cat=0
split_feature=77 80 9 24 30 19 21 28
split_gain=0.122028 0.359807 0.526997 0.237535 0.306495 0.57401 0.225698 0.378817
threshold=1.0397207708399181 1.2424533248940006 1.5890269151739729 1.0397207708399181 2.7058230259275202 2.5619819897016298 2.191013317336941 1.8688348091416842
decision_type=2 2 2 2 2 2 2 2
left_child=1 -1 -3 4 5 -2 -5 -8
right_child=3 2 -4 6 -6 -7 7 -9
leaf_value=0.015224583593662827 -0.001224778536707163 0.012510962495580317 -0.0078377256475921191 0.0097989447725315895 0.0053448692748421121 -0.021561267627808064 -0.011606961847455414 0.00071442753667829957
leaf_weight=20 35 20 35 24 19 23 27 329
leaf_count=20 35 20 35 24 19 23 27 329
internal_value=0 0.00373854 -0.000438203 -0.000613546 -0.00567823 -0.00928925 0.000412719 -0.00022006
internal_weight=0 75 55 457 77 58 380 356
internal_count=532 75 55 457 77 58 380 356
is_linear=0
shrinkage=0.1


Tree=93
num_leaves=9
num_cat=0
split_feature=24 0 55 44 45 87 79 62
split_gain=0.119202 0.289606 0.316658 0.331297 0.217376 0.574517 0.373101 0.370032
threshold=4.6727851606181448 5.3981524641123215 4.8402344967050359 4.9904094477362264 4.4601277074540464 3.1132683346437333 5.0434043048315838 4.465842055365858
decision_type=2 2 2 2 2 2 2 2
left_child=4 2 3 -2 6 -6 -1 -8
right_child=1 -3 -4 -5 5 -7 7 -9
leaf_value=0.00070903098103819321 -0.010910715967838769 0.0017310206410223368 -0.01828038951284007 0.0062881381738753546 -0.0048640461724495428 0.0097438923676769883 -0.020286787632438873 0.00097965167908114397
leaf_weight=244 24 74 19 21 42 75 18 14.999999999999998
leaf_count=244 24 74 19 21 42 75 18 15
internal_value=0 -0.00252926 -0.00745521 -0.00288458 0.000885884 0.00450002 -0.000640664 -0.0106202
internal_weight=0 138 64 45 394 117 277 33
internal_count=532 138 64 45 394 117 277 33
is_linear=0
shrinkage=0.1


Tree=94
num_leaves=9
num_cat=0
split_feature=74 74 50 78 18 18 52 29
split_gain=0.112821 0.574428 0.354734 0.331933 0.414328 0.514549 0.425007 0.180259
threshold=3.4334666422309414 2.8029010331479989 1.2424533248940006 4.5746578350692051 2.8617925509761908 3.3667009459186801 0.89587973461402759 6.1943970611727286
decision_type=2 2 2 2 2 2 2 2
left_child=1 3 -3 4 6 -6 -1 -2
right_child=7 2 -4 -5 5 -7 -8 -9
leaf_value=-0.0021426930294736572 -0.0026620570409207423 0.022662707645859984 0.0044004355413982503 0.01382107436656952 -0.018534492474514993 -0.0021920542660934321 0.010523558212011013 0.0048118873719910256
leaf_weight=69 214 18 26 14.999999999999998 25 84 43 38
leaf_count=69 214 18 26 15 25 84 43 38
internal_value=0 0.00138153 0.0118714 -0.000574202 -0.00155126 -0.00594032 0.00272024 -0.00153503
internal_weight=0 280 44 236 221 109 112 252
internal_count=532 280 44 236 221 109 112 252
is_linear=0
shrinkage=0.1


Tree=95
num_leaves=9
num_cat=0
split_feature=89 39 36 62 39 77 65 15
split_gain=0.111586 0.365589 0.294342 0.219429 0.357058 0.336827 0.217864 0.476106
threshold=3.3497501700808394 3.3497501700808394 4.1430087342023825 0.89587973461402759 3.8815106545092593 4.3943729409690677 4.7273486598447958 4.6491756246494491
decision_type=2 2 2 2 2 2 2 2
left_child=1 2 -1 -3 -5 -6 7 -2
right_child=6 3 -4 4 5 -7 -8 -9
leaf_value=-0.021490851019819578 0.00036490327838276115 -0.010936619686510635 -0.0031499045790128765 0.014778828100465678 0.011106079772276723 -0.0017334038167784776 -0.0055935383396776952 0.01200157107774761
leaf_weight=14.999999999999998 175 17 21 17 23 183 37 44
leaf_count=15 175 17 21 17 23 183 37 44
internal_value=0 -0.00139481 -0.010792 1.47687e-05 0.000849628 -0.000299869 0.00150377 0.00270286
internal_weight=0 276 36 240 223 206 256 219
internal_count=532 276 36 240 223 206 256 219
is_linear=0
shrinkage=0.1


Tree=96
num_leaves=9
num_cat=0
split_feature=4 55 85 85 85 82 42 85
split_gain=0.105954 0.230954 0.183804 0.220388 0.320085 0.213357 0.25673 0.235403
threshold=6.2651204632761832 5.5373032659954937 4.8900946680958182 4.4425820475484112 4.0773937863842606 3.7609296261008152 2.3937458713910238 5.2094712223428914
decision_type=2 2 2 2 2 2 2 2
left_child=1 2 3 4 -1 6 -4 -7
right_child=-2 -3 5 -5 -6 7 -8 -9
leaf_value=0.0010038199593379563 -0.008285202529126158 0.010512224635818884 -0.0010610018980999787 0.004870878276900234 -0.0069154646229435462 -0.0065613126714846913 -0.018774859648611811 0.0070923210324152653
leaf_weight=252 14.999999999999998 21 14.999999999999998 96 64 28 18 23
leaf_count=252 15 21 15 96 64 28 18 23
internal_value=0 0.000240383 -0.000194513 0.000674702 -0.000600086 -0.00445781 -0.0107231 -0.000403792
internal_weight=0 517 496 412 316 84 33 51
internal_count=532 517 496 412 316 84 33 51
is_linear=0
shrinkage=0.1


Tree=97
num_leaves=9
num_cat=0
split_feature=23 16 16 49 46 4 77 63
split_gain=0.100507 0.413218 0.740238 0.252022 0.2343 0.294467 0.238001 0.219013
threshold=3.0201273556387074 3.3497501700808394 2.4414009612931857 3.9701138825728512 4.1430087342023825 3.3497501700808394 4.4885732424042368 3.6632328069201612
decision_type=2 2 2 2 2 2 2 2
left_child=3 2 -2 7 -3 -6 -7 -1
right_child=1 4 -4 -5 5 6 -8 -9
leaf_value=-0.00067976766110708321 0.0026725407046753738 0.0059715725389180773 -0.024208917990326883 0.012774495898108735 -0.0091878652186623139 0.0087900050201228479 -0.00098321754807648436 0.010460587919224055
leaf_weight=150 21 58 20 19 38 29 177 20
leaf_count=150 21 58 20 19 38 29 177 20
internal_value=0 -0.0010203 -0.0104404 0.00185165 0.000258586 -0.00109942 0.000392624 0.000630862
internal_weight=0 343 41 189 302 244 206 170
internal_count=532 343 41 189 302 244 206 170
is_linear=0
shrinkage=0.1


Tree=98
num_leaves=9
num_cat=0
split_feature=70 15 25 72 17 29 33 76
split_gain=0.0920968 0.299383 0.250779 0.240266 0.363186 0.398007 0.267658 0.235011
threshold=3.7132745361986528 3.891612008168019 4.7405652883788738 4.1742689126930488 5.8550678171289681 6.1505823098556016 5.2094712223428914 4.317399216745252
decision_type=2 2 2 2 2 2 2 2
left_child=3 -2 -3 7 6 -6 -5 -1
right_child=1 2 -4 4 5 -7 -8 -9
leaf_value=0.00090975402054551107 -0.0159230448716941 0.010006685554981232 -0.0051956249905439717 0.019299146233369476 -0.0071117290266556671 0.011822348022628028 0.0024569588771555574 -0.0046625689152838632
leaf_weight=278 14.999999999999998 17 30 23 32 17 15.999999999999998 104
leaf_count=278 15 17 30 23 32 17 16 104
internal_value=0 -0.00362259 0.000303083 0.000477874 0.00518859 -0.000542764 0.0123895 -0.000607318
internal_weight=0 62 47 470 88 49 39 382
internal_count=532 62 47 470 88 49 39 382
is_linear=0
shrinkage=0.1


Tree=99
num_leaves=9
num_cat=0
split_feature=77 38 86 88 24 30 10 67
split_gain=0.087533 0.302431 0.357703 0.223533 0.207249 0.219906 0.450377 0.180768
threshold=1.0397207708399181 3.7012257604091228 3.7012257604091228 3.6505739029280164 1.0397207708399181 2.7058230259275202 1.2424533248940006 3.0433873634561537
decision_type=2 2 2 2 2 2 2 2
left_child=1 2 3 -1 5 6 -2 -6
right_child=4 -3 -4 -5 7 -7 -8 -9
leaf_value=-0.0043966866001331562 0.00020406081884478532 -0.0077355059549996733 0.018970469182685898 0.011164837374041479 0.0053785085340120626 0.0040866277719798843 -0.01743041306867131 -0.00052408542948608058
leaf_weight=24 30 19 17 14.999999999999998 62 19 28 318
leaf_count=24 30 19 17 15 62 19 28 318
internal_value=0 0.00316634 0.00686518 0.00158851 -0.00051964 -0.00525044 -0.00830913 0.000438969
internal_weight=0 75 56 39 457 77 58 380
internal_count=532 75 56 39 457 77 58 380
is_linear=0
shrinkage=0.1


end of trees

feature_importances:
Column_9=58
Column_88=34
Column_81=30
Column_0=23
Column_24=20
Column_85=20
Column_15=19
Column_77=18
Column_10=17
Column_11=16
Column_87=15
Column_18=14
Column_19=14
Column_25=14
Column_55=14
Column_70=14
Column_90=14
Column_14=13
Column_29=13
Column_57=13
Column_89=13
Column_44=12
Column_65=12
Column_21=11
Column_39=11
Column_41=11
Column_68=11
Column_80=10
Column_86=10
Column_4=9
Column_8=9
Column_17=9
Column_45=9
Column_67=9
Column_74=9
Column_7=8
Column_16=8
Column_28=8
Column_35=8
Column_46=8
Column_50=8
Column_72=8
Column_84=8
Column_13=7
Column_36=7
Column_58=7
Column_73=7
Column_82=7
Column_20=6
Column_31=6
Column_54=6
Column_60=6
Column_61=6
Column_78=6
Column_1=5
Column_33=5
Column_34=5
Column_37=5
Column_38=5
Column_40=5
Column_47=5
Column_62=5
Column_30=4
Column_51=4
Column_52=4
Column_56=4
Column_64=4
Column_75=4
Column_76=4
Column_5=3
Column_22=3
Column_23=3
Column_26=3
Column_48=3
Column_49=3
Column_53=3
Column_79=3
Column_6=2
Column_12=2
Column_42=2
Column_43=2
Column_59=2
Column_63=2
Column_66=2
Column_71=2
Column_83=2
Column_91=2
Column_2=1
Column_3=1
Column_27=1
Column_32=1

parameters:
[boosting: gbdt]
[objective: regression]
[metric: l1]
[tree_learner: serial]
[device_type: cpu]
[data_sample_strategy: bagging]
[data: ]
[valid: ]
[num_iterations: 100]
[learning_rate: 0.1]
[num_leaves: 9]
[num_threads: 16]
[seed: 0]
[deterministic: 0]
[force_col_wise: 0]
[force_row_wise: 0]
[histogram_pool_size: -1]
[max_depth: 5]
[min_data_in_leaf: 15]
[min_sum_hessian_in_leaf: 0.001]
[bagging_fraction: 1]
[pos_bagging_fraction: 1]
[neg_bagging_fraction: 1]
[bagging_freq: 0]
[bagging_seed: 3]
[feature_fraction: 1]
[feature_fraction_bynode: 1]
[feature_fraction_seed: 2]
[extra_trees: 0]
[extra_seed: 6]
[early_stopping_round: 0]
[first_metric_only: 0]
[max_delta_step: 0]
[lambda_l1: 0]
[lambda_l2: 0]
[linear_lambda: 0]
[min_gain_to_split: 0]
[drop_rate: 0.1]
[max_drop: 50]
[skip_drop: 0.5]
[xgboost_dart_mode: 0]
[uniform_drop: 0]
[drop_seed: 4]
[top_rate: 0.2]
[other_rate: 0.1]
[min_data_per_group: 100]
[max_cat_threshold: 32]
[cat_l2: 10]
[cat_smooth: 10]
[max_cat_to_onehot: 4]
[top_k: 20]
[monotone_constraints: ]
[monotone_constraints_method: basic]
[monotone_penalty: 0]
[feature_contri: ]
[forcedsplits_filename: ]
[refit_decay_rate: 0.9]
[cegb_tradeoff: 1]
[cegb_penalty_split: 0]
[cegb_penalty_feature_lazy: ]
[cegb_penalty_feature_coupled: ]
[path_smooth: 0]
[interaction_constraints: ]
[verbosity: -1]
[saved_feature_importance_type: 0]
[use_quantized_grad: 0]
[num_grad_quant_bins: 4]
[quant_train_renew_leaf: 0]
[stochastic_rounding: 1]
[linear_tree: 0]
[max_bin: 255]
[max_bin_by_feature: ]
[min_data_in_bin: 3]
[bin_construct_sample_cnt: 200000]
[data_random_seed: 1]
[is_enable_sparse: 1]
[enable_bundle: 1]
[use_missing: 1]
[zero_as_missing: 0]
[feature_pre_filter: 1]
[pre_partition: 0]
[two_round: 0]
[header: 0]
[label_column: ]
[weight_column: ]
[group_column: ]
[ignore_column: ]
[categorical_feature: ]
[forcedbins_filename: ]
[precise_float_parser: 0]
[parser_config_file: ]
[objective_seed: 5]
[num_class: 1]
[is_unbalance: 0]
[scale_pos_weight: 1]
[sigmoid: 1]
[boost_from_average: 1]
[reg_sqrt: 0]
[alpha: 0.9]
[fair_c: 1]
[poisson_max_delta_step: 0.7]
[tweedie_variance_power: 1.5]
[lambdarank_truncation_level: 30]
[lambdarank_norm: 1]
[label_gain: ]
[lambdarank_position_bias_regularization: 0]
[eval_at: ]
[multi_error_top_k: 1]
[auc_mu_weights: ]
[num_machines: 1]
[local_listen_port: 12400]
[time_out: 120]
[machine_list_filename: ]
[machines: ]
[gpu_platform_id: -1]
[gpu_device_id: -1]
[gpu_use_dp: 0]
[num_gpu: 1]

end of parameters

pandas_categorical:null
