tree
version=v4
num_class=1
num_tree_per_iteration=1
label_index=0
max_feature_idx=80
objective=regression
feature_names=Column_0 Column_1 Column_2 Column_3 Column_4 Column_5 Column_6 Column_7 Column_8 Column_9 Column_10 Column_11 Column_12 Column_13 Column_14 Column_15 Column_16 Column_17 Column_18 Column_19 Column_20 Column_21 Column_22 Column_23 Column_24 Column_25 Column_26 Column_27 Column_28 Column_29 Column_30 Column_31 Column_32 Column_33 Column_34 Column_35 Column_36 Column_37 Column_38 Column_39 Column_40 Column_41 Column_42 Column_43 Column_44 Column_45 Column_46 Column_47 Column_48 Column_49 Column_50 Column_51 Column_52 Column_53 Column_54 Column_55 Column_56 Column_57 Column_58 Column_59 Column_60 Column_61 Column_62 Column_63 Column_64 Column_65 Column_66 Column_67 Column_68 Column_69 Column_70 Column_71 Column_72 Column_73 Column_74 Column_75 Column_76 Column_77 Column_78 Column_79 Column_80
feature_infos=[0:6.9697906699015899] [0:6.9697906699015899] [0:6.8511849274937431] [0:6.8490662826334576] [0:6.8490662826334576] [0:6.8490662826334576] [0.69314718055994529:6.8490662826334576] [0.69314718055994529:8.2177084068453059] [2.4980018054066017e-16:6.253828811575473] [0.69314718055994529:7.4489161025442003] [0.69314718055994529:7.4764723811639051] [0.69314718055994529:8.2602342916072971] [0.69314718055994529:7.0509894470680452] [0.69314718055994529:8.427706024914702] [0:4.7621739347977563] [0.69314718055994529:7.4012312644130152] [0.69314718055994529:7.1608459066642993] [0.69314718055994529:8.2177084068453059] [2.4980018054066017e-16:6.253828811575473] [0.69314718055994529:7.4489161025442003] [0.69314718055994529:7.4764723811639051] [0.69314718055994529:8.2602342916072971] [0.69314718055994529:7.0509894470680452] [0.69314718055994529:8.427706024914702] [0:4.7621739347977563] [0.69314718055994529:7.4012312644130152] [0.69314718055994529:7.1608459066642993] [0.69314718055994529:8.2177084068453059] [2.4980018054066017e-16:6.253828811575473] [0.69314718055994529:7.4489161025442003] [0.69314718055994529:7.4764723811639051] [0.69314718055994529:8.2602342916072971] [0.69314718055994529:7.0509894470680452] [0.69314718055994529:8.427706024914702] [0:4.7621739347977563] [0.69314718055994529:7.4012312644130152] [0.69314718055994529:7.1608459066642993] [0.69314718055994529:8.2177084068453059] [2.4980018054066017e-16:6.253828811575473] [0.69314718055994529:7.4489161025442003] [0.69314718055994529:7.4764723811639051] [0.69314718055994529:8.0627479010863539] [0.69314718055994529:7.0509894470680452] [0.69314718055994529:8.427706024914702] [0:4.7621739347977563] [0.69314718055994529:7.4012312644130152] [0.69314718055994529:7.1608459066642993] [0.69314718055994529:8.2177084068453059] [2.4980018054066017e-16:6.253828811575473] [0.69314718055994529:7.4489161025442003] [0.69314718055994529:7.4764723811639051] [0.69314718055994529:8.0484687436688827] [0.69314718055994529:7.0509894470680452] [0.69314718055994529:8.427706024914702] [0:4.7621739347977563] [0.69314718055994529:7.4012312644130152] [0.69314718055994529:7.1608459066642993] [0.69314718055994529:8.2177084068453059] [2.4980018054066017e-16:6.253828811575473] [0.69314718055994529:7.4489161025442003] [0.69314718055994529:7.4764723811639051] [0.69314718055994529:8.0484687436688827] [0.69314718055994529:7.0509894470680452] [0.69314718055994529:8.427706024914702] [0:4.7621739347977563] [0.69314718055994529:7.4012312644130152] [0.69314718055994529:7.1608459066642993] [0.69314718055994529:7.1884127364969537] [0.69314718055994529:5.9964520886190211] [0.69314718055994529:7.1340937211928663] [0.69314718055994529:7.4764723811639051] [0.69314718055994529:7.8701659464698448] [0.69314718055994529:6.6306833856423717] [0.69314718055994529:7.8823149189802679] [0:4.7621739347977563] [0.69314718055994529:6.8480052745763631] [0.69314718055994529:6.8997231072848724] [0.69314718055994529:3.970291913552122] [0.69314718055994529:3.970291913552122] [0.69314718055994529:3.970291913552122] [0.69314718055994529:3.970291913552122]
tree_sizes=702 724 793 789 803 799 725 727 813 728 725 729 728 648 646 724 728 647 728 728 809 721 730 724 644 728 724 644 644 649 723 807 727 647 645 562 727 650 484 646 565 727 807 564 564 808 567 483 562 650 644 562 809 484 657 653 648 565 734 647 566 560 645 651 568 481 731 808 654 489 653 730 561 736 483 727 484 734 735 568 650 483 735 644 569 567 810 809 654 736 656 572 735 810 572 489 653 567 656 729

Tree=0
num_leaves=7
num_cat=0
split_feature=16 0 79 11 10 60
split_gain=778.996 223.306 90.3329 45.0349 20.4341 11.3008
threshold=4.3882378946731615 2.1383330595080281 3.6762205501217919 3.8499212036984933 5.0688844241303981 6.1158896889367904
decision_type=2 2 2 2 2 2
left_child=1 3 -3 -1 -2 -6
right_child=4 2 -4 -5 5 -7
leaf_value=3.3300726508449916 3.6441652346755675 3.478195321774062 3.6494183497045167 3.4791658515409551 3.7445246123589304 3.6777627074928718
leaf_weight=130 40 124 41 24 92 35
leaf_count=130 40 124 41 24 92 35
internal_value=3.53152 3.43991 3.52074 3.35331 3.70649 3.72613
internal_weight=0 319 165 154 167 127
internal_count=486 319 165 154 167 127
is_linear=0
shrinkage=1


Tree=1
num_leaves=7
num_cat=0
split_feature=16 11 79 66 10 60
split_gain=630.987 186.422 72.7885 63.4931 16.5516 9.15366
threshold=4.3882378946731615 3.8499212036984933 3.6762205501217919 0.89587973461402759 5.0688844241303981 6.1158896889367904
decision_type=2 2 2 2 2 2
left_child=1 3 -3 -1 -2 -6
right_child=4 2 -4 -5 5 -7
leaf_value=-0.014968572398302732 0.10138506803195924 -0.040162801124060003 0.12420860343745777 -0.18245346892092909 0.19170850670855979 0.13162279284958331
leaf_weight=27 40 117 35 140 92 35
leaf_count=27 40 117 35 140 92 35
internal_value=0 -0.0824432 -0.00231412 -0.155375 0.157481 0.175149
internal_weight=0 319 152 167 167 127
internal_count=486 319 152 167 167 127
is_linear=0
shrinkage=0.1


Tree=2
num_leaves=8
num_cat=0
split_feature=9 77 72 16 66 7 76
split_gain=525.997 157.078 80.3394 43.8188 29.7655 18.6466 12.4778
threshold=4.317399216745252 3.7726948748059121 4.9052473428434826 4.3882378946731615 3.7609296261008152 3.5549397315361362 5.298267364047871
decision_type=2 2 2 2 2 2 2
left_child=1 2 -1 4 -2 -3 -5
right_child=3 5 -4 6 -6 -7 -8
leaf_value=-0.14703590392162746 0.12961794117258654 0.0072969291951846 0.046489112886289763 0.12955954940813894 -0.0077038432667522055 0.13352830553054809 0.19396482564154127
leaf_weight=202 27 22 24 106 38 25 42
leaf_count=202 27 22 24 106 38 25 42
internal_value=0 -0.0918929 -0.126485 0.117778 0.0493375 0.0744413 0.147837
internal_weight=0 273 226 213 65 47 148
internal_count=486 273 226 213 65 47 148
is_linear=0
shrinkage=0.1


Tree=3
num_leaves=8
num_cat=0
split_feature=9 77 72 16 3 15 79
split_gain=426.058 127.233 65.0749 35.7505 22.4734 17.2333 7.7449
threshold=4.317399216745252 3.7726948748059121 4.9052473428434826 4.7790881836238563 3.6505739029280164 2.9174053685313028 2.3502401828962087
decision_type=2 2 2 2 2 2 2
left_child=1 2 -1 4 -2 -3 -5
right_child=3 5 -4 6 -6 -7 -8
leaf_value=-0.13233230915934879 0.14455999276041984 0.0051417691390151571 0.041840201740463573 0.17190559815477444 0.035080331486960256 0.1262752218482395 0.11949438837562072
leaf_weight=202 25 23 24 54 75 24 59
leaf_count=202 25 23 24 54 75 24 59
internal_value=0 -0.0827036 -0.113836 0.106 0.0624502 0.0669971 0.14454
internal_weight=0 273 226 213 100 47 113
internal_count=486 273 226 213 100 47 113
is_linear=0
shrinkage=0.1


Tree=4
num_leaves=8
num_cat=0
split_feature=11 70 77 20 80 10 8
split_gain=350.715 87.1608 59.2761 52.1468 35.6674 20.3096 12.3343
threshold=4.1430087342023825 4.8201514758423682 3.6762205501217919 1.2424533248940004 3.7012257604091228 3.5408542930527882 4.2625806805327082
decision_type=2 2 2 2 2 2 2
left_child=2 4 3 -1 -2 -4 -3
right_child=1 6 5 -5 -6 -7 -8
leaf_value=-0.00026908896186135029 -0.016571218987869712 0.082197716344486582 -0.070213407278060913 -0.16842781956258573 0.1008720927159576 0.053809803270775336 0.14126108089706513
leaf_weight=22 108 55 31 114 34 23 99
leaf_count=22 108 55 31 114 34 23 99
internal_value=0 0.0680597 -0.10603 -0.141226 0.011549 -0.0173887 0.120167
internal_weight=0 296 190 136 142 54 154
internal_count=486 296 190 136 142 54 154
is_linear=0
shrinkage=0.1


Tree=5
num_leaves=8
num_cat=0
split_feature=16 0 80 77 80 40 35
split_gain=287.844 96.8288 39.717 26.5086 9.34765 4.56727 3.08773
threshold=4.3882378946731615 2.1383330595080281 3.6762205501217919 3.7256208424938388 2.602003343538398 5.9839331082694605 5.609465086342035
decision_type=2 2 2 2 2 2 2
left_child=1 3 -3 -1 5 -2 -6
right_child=4 2 -4 -5 6 -7 -8
leaf_value=-0.1318411021486042 0.14462982962528867 -0.029752565799133174 0.085728988720056354 -0.022729660087713488 0.094505624597271298 0.093013536899040142 0.051411364972591404
leaf_weight=127 60 126 39 27 60 24 23
leaf_count=127 60 126 39 27 60 24 23
internal_value=0 -0.0556831 -0.00245693 -0.112711 0.106365 0.129882 0.0825638
internal_weight=0 319 165 154 167 84 83
internal_count=486 319 165 154 167 84 83
is_linear=0
shrinkage=0.1


Tree=6
num_leaves=7
num_cat=0
split_feature=9 77 76 15 57 14
split_gain=244.244 73.6843 44.2032 28.2037 18.8709 18.0452
threshold=4.317399216745252 3.6762205501217919 1.0397207708399181 2.9174053685313028 6.6669276557490322 1.7005986908310777
decision_type=2 2 2 2 2 2
left_child=1 2 -1 -3 5 -2
right_child=4 3 -4 -5 -6 -7
leaf_value=-0.030437526215257041 0.039432889449537968 -0.026698323593169052 -0.13096456023760969 0.096815136999919504 -0.0074450902810150937 0.10891099289857915
leaf_weight=67 51 51 126 29 22 140
leaf_count=67 51 51 126 29 22 140
internal_value=0 -0.0626184 -0.0960666 0.0180753 0.0802574 0.0903592
internal_weight=0 273 193 80 213 191
internal_count=486 273 193 80 213 191
is_linear=0
shrinkage=0.1


Tree=7
num_leaves=7
num_cat=0
split_feature=11 70 56 77 61 66
split_gain=202.187 53.3806 37.6654 31.62 22.883 9.75209
threshold=4.0773937863842606 4.8201514758423682 0.89587973461402759 3.7494348669884658 5.0167313144789381 3.3667009459186801
decision_type=2 2 2 2 2 2
left_child=2 4 -1 -4 -2 -3
right_child=1 5 3 -5 -6 -7
leaf_value=0.01911816810888629 0.071449533971026533 0.15340788974003361 -0.12169972607722651 -0.0008947352126527291 -0.017550707777711349 0.081532956432915277
leaf_weight=31 40 22 130 26 104 133
leaf_count=31 40 22 130 26 104 133
internal_value=0 0.0510086 -0.0815592 -0.101566 0.00717158 0.0917346
internal_weight=0 299 187 156 144 155
internal_count=486 299 187 156 144 155
is_linear=0
shrinkage=0.1


Tree=8
num_leaves=8
num_cat=0
split_feature=7 70 46 80 77 25 71
split_gain=168.549 40.9281 32.5932 31.7223 28.6285 8.65381 2.50623
threshold=3.3667009459186801 4.8201514758423682 0.89587973461402759 3.6505739029280164 3.7256208424938388 4.2190749920378936 3.9701138825728512
decision_type=2 2 2 2 2 2 2
left_child=2 3 6 -2 -4 -3 -1
right_child=1 5 4 -5 -6 -7 -8
leaf_value=-0.023642413927750155 -0.027969220841581793 0.032052227701725708 -0.11654507859664805 0.076222134212201295 -0.0072354435082525011 0.093299606613075459 0.022635928429663183
leaf_weight=22 87 28 119 44 30 131 25
leaf_count=22 87 28 119 44 30 131 25
internal_value=0 0.0484144 -0.0716335 0.00702635 -0.0945364 0.0825139 0.000973726
internal_weight=0 290 196 131 149 159 47
internal_count=486 290 196 131 149 159 47
is_linear=0
shrinkage=0.1


Tree=9
num_leaves=7
num_cat=0
split_feature=16 0 80 68 33 10
split_gain=141.26 47.3937 24.0316 10.6636 6.25334 5.38591
threshold=4.3882378946731615 1.7005986908310777 3.6762205501217919 3.1345481418531311 7.161294183719888 4.9199542854466296
decision_type=2 2 2 2 2 2
left_child=1 3 -3 -1 5 -2
right_child=4 2 -4 -5 -6 -7
leaf_value=-0.10163068063557149 0.044546149706778428 -0.029366614693172383 0.050092938266551271 -0.028611449241638182 0.026093552265640186 0.092167058016026496
leaf_weight=100 30 142 52 25 23 114
leaf_count=100 30 142 52 25 23 114
internal_value=0 -0.0390081 -0.00806818 -0.0870268 0.0745125 0.082246
internal_weight=0 319 194 125 167 144
internal_count=486 319 194 125 167 144
is_linear=0
shrinkage=0.1


Tree=10
num_leaves=7
num_cat=0
split_feature=9 77 72 57 57 16
split_gain=119.579 37.3427 29.9074 21.1119 12.6543 9.89616
threshold=4.317399216745252 3.6762205501217919 4.7094896185437563 2.3502401828962087 6.6669276557490322 3.891612008168019
decision_type=2 2 2 2 2 2
left_child=1 2 -1 -3 5 -2
right_child=4 3 -4 -5 -6 -7
leaf_value=-0.082460586103946854 0.017197431119469305 -0.039041008270130712 0.036833620568116503 0.063733382168702973 -0.015661439371549273 0.075398755013462049
leaf_weight=169 36 39 24 41 22 155
leaf_count=169 36 39 24 41 22 155
internal_value=0 -0.0438145 -0.0676261 0.0136309 0.0561566 0.0644289
internal_weight=0 273 193 80 213 191
internal_count=486 273 193 80 213 191
is_linear=0
shrinkage=0.1


Tree=11
num_leaves=7
num_cat=0
split_feature=11 8 65 41 77 32
split_gain=99.9747 26.5999 44.336 24.8486 23.0138 9.04122
threshold=4.0773937863842606 4.2413008733233104 5.6664207015582333 1.0397207708399181 3.7012257604091228 6.1632062049841245
decision_type=2 2 2 2 2 2
left_child=3 2 -2 -1 -5 -3
right_child=1 5 -4 4 -6 -7
leaf_value=0.012529867906123399 0.028838075942135062 0.08048040457236183 -0.12662911329950607 -0.10014324473148142 -0.010522497392808781 0.0089780006618682476
leaf_weight=40 145 112 21 108 39 21
leaf_count=40 145 112 21 108 39 21
internal_value=0 0.0358684 0.00917054 -0.0573511 -0.0763663 0.0691906
internal_weight=0 299 166 187 147 133
internal_count=486 299 166 187 147 133
is_linear=0
shrinkage=0.1


Tree=12
num_leaves=7
num_cat=0
split_feature=11 56 8 65 72 66
split_gain=81.6868 20.8495 19.5869 33.4067 15.7272 7.74671
threshold=4.4880679366512748 0.89587973461402759 4.2413008733233104 5.6454406545496605 4.7621374077860157 5.758777366676946
decision_type=2 2 2 2 2 2
left_child=1 -1 3 -2 -3 -4
right_child=2 4 5 -5 -6 -7
leaf_value=0.021098458083967368 0.029385198446986983 -0.075725929732792657 0.07652183356925403 -0.10662081195485025 0.0088241586103462253 0.01864922612439841
leaf_weight=36 129 143 101 21 26 30
leaf_count=36 129 143 101 21 26 30
internal_value=0 -0.0479992 0.0350172 0.0103444 -0.0627182 0.0632686
internal_weight=0 205 281 150 169 131
internal_count=486 205 281 150 169 131
is_linear=0
shrinkage=0.1


Tree=13
num_leaves=6
num_cat=0
split_feature=7 69 11 46 71
split_gain=66.5406 22.3169 19.0007 16.3339 16.0852
threshold=3.3667009459186801 2.191013317336941 5.0167313144789381 0.89587973461402759 4.5746578350692051
decision_type=2 2 2 2 2
left_child=2 -2 3 -1 -3
right_child=1 4 -4 -5 -6
leaf_value=0.0072521933213327873 -0.043266139683934557 -0.010609266994406983 0.042554166997698227 -0.070902223594433877 0.053166510145656945
leaf_weight=33 36 49 22 141 205
leaf_count=33 36 49 22 141 205
internal_value=0 0.0304197 -0.0450087 -0.0560798 0.0408633
internal_weight=0 290 196 174 254
internal_count=486 290 196 174 254
is_linear=0
shrinkage=0.1


Tree=14
num_leaves=6
num_cat=0
split_feature=16 80 72 6 71
split_gain=55.7269 24.1317 21.6297 4.34583 8.55128
threshold=4.3882378946731615 3.8815106545092593 4.9052473428434826 3.3667009459186801 5.3659323411780901
decision_type=2 2 2 2 2
left_child=1 2 -1 -2 -5
right_child=3 -3 -4 4 -6
leaf_value=-0.045740987207614797 0.089335459683622637 0.071927649124215051 0.022390540358449881 -0.012560344919562339 0.051683165796470545
leaf_weight=237 21 24 58 25 121
leaf_count=237 21 24 58 25 121
internal_value=0 -0.0245006 -0.0323456 0.0468006 0.0406826
internal_weight=0 319 295 167 146
internal_count=486 319 295 167 146
is_linear=0
shrinkage=0.1


Tree=15
num_leaves=7
num_cat=0
split_feature=9 77 30 57 66 0
split_gain=45.4326 20.155 21.5214 13.3066 9.26437 16.4629
threshold=4.317399216745252 3.6505739029280164 1.2424533248940004 2.3502401828962087 3.3667009459186801 5.0434043048315838
decision_type=2 2 2 2 2 2
left_child=1 2 -1 -3 -2 -6
right_child=4 3 -4 -5 5 -7
leaf_value=0.019397068321704864 0.081646530936871256 -0.024200086311801622 -0.063394396990052851 0.054146970304228915 -0.021338091908409351 0.045169341172650458
leaf_weight=40 35 46 146 41 53 125
leaf_count=40 35 46 146 41 53 125
internal_value=0 -0.0270069 -0.0455898 0.0127221 0.0346144 0.0253666
internal_weight=0 273 186 87 213 178
internal_count=486 273 186 87 213 178
is_linear=0
shrinkage=0.1


Tree=16
num_leaves=7
num_cat=0
split_feature=11 41 77 3 12 77
split_gain=38.4507 14.12 13.7817 11.1968 18.6254 5.76817
threshold=4.4880679366512748 1.0397207708399181 3.7012257604091228 3.0433873634561537 5.1238931127034038 3.5694334999727624
decision_type=2 2 2 2 2 2
left_child=1 5 -3 -2 -5 -1
right_child=3 2 -4 4 -6 -7
leaf_value=-0.018288200100262962 0.078746854717081247 -0.063659521080553533 0.0023215986528368885 -0.014715840005986046 0.040616220697151262 0.055829887127592452
leaf_weight=21 33 120 43 107 141 21
leaf_count=21 33 120 43 107 141 21
internal_value=0 -0.0329314 -0.0462535 0.0240247 0.0167431 0.0187708
internal_weight=0 205 163 281 248 42
internal_count=486 205 163 281 248 42
is_linear=0
shrinkage=0.1


Tree=17
num_leaves=6
num_cat=0
split_feature=16 80 72 60 4
split_gain=32.2805 15.3221 13.9634 4.32035 2.57372
threshold=4.3882378946731615 3.8815106545092593 4.9052473428434826 6.3645714978563017 3.1345481418531311
decision_type=2 2 2 2 2
left_child=1 2 -1 4 -2
right_child=3 -3 -4 -5 -6
leaf_value=-0.035661156527415104 0.072568791489238324 0.058189589212027694 0.019080473568113845 -0.0056731248380277651 0.036100024832832464
leaf_weight=237 23 24 58 22 122
leaf_count=237 23 24 58 22 122
internal_value=0 -0.0186473 -0.0248984 0.0356196 0.0418847
internal_weight=0 319 295 167 145
internal_count=486 319 295 167 145
is_linear=0
shrinkage=0.1


Tree=18
num_leaves=7
num_cat=0
split_feature=11 31 0 65 77 67
split_gain=26.9597 12.606 10.0947 25.8309 8.75104 2.91727
threshold=3.7609296261008152 1.0397207708399181 5.1416464569318583 5.4071617168636603 3.7256208424938388 4.6539149966267201
decision_type=2 2 2 2 2 2
left_child=1 -1 3 -2 -3 -4
right_child=2 4 5 -5 -6 -7
leaf_value=0.015999600327596432 0.020411574454373048 -0.061550127223134049 0.067221427060149871 -0.073506062498523136 0.0016991948717207249 0.030985592592654654
leaf_weight=41 157 100 29 36 28 95
leaf_count=41 157 100 29 36 28 95
internal_value=0 -0.0322571 0.017197 0.00289326 -0.0477143 0.0394601
internal_weight=0 169 317 193 128 124
internal_count=486 169 317 193 128 124
is_linear=0
shrinkage=0.1


Tree=19
num_leaves=7
num_cat=0
split_feature=7 46 16 11 46 40
split_gain=22.8433 17.5739 21.488 13.2984 8.13912 3.50565
threshold=3.7256208424938388 3.6105525490912482 4.1107394736335969 5.0167313144789381 0.89587973461402759 3.7012257604091228
decision_type=2 2 2 2 2 2
left_child=3 5 -3 4 -1 -2
right_child=1 2 -4 -5 -6 -7
leaf_value=0.0085524456625854645 0.098999646277381836 -0.051843724973150533 0.023638487087472723 0.044099465131759642 -0.043746973046003598 0.044761232828552072
leaf_weight=37 26 48 176 25 152 22
leaf_count=37 26 48 176 25 152 22
internal_value=0 0.0192302 0.00746373 -0.0244421 -0.0335085 0.0741404
internal_weight=0 272 224 214 189 48
internal_count=486 272 224 214 189 48
is_linear=0
shrinkage=0.1


Tree=20
num_leaves=8
num_cat=0
split_feature=72 22 5 16 37 1 68
split_gain=20.2325 14.0349 12.7693 10.496 8.69535 6.79185 6.70462
threshold=1.5890269151739729 0.89587973461402759 3.4334666422309414 3.3667009459186801 6.5820097919365113 1.4978661367769956 1.0397207708399181
decision_type=2 2 2 2 2 2 2
left_child=1 2 -1 5 -5 -2 -3
right_child=3 6 -4 4 -6 -7 -8
leaf_value=-0.031322372874075716 -0.046429450981892079 -0.085128351219970255 0.058175384666770705 0.030707025882433417 -0.035257364352318375 0.0066701971511873934 -0.023732398488912093
leaf_weight=44 39 46 25 218 22 63 29
leaf_count=44 39 46 25 218 22 63 29
internal_value=0 -0.0314441 0.00110435 0.0132396 0.0246603 -0.0136326 -0.0613886
internal_weight=0 144 69 342 240 102 75
internal_count=486 144 69 342 240 102 75
is_linear=0
shrinkage=0.1


Tree=21
num_leaves=7
num_cat=0
split_feature=8 53 7 4 33 6
split_gain=17.3769 12.2597 19.358 8.99196 4.78707 2.77097
threshold=3.9701138825728512 5.7004379805808041 3.8064155152036787 5.1179758838799021 7.161294183719888 5.379886735236628
decision_type=2 2 2 2 2 2
left_child=1 2 -1 -3 5 -2
right_child=4 3 -4 -5 -6 -7
leaf_value=-0.020525555584274047 0.043434346261505122 -0.095239684300432947 0.041817227570396485 -0.009317833229544617 -0.015193490063150725 0.014373726007875568
leaf_weight=203 92 29 66 21 24 51
leaf_count=203 92 29 66 21 24 51
internal_value=0 -0.0136814 -0.00522956 -0.0591525 0.026134 0.0330701
internal_weight=0 319 269 50 167 143
internal_count=486 319 269 50 167 143
is_linear=0
shrinkage=0.1


Tree=22
num_leaves=7
num_cat=0
split_feature=72 30 15 66 76 13
split_gain=15.1009 11.7707 7.69801 12.1886 8.5169 6.20988
threshold=1.5890269151739729 1.2424533248940004 3.9219243190762363 3.2951505240983434 3.5549397315361362 4.9015572891946713
decision_type=2 2 2 2 2 2
left_child=1 -1 4 -4 -2 -3
right_child=2 5 3 -5 -6 -7
leaf_value=0.023289026277405877 0.021756861264055426 -0.058413751207244326 0.084551439937994091 0.013781549508172659 -0.030350980017659547 -0.0055050854661291646
leaf_weight=35 55 78 28 186 73 31
leaf_count=35 55 78 28 186 73 31
internal_value=0 -0.0271654 0.0114381 0.0230412 -0.00796089 -0.0433663
internal_weight=0 144 342 214 128 109
internal_count=486 144 342 214 128 109
is_linear=0
shrinkage=0.1


Tree=23
num_leaves=7
num_cat=0
split_feature=73 41 74 70 72 72
split_gain=13.2104 7.30123 7.19991 7.23005 5.35536 4.09506
threshold=3.4960482137079443 1.0397207708399181 2.524928003624769 3.891612008168019 5.742920998280244 1.0397207708399181
decision_type=2 2 2 2 2 2
left_child=1 -1 3 -2 -4 -3
right_child=2 5 4 -5 -6 -7
leaf_value=0.017862510130457258 0.02595000109004398 -0.060879338615840044 0.066377336225088901 -0.0071548115960035135 0.0078813367105763539 -0.011507951840758325
leaf_weight=23 93 56 34 227 29 24
leaf_count=23 93 56 34 227 29 24
internal_value=0 -0.0317922 0.00854986 0.00246627 0.0394506 -0.0460679
internal_weight=0 103 383 320 63 80
internal_count=486 103 383 320 63 80
is_linear=0
shrinkage=0.1


Tree=24
num_leaves=6
num_cat=0
split_feature=0 55 73 65 72
split_gain=11.85 14.6227 8.96244 3.66772 3.28089
threshold=5.0434043048315838 5.6801667848034825 3.4960482137079443 4.0773937863842606 5.2932921986212866
decision_type=2 2 2 2 2
left_child=1 2 -1 -2 -5
right_child=3 -3 -4 4 -6
leaf_value=-0.031299288793477223 -0.013684059892381943 -0.09072189661452458 0.0056418472716991269 0.051087827030569313 0.017237210282082881
leaf_weight=91 21 21 236 50 67
leaf_count=91 21 21 236 50 67
internal_value=0 -0.0098331 -0.00463841 0.0247965 0.0317033
internal_weight=0 348 327 138 117
internal_count=486 348 327 138 117
is_linear=0
shrinkage=0.1


Tree=25
num_leaves=7
num_cat=0
split_feature=71 80 13 2 72 69
split_gain=10.0774 9.41507 8.65948 8.29679 5.58777 6.9586
threshold=5.2522597220941352 3.6242520361853052 4.9697891863402415 1.7917594692280554 5.9687042894570785 3.2769667020129059
decision_type=2 2 2 2 2 2
left_child=1 3 -3 -1 5 -2
right_child=4 2 -4 -5 -6 -7
leaf_value=-0.065660488338250181 -0.026171163331579279 -0.0071676290554610351 0.057162309325886541 -0.014008791424566881 -0.030020320912202199 0.02841354149112036
leaf_weight=46 27 93 27 96 24 173
leaf_count=46 27 93 27 96 24 173
internal_value=0 -0.0133146 0.00730661 -0.030741 0.0155734 0.0210446
internal_weight=0 262 120 142 224 200
internal_count=486 262 120 142 224 200
is_linear=0
shrinkage=0.1


Tree=26
num_leaves=7
num_cat=0
split_feature=71 80 46 19 72 80
split_gain=8.7468 7.58871 8.93851 7.59483 5.0966 2.58459
threshold=6.5235353518844255 3.6242520361853052 4.5215522263001349 2.1383330595080277 5.9687042894570785 2.4414009612931857
decision_type=2 2 2 2 2 2
left_child=1 2 -1 -3 5 -2
right_child=4 3 -4 -5 -6 -7
leaf_value=-0.03016568931045573 0.054774413067433574 -0.027329151150889887 0.012546622349570194 0.023794289552524949 -0.014975289458578284 0.016077866482581676
leaf_weight=169 45 39 69 114 22 28
leaf_count=169 45 39 69 114 22 28
internal_value=0 -0.00661272 -0.0177827 0.0107628 0.0272166 0.0399319
internal_weight=0 391 238 153 95 73
internal_count=486 391 238 153 95 73
is_linear=0
shrinkage=0.1


Tree=27
num_leaves=6
num_cat=0
split_feature=8 65 13 50 6
split_gain=7.21136 7.39358 5.72178 4.88737 2.63107
threshold=4.2413008733233104 5.6801667848034825 1.0397207708399181 6.1158896889367904 5.3032925319746216
decision_type=2 2 2 2 2
left_child=1 2 -1 4 -2
right_child=3 -3 -4 -5 -6
leaf_value=0.033315693748158376 0.045615446017057242 -0.063613181070170624 -0.0084101393720654605 -0.011621309646094841 0.012275425749035871
leaf_weight=37 56 22 294 36 41
leaf_count=37 56 22 294 36 41
internal_value=0 -0.00747703 -0.00374592 0.019845 0.0315233
internal_weight=0 353 331 133 97
internal_count=486 353 331 133 97
is_linear=0
shrinkage=0.1


Tree=28
num_leaves=6
num_cat=0
split_feature=74 12 58 23 72
split_gain=6.78004 5.51895 9.05817 5.79837 3.16127
threshold=2.524928003624769 5.1238931127034038 4.007167868649713 6.8606438933584526 5.5721468034537072
decision_type=2 2 2 2 2
left_child=1 2 -1 -3 -2
right_child=4 3 -4 -5 -6
leaf_value=-0.0043024932791672224 0.057327763236557638 0.025725229706925652 -0.052375191790254218 -0.031545041458130904 0.011827511345413891
leaf_weight=265 26 90 46 22 37
leaf_count=265 26 90 46 22 37
internal_value=0 -0.00455825 -0.0114129 0.0144757 0.0306054
internal_weight=0 423 311 112 63
internal_count=486 423 311 112 63
is_linear=0
shrinkage=0.1


Tree=29
num_leaves=6
num_cat=0
split_feature=11 56 38 73 49
split_gain=6.36707 9.10473 4.46712 4.28034 4.69751
threshold=3.2951505240983434 0.89587973461402759 1.4978661367769956 3.4334666422309414 6.4565613656295566
decision_type=2 2 2 2 2
left_child=1 -1 -3 -2 -5
right_child=3 2 -4 4 -6
leaf_value=0.036432724773883818 -0.023566996871959418 -0.014674438762345485 -0.055625948457177304 0.014545128508363462 -0.034450650818291163
leaf_weight=25 40 70 43 287 21
leaf_count=25 40 70 43 287 21
internal_value=0 -0.0181761 -0.0302578 0.00720778 0.0112045
internal_weight=0 138 113 348 308
internal_count=486 138 113 348 308
is_linear=0
shrinkage=0.1


Tree=30
num_leaves=7
num_cat=0
split_feature=16 13 79 77 17 9
split_gain=5.37033 5.72197 6.4875 1.51985 2.56965 0.969643
threshold=4.7790881836238563 1.0397207708399181 3.9019216517693867 2.249904835165133 5.4636881475041514 6.1569700081995915
decision_type=2 2 2 2 2 2
left_child=1 -1 -3 5 -5 -2
right_child=3 2 -4 4 -6 -7
leaf_value=0.031265486079595381 0.016791138895565556 -0.014151307353902548 0.03984710788354278 0.028119883213091543 -0.0091493782511836777 0.045938903518021108
leaf_weight=37 21 305 24 37 37 25
leaf_count=37 21 305 24 37 37 25
internal_value=0 -0.00601911 -0.0102122 0.0183583 0.00948525 0.0326323
internal_weight=0 366 329 120 74 46
internal_count=486 366 329 120 74 46
is_linear=0
shrinkage=0.1


Tree=31
num_leaves=8
num_cat=0
split_feature=72 22 5 70 71 70 16
split_gain=4.8534 8.47912 9.23393 6.69887 7.37915 3.96055 3.75505
threshold=1.5890269151739729 0.89587973461402759 3.4334666422309414 3.891612008168019 5.5373032659954937 2.191013317336941 3.3667009459186801
decision_type=2 2 2 2 2 2 2
left_child=1 2 -1 6 -5 -3 -2
right_child=3 5 -4 4 -6 -7 -8
leaf_value=-0.017676543097265743 0.012217952597088048 -0.073228429776170986 0.058429894853383305 -0.019877208582217899 0.013084197360456788 -0.023392456207567684 0.06400768216034132
leaf_weight=44 28 23 25 111 175 52 28
leaf_count=44 28 23 25 111 175 52 28
internal_value=0 -0.0154006 0.00989825 0.00648445 0.000291484 -0.0386755 0.0381128
internal_weight=0 144 69 342 286 75 56
internal_count=486 144 69 342 286 75 56
is_linear=0
shrinkage=0.1


Tree=32
num_leaves=7
num_cat=0
split_feature=71 80 19 19 72 29
split_gain=4.15095 5.40836 6.62428 5.19744 4.13159 1.67634
threshold=6.5235353518844255 3.6242520361853052 1.4978661367769956 2.1383330595080277 5.9687042894570785 5.0434043048315838
decision_type=2 2 2 2 2 2
left_child=1 2 -1 -3 5 -2
right_child=4 3 -4 -5 -6 -7
leaf_value=0.023132702084258203 0.051195273108780387 -0.021398377256133621 -0.021483774922289558 0.020893366746869951 -0.019238860780288553 0.019261361631409579
leaf_weight=40 25 39 198 114 22 48
leaf_count=40 25 39 198 114 22 48
internal_value=0 -0.00455543 -0.0139852 0.0101131 0.0187492 0.0301976
internal_weight=0 391 238 153 95 73
internal_count=486 391 238 153 95 73
is_linear=0
shrinkage=0.1


Tree=33
num_leaves=6
num_cat=0
split_feature=24 33 13 49 76
split_gain=4.1867 9.7972 7.34442 4.52733 2.37035
threshold=1.7005986908310777 5.7333360402263844 4.8751681865209777 6.4565613656295566 3.1345481418531311
decision_type=2 2 2 2 2
left_child=1 2 -1 4 -2
right_child=3 -3 -4 -5 -6
leaf_value=-0.01079224569400759 0.042954176760488946 -0.061304561148087189 0.026097976498478028 -0.031255276412481353 0.012038392861253553
leaf_weight=207 31 30 73 21 124
leaf_count=207 31 30 73 21 124
internal_value=0 -0.00699348 -0.00117444 0.0123181 0.0182215
internal_weight=0 310 280 176 155
internal_count=486 310 280 176 155
is_linear=0
shrinkage=0.1


Tree=34
num_leaves=6
num_cat=0
split_feature=65 79 6 39 19
split_gain=3.628 7.67791 6.24994 8.71541 6.05641
threshold=2.249904835165133 3.7494348669884658 4.6539149966267201 2.6735537653587347 1.4978661367769956
decision_type=2 2 2 2 2
left_child=2 4 3 -1 -2
right_child=1 -3 -4 -5 -6
leaf_value=-0.023782823827845613 0.050631005113775086 0.046475994948116023 -0.063248274138286001 0.028608517965010835 -0.0039717144330190324
leaf_weight=87 22 41 21 50 265
leaf_count=87 22 41 21 50 265
internal_value=0 0.00599663 -0.0124487 -0.0046619 0.00021386
internal_weight=0 328 158 137 287
internal_count=486 328 158 137 287
is_linear=0
shrinkage=0.1


Tree=35
num_leaves=5
num_cat=0
split_feature=74 80 12 72
split_gain=3.7835 3.62446 5.09497 2.33792
threshold=2.524928003624769 1.8688348091416842 5.1238931127034038 5.742920998280244
decision_type=2 2 2 2
left_child=1 -1 -3 -2
right_child=3 2 -4 -5
leaf_value=-0.03885518407656087 0.040653902556582855 -0.0074045382193289704 0.019063514164493731 0.0020041850074354948
leaf_weight=27 34 300 96 29
leaf_count=27 34 300 96 29
internal_value=0 -0.00340509 -0.000988041 0.0228628
internal_weight=0 423 396 63
internal_count=486 423 396 63
is_linear=0
shrinkage=0.1


Tree=36
num_leaves=7
num_cat=0
split_feature=73 69 19 70 43 65
split_gain=3.27049 4.56808 4.79809 3.71295 6.87419 5.78323
threshold=3.4334666422309414 3.2180751841847144 2.3502401828962087 3.891612008168019 4.4187680230537838 2.4414009612931857
decision_type=2 2 2 2 2 2
left_child=1 2 -1 4 -2 -5
right_child=3 -3 -4 5 -6 -7
leaf_value=-0.0039011962034485557 0.058175936329996951 0.014863119641813683 -0.057428500521928078 -0.022715124228362291 0.0018356357804603048 0.0078806131766961506
leaf_weight=33 33 32 34 89 63 202
leaf_count=33 33 32 34 89 63 202
internal_value=0 -0.0162191 -0.0310643 0.00414907 0.0212026 -0.00147685
internal_weight=0 99 67 387 96 291
internal_count=486 99 67 387 96 291
is_linear=0
shrinkage=0.1


Tree=37
num_leaves=6
num_cat=0
split_feature=71 6 10 6 66
split_gain=3.06907 5.95157 6.71472 3.64488 3.00508
threshold=5.2522597220941352 4.3943729409690677 5.003923783930186 5.9738063745441989 3.3667009459186801
decision_type=2 2 2 2 2
left_child=1 2 -1 4 -2
right_child=3 -3 -4 -5 -6
leaf_value=-0.0070710147274704888 0.033980480600148438 -0.043387847363304061 0.048922050325199966 -0.031065947846287773 0.0057417620002334704
leaf_weight=199 50 39 24 21 153
leaf_count=199 50 39 24 21 153
internal_value=0 -0.00734782 -0.00104486 0.00859432 0.0126971
internal_weight=0 262 223 224 203
internal_count=486 262 223 224 203
is_linear=0
shrinkage=0.1


Tree=38
num_leaves=4
num_cat=0
split_feature=13 73 39
split_gain=2.98665 5.10211 3.33433
threshold=1.0397207708399181 1.9356005054539456 1.0397207708399181
decision_type=2 2 2
left_child=-1 -2 -3
right_child=1 2 -4
leaf_value=0.027308404284554562 -0.040731219400186092 -0.029800567550189568 0.0033239758484342021
leaf_weight=37 32 33 384
leaf_count=37 32 33 384
internal_value=0 -0.00225036 0.000702609
internal_weight=0 449 417
internal_count=486 449 417
is_linear=0
shrinkage=0.1


Tree=39
num_leaves=6
num_cat=0
split_feature=74 80 0 11 56
split_gain=2.85378 3.40372 5.78921 3.78687 1.83246
threshold=2.524928003624769 3.6242520361853052 5.0434043048315838 1.0397207708399181 3.7609296261008152
decision_type=2 2 2 2 2
left_child=1 2 -1 -3 -2
right_child=4 3 -4 -5 -6
leaf_value=-0.019900017200999862 0.043138421760787346 0.048483648905087086 0.011105362659113275 0.0027171983096139652 0.0073629955056963908
leaf_weight=182 22 21 90 130 41
leaf_count=182 22 21 90 130 41
internal_value=0 -0.00295728 -0.00964088 0.00908207 0.019856
internal_weight=0 423 272 151 63
internal_count=486 423 272 151 63
is_linear=0
shrinkage=0.1


Tree=40
num_leaves=5
num_cat=0
split_feature=13 13 37 59
split_gain=2.43118 4.13809 5.89914 4.26957
threshold=1.0397207708399181 3.6105525490912482 1.5890269151739731 3.1132683346437333
decision_type=2 2 2 2
left_child=-1 3 -3 -2
right_child=1 2 -4 -5
leaf_value=0.024638436637768473 -0.045476706502959131 0.037678349056712745 -0.0024378472987583951 0.0093694987452842982
leaf_weight=37 40 41 346 22
leaf_count=37 40 41 346 22
internal_value=0 -0.00203034 0.00181219 -0.0260151
internal_weight=0 449 387 62
internal_count=486 449 387 62
is_linear=0
shrinkage=0.1


Tree=41
num_leaves=7
num_cat=0
split_feature=69 15 41 70 71 68
split_gain=2.5228 6.53327 5.91179 3.36048 5.96312 4.57433
threshold=2.3937458713910238 3.6632328069201612 5.2363853729368453 3.9701138825728512 5.4595764601916565 2.8314802400679731
decision_type=2 2 2 2 2 2
left_child=1 2 -1 5 -5 -2
right_child=3 -3 -4 4 -6 -7
leaf_value=-0.011978602925823494 0.008266835062531756 -0.046183509174256759 0.047878770073029125 -0.022528700919800929 0.0091733605617897989 0.060542246191339057
leaf_weight=66 70 39 22 89 178 22
leaf_count=66 70 39 22 89 178 22
internal_value=0 -0.0121135 0.00298574 0.00428527 -0.00139399 0.0207675
internal_weight=0 127 88 359 267 92
internal_count=486 127 88 359 267 92
is_linear=0
shrinkage=0.1


Tree=42
num_leaves=8
num_cat=0
split_feature=72 22 5 70 65 61 68
split_gain=2.2255 5.48324 6.15134 4.05172 3.14964 3.05465 2.67681
threshold=1.5890269151739729 1.4978661367769956 3.4334666422309414 3.891612008168019 2.4414009612931857 3.4175922930736511 1.0397207708399181
decision_type=2 2 2 2 2 2 2
left_child=1 2 -1 5 -5 -2 -3
right_child=3 6 -4 4 -6 -7 -8
leaf_value=-0.011631990534286681 0.0064531676728149939 -0.049274218503973989 0.048025275841355325 -0.016428778284272656 0.0064561320093343968 0.053193702707412076 -0.0071417349493131041
leaf_weight=56 29 38 25 86 200 27 25
leaf_count=56 29 38 25 86 200 27 25
internal_value=0 -0.0104286 0.00678075 0.004391 -0.000425345 0.0289888 -0.032555
internal_weight=0 144 81 342 286 56 63
internal_count=486 144 81 342 286 56 63
is_linear=0
shrinkage=0.1


Tree=43
num_leaves=5
num_cat=0
split_feature=73 69 42 67
split_gain=2.24187 4.21762 2.30742 2.94522
threshold=1.9356005054539456 3.1345481418531311 6.1632062049841245 6.3851247223965801
decision_type=2 2 2 2
left_child=1 -1 3 -2
right_child=2 -3 -4 -5
leaf_value=-0.043061567939096886 0.0060927054543134336 0.014980768926796459 -0.029984856388043792 -0.030002828625341257
leaf_weight=31 389 21 21 24
leaf_count=31 389 21 21 24
internal_value=0 -0.0196214 0.00235095 0.00399514
internal_weight=0 52 434 413
internal_count=486 52 434 413
is_linear=0
shrinkage=0.1


Tree=44
num_leaves=5
num_cat=0
split_feature=74 80 12 36
split_gain=2.37903 3.19233 3.30356 2.03832
threshold=2.602003343538398 1.8688348091416842 5.1238931127034038 4.4601277074540464
decision_type=2 2 2 2
left_child=1 -1 -3 -2
right_child=3 2 -4 -5
leaf_value=-0.033987068062027302 0.044017633636082923 -0.005377113245438438 0.015681027920182909 0.0046094576834834053
leaf_weight=30 21 301 99 35
leaf_count=30 21 301 99 35
internal_value=0 -0.00252489 -0.000165223 0.0193875
internal_weight=0 430 400 56
internal_count=486 430 400 56
is_linear=0
shrinkage=0.1


Tree=45
num_leaves=8
num_cat=0
split_feature=80 0 46 56 27 2 67
split_gain=1.96418 4.05467 5.76569 3.14965 5.12911 4.01343 2.97951
threshold=3.7256208424938388 5.1416464569318583 3.7012257604091228 2.524928003624769 3.1984648276080736 1.7005986908310777 4.6539149966267201
decision_type=2 2 2 2 2 2 2
left_child=1 2 -1 5 -5 -2 -3
right_child=3 6 -4 4 -6 -7 -8
leaf_value=0.00050720359351040815 -0.032087612954963894 0.042266725823283197 -0.031280396666817284 0.061537617225199938 0.0037975227506831287 0.022019422512788041 0.003379959758729123
leaf_weight=159 29 25 89 25 40 26 93
leaf_count=159 29 25 89 25 40 26 93
internal_value=0 -0.00364018 -0.0109004 0.0111025 0.0260053 -0.00650974 0.0116187
internal_weight=0 366 248 120 65 55 118
internal_count=486 366 248 120 65 55 118
is_linear=0
shrinkage=0.1


Tree=46
num_leaves=5
num_cat=0
split_feature=74 80 13 72
split_gain=1.95076 2.44325 2.40012 1.30692
threshold=2.524928003624769 1.8688348091416842 4.8751681865209777 5.5721468034537072
decision_type=2 2 2 2
left_child=1 -1 -3 -2
right_child=3 2 -4 -5
leaf_value=-0.031550814783959477 0.033598428527609657 -0.0077134111824770507 0.007896025204567907 0.0043429013052200148
leaf_weight=27 26 212 184 37
leaf_count=27 26 212 184 37
internal_value=0 -0.00244503 -0.000460542 0.0164166
internal_weight=0 423 396 63
internal_count=486 423 396 63
is_linear=0
shrinkage=0.1


Tree=47
num_leaves=4
num_cat=0
split_feature=13 10 73
split_gain=1.96038 3.30551 2.48108
threshold=1.0397207708399181 1.9356005054539456 1.9356005054539456
decision_type=2 2 2
left_child=-1 -2 -3
right_child=1 2 -4
leaf_value=0.022124535675991226 -0.035744322036151535 -0.028980735827375342 0.0023518195621377519
leaf_weight=37 27 27 395
leaf_count=37 27 27 395
internal_value=0 -0.00182318 0.00034713
internal_weight=0 449 422
internal_count=486 449 422
is_linear=0
shrinkage=0.1


Tree=48
num_leaves=5
num_cat=0
split_feature=6 70 22 80
split_gain=1.90879 2.671 4.11765 1.79672
threshold=5.9738063745441989 5.4160905255636633 5.6664207015582333 2.3502401828962087
decision_type=2 2 2 2
left_child=1 2 -1 -3
right_child=-2 3 -4 -5
leaf_value=0.00028399719203460135 -0.029490224857415471 0.031417463715611535 -0.045269984295148225 0.0021339253138285131
leaf_weight=360 21 44 21 40
leaf_count=360 21 44 21 40
internal_value=0 0.00133182 -0.00222685 0.0174729
internal_weight=0 465 381 84
internal_count=486 465 381 84
is_linear=0
shrinkage=0.1


Tree=49
num_leaves=6
num_cat=0
split_feature=37 73 44 2 50
split_gain=1.76034 5.54896 2.8828 3.98379 3.86802
threshold=1.0397207708399181 4.4187680230537838 0.8958797346140277 3.3667009459186801 3.6105525490912482
decision_type=2 2 2 2 2
left_child=1 -1 3 -2 -4
right_child=2 -3 4 -5 -6
leaf_value=-0.0087250181021434926 -0.0029412044013884886 0.054504783532541734 0.032630172418430449 -0.038638232136145235 -0.00099876686857650206
leaf_weight=35 108 23 40 44 236
leaf_count=35 108 23 40 44 236
internal_value=0 0.0163489 -0.0022155 -0.0132746 0.00387499
internal_weight=0 58 428 152 276
internal_count=486 58 428 152 276
is_linear=0
shrinkage=0.1


Tree=50
num_leaves=6
num_cat=0
split_feature=16 42 51 76 72
split_gain=1.64405 3.03915 4.13784 0.99031 0.819575
threshold=5.379886735236628 5.7853518433447926 6.5482149976889135 5.3706272113530096 5.2932921986212866
decision_type=2 2 2 2 2
left_child=1 2 -1 4 -2
right_child=3 -3 -4 -5 -6
leaf_value=-0.0035284810805295977 0.019918831189473473 -0.039472988981842289 0.033464920740913263 0.030081686086952688 -0.00687862046994269
leaf_weight=361 21 21 33 25 25
leaf_count=361 21 21 33 25 25
internal_value=0 -0.00240572 -0.000430049 0.0140616 0.005355
internal_weight=0 415 394 71 46
internal_count=486 415 394 71 46
is_linear=0
shrinkage=0.1


Tree=51
num_leaves=5
num_cat=0
split_feature=6 70 22 80
split_gain=1.65344 2.19473 3.22579 1.3695
threshold=5.9738063745441989 5.4160905255636633 5.6664207015582333 2.3502401828962087
decision_type=2 2 2 2
left_child=1 2 -1 -3
right_child=-2 3 -4 -5
leaf_value=0.00023606700913256242 -0.027446837634557769 0.028045296265256849 -0.040083849506585729 0.0024791822032420897
leaf_weight=360 21 44 21 40
leaf_count=360 21 44 21 40
internal_value=0 0.00123953 -0.00198629 0.015871
internal_weight=0 465 381 84
internal_count=486 465 381 84
is_linear=0
shrinkage=0.1


Tree=52
num_leaves=8
num_cat=0
split_feature=80 56 36 0 46 2 67
split_gain=1.66143 3.6925 5.17451 2.83482 4.65807 2.68745 2.2793
threshold=3.7494348669884658 2.524928003624769 3.8499212036984933 5.1416464569318583 3.7012257604091228 1.4978661367769956 4.7273486598447958
decision_type=2 2 2 2 2 2 2
left_child=3 5 -3 4 -1 -2 -5
right_child=1 2 -4 6 -6 -7 -8
leaf_value=0.00081076574272024432 -0.032582615546882153 0.062209780681878324 0.0029884274945490893 0.035794034700554152 -0.027411396086422936 0.013785064762458206 0.0022618883696850392
leaf_weight=167 25 25 36 26 90 25 92
leaf_count=167 25 25 36 26 90 25 92
internal_value=0 0.0107467 0.0272595 -0.00318104 -0.00907248 -0.00939878 0.00965033
internal_weight=0 111 61 375 257 50 118
internal_count=486 111 61 375 257 50 118
is_linear=0
shrinkage=0.1


Tree=53
num_leaves=4
num_cat=0
split_feature=13 10 16
split_gain=1.57975 2.61611 2.19424
threshold=1.0397207708399181 1.9356005054539456 1.4978661367769959
decision_type=2 2 2
left_child=-1 -2 -3
right_child=1 2 -4
leaf_value=0.019860897218254774 -0.031813851495583849 0.023905876628123227 -0.0019080072215521817
leaf_weight=37 27 36 386
leaf_count=37 27 36 386
internal_value=0 -0.00163664 0.000294125
internal_weight=0 449 422
internal_count=486 449 422
is_linear=0
shrinkage=0.1


Tree=54
num_leaves=6
num_cat=0
split_feature=16 30 2 40 70
split_gain=1.45216 6.00047 4.87405 3.63429 2.23489
threshold=3.7012257604091228 4.8201514758423682 1.7917594692280554 3.6105525490912482 5.1532748880139918
decision_type=2 2 2 2 2
left_child=1 2 -1 -2 -5
right_child=3 -3 -4 4 -6
leaf_value=-0.014601923291308758 0.039327506799184321 -0.056583771863508797 0.015227509341519146 -0.0096301302359014466 0.010692841455078962
leaf_weight=117 28 21 103 103 114
leaf_count=117 28 21 103 103 114
internal_value=0 -0.00551141 -0.000636325 0.00542143 0.00104645
internal_weight=0 241 220 245 217
internal_count=486 241 220 245 217
is_linear=0
shrinkage=0.1


Tree=55
num_leaves=6
num_cat=0
split_feature=6 72 20 77 27
split_gain=1.42078 5.79046 5.33399 4.2023 2.16431
threshold=3.8499212036984933 3.0433873634561537 1.2424533248940004 3.6505739029280164 6.5820097919365113
decision_type=2 2 2 2 2
left_child=2 -2 -1 -4 -3
right_child=1 4 3 -5 -6
leaf_value=0.043727007368579512 -0.047052747679167783 0.0033955373684339193 -0.011150899216673732 0.020951321763826199 -0.028251504424648983
leaf_weight=32 29 217 123 61 24
leaf_count=32 29 217 123 61 24
internal_value=0 -0.00483605 0.00604507 -0.000508315 0.000243965
internal_weight=0 270 216 184 241
internal_count=486 270 216 184 241
is_linear=0
shrinkage=0.1


Tree=56
num_leaves=6
num_cat=0
split_feature=65 30 69 6 39
split_gain=1.43094 5.06658 6.61801 3.50112 4.04185
threshold=2.249904835165133 2.4414009612931857 1.0397207708399181 4.6539149966267201 2.6735537653587347
decision_type=2 2 2 2 2
left_child=3 -2 -3 4 -1
right_child=1 2 -4 -5 -6
leaf_value=-0.015011339207533107 0.050118170610883021 -0.041865215080818446 0.0055465544098493519 -0.04583928448458513 0.020667089037597182
leaf_weight=87 22 33 273 21 50
leaf_count=87 22 33 273 21 50
internal_value=0 0.00376603 0.00043352 -0.00781808 -0.00199002
internal_weight=0 328 306 158 137
internal_count=486 328 306 158 137
is_linear=0
shrinkage=0.1


Tree=57
num_leaves=5
num_cat=0
split_feature=37 2 17 23
split_gain=1.30636 4.46385 2.44737 2.10632
threshold=1.0397207708399181 2.9174053685313028 1.0397207708399181 1.9356005054539456
decision_type=2 2 2 2
left_child=1 -1 -2 -4
right_child=2 -3 3 -5
leaf_value=-0.013658326421061469 -0.033640133350601668 0.041826058692973234 0.028627187044670183 -0.0019165188028890238
leaf_weight=29 23 29 24 381
leaf_count=29 23 29 24 381
internal_value=0 0.0140839 -0.00190856 -0.000106521
internal_weight=0 58 428 405
internal_count=486 58 428 405
is_linear=0
shrinkage=0.1


Tree=58
num_leaves=7
num_cat=0
split_feature=71 6 80 13 66 35
split_gain=1.35641 3.63225 4.40305 3.85551 2.24613 3.0797
threshold=5.2728812013611597 3.8499212036984933 3.6505739029280164 1.0397207708399181 3.0201273556387074 4.3943729409690677
decision_type=2 2 2 2 2 2
left_child=1 3 -3 -1 -2 -6
right_child=4 2 -4 -5 5 -7
leaf_value=0.039184816151857378 0.027949479124263717 -0.047980297981081783 0.00017569434160414417 -0.0029230538175669973 -0.024521184385426949 0.0078472175540962637
leaf_weight=25 38 37 39 167 37 143
leaf_count=25 38 37 39 167 37 143
internal_value=0 -0.00476473 -0.0232687 0.00255974 0.00585756 0.00119371
internal_weight=0 268 76 192 218 180
internal_count=486 268 76 192 218 180
is_linear=0
shrinkage=0.1


Tree=59
num_leaves=6
num_cat=0
split_feature=63 37 69 4 67
split_gain=1.36284 4.10661 4.52228 2.8619 2.21574
threshold=4.1742689126930488 1.5890269151739731 1.5890269151739729 3.6505739029280164 5.192895118684441
decision_type=2 2 2 2 2
left_child=3 -2 -3 4 -1
right_child=1 2 -4 -5 -6
leaf_value=-0.024889588821679354 0.033855053018300961 -0.031091104924590107 0.0041650283580298387 0.017981394897064858 0.0098565140622667979
leaf_weight=78 39 42 272 31 24
leaf_count=78 39 42 272 31 24
internal_value=0 0.00325045 -0.00055076 -0.00862713 -0.016714
internal_weight=0 353 314 133 102
internal_count=486 353 314 133 102
is_linear=0
shrinkage=0.1


Tree=60
num_leaves=5
num_cat=0
split_feature=6 71 6 20
split_gain=1.3582 1.72547 2.96596 1.69628
threshold=5.9738063745441989 5.2728812013611597 3.8499212036984933 5.3423228052093945
decision_type=2 2 2 2
left_child=1 2 -1 -3
right_child=-2 3 -4 -5
leaf_value=0.0025194470549953015 -0.02487602539005734 0.015982436591654953 -0.020820116362607988 -0.0028761861233592588
leaf_weight=192 21 116 76 81
leaf_count=192 21 116 76 81
internal_value=0 0.00112343 -0.00409924 0.00822838
internal_weight=0 465 268 197
internal_count=486 465 268 197
is_linear=0
shrinkage=0.1


Tree=61
num_leaves=5
num_cat=0
split_feature=60 66 66 4
split_gain=1.26558 2.62486 4.22784 1.39144
threshold=6.3645714978563017 4.7790881836238563 3.891612008168019 5.609465086342035
decision_type=2 2 2 2
left_child=1 2 -1 -3
right_child=-2 3 -4 -5
leaf_value=0.003606550827108001 -0.022895664863450373 0.024812159903587833 -0.020937276348419628 -0.0014221408249189458
leaf_weight=277 23 62 94 30
leaf_count=277 23 62 94 30
internal_value=0 0.00113737 -0.0026121 0.0162575
internal_weight=0 463 371 92
internal_count=486 463 371 92
is_linear=0
shrinkage=0.1


Tree=62
num_leaves=6
num_cat=0
split_feature=39 5 35 37 72
split_gain=1.17631 5.15482 3.96344 4.88534 2.90832
threshold=1.0397207708399181 3.3667009459186801 1.0397207708399181 1.5890269151739731 1.0397207708399181
decision_type=2 2 2 2 2
left_child=1 -1 3 -2 -4
right_child=2 -3 4 -5 -6
leaf_value=-0.045076160698577214 0.056127963348158776 0.015642187654458243 -0.023275688757950611 -0.0014974004033231928 0.0016406083066728191
leaf_weight=27 28 29 55 31 316
leaf_count=27 28 29 55 31 316
internal_value=0 -0.0136327 0.00177543 0.0258502 -0.00205318
internal_weight=0 56 430 59 371
internal_count=486 56 430 59 371
is_linear=0
shrinkage=0.1


Tree=63
num_leaves=6
num_cat=0
split_feature=65 45 47 41 71
split_gain=1.20888 3.85545 2.88733 3.86391 2.7051
threshold=2.249904835165133 2.3502401828962087 3.6632328069201612 1.0397207708399181 4.6346818562128229
decision_type=2 2 2 2 2
left_child=2 -2 3 -1 -3
right_child=1 4 -4 -5 -6
leaf_value=0.03199289064588292 0.03587713234803893 -0.014058860618327011 -0.036314002780376803 -0.0099449263703004984 0.0064351000091992325
leaf_weight=28 33 95 28 102 200
leaf_count=28 33 95 28 102 200
internal_value=0 0.0034615 -0.00718591 -0.000912166 -0.00016465
internal_weight=0 328 158 130 295
internal_count=486 328 158 130 295
is_linear=0
shrinkage=0.1


Tree=64
num_leaves=5
num_cat=0
split_feature=6 11 56 23
split_gain=1.10008 1.55833 3.46209 3.19327
threshold=5.9738063745441989 5.0167313144789381 3.7609296261008152 5.1179758838799021
decision_type=2 2 2 2
left_child=1 3 -3 -1
right_child=-2 2 -4 -5
leaf_value=1.1475666331640188e-05 -0.022387809022551493 0.029902136434947015 0.00027424912001026378 -0.033483628787551865
leaf_weight=207 21 51 174 33
leaf_count=207 21 51 174 33
internal_value=0 0.00101106 0.0069899 -0.0045941
internal_weight=0 465 225 240
internal_count=486 465 225 240
is_linear=0
shrinkage=0.1


Tree=65
num_leaves=4
num_cat=0
split_feature=16 32 42
split_gain=1.13342 2.25214 3.06289
threshold=5.8435402162155627 5.742920998280244 5.4510292435120062
decision_type=2 2 2
left_child=1 2 -1
right_child=-2 -3 -4
leaf_value=-0.0022675545684857452 0.01789243889013023 -0.028773789202283035 0.026486745019579622
leaf_weight=384 33 28 41
leaf_count=384 33 28 41
internal_value=0 -0.00130342 0.00050639
internal_weight=0 453 425
internal_count=486 453 425
is_linear=0
shrinkage=0.1


Tree=66
num_leaves=7
num_cat=0
split_feature=80 61 77 33 60 24
split_gain=1.1007 3.16528 1.68388 6.02614 1.84255 1.51266
threshold=3.795426061844291 3.1567740231385479 2.9174053685313028 5.6311539683276326 6.3645714978563017 0.8958797346140277
decision_type=2 2 2 2 2 2
left_child=2 5 4 -4 -1 -2
right_child=1 -3 3 -5 -6 -7
leaf_value=0.010316773901143834 -0.021425754605824576 0.031450526731518595 -0.00087231939390136539 -0.045265799732361403 -0.020336897156970658 0.012914943172717873
leaf_weight=133 29 39 203 36 23 23
leaf_count=133 29 39 203 36 23 23
internal_value=0 0.00991503 -0.00228422 -0.0075592 0.00579732 -0.0062366
internal_weight=0 91 395 239 156 52
internal_count=486 91 395 239 156 52
is_linear=0
shrinkage=0.1


Tree=67
num_leaves=8
num_cat=0
split_feature=43 30 50 45 69 66 72
split_gain=0.974 2.42096 5.31004 2.2815 2.99632 2.7039 2.02415
threshold=3.9701138825728512 3.6105525490912482 3.2769667020129059 1.0397207708399181 4.465842055365858 2.0126758453675748 1.0397207708399181
decision_type=2 2 2 2 2 2 2
left_child=3 2 -2 5 -5 -1 -3
right_child=1 6 -4 4 -6 -7 -8
leaf_value=-0.012704392087956271 -0.0023382285837718147 -0.021116704881812137 0.052075401083405672 -0.038455416605268661 0.0038207708578556782 0.034523639929565517 0.0019360605202476313
leaf_weight=27 47 45 29 38 30 22 248
leaf_count=27 47 45 29 38 30 22 248
internal_value=0 0.00252082 0.0184249 -0.00795027 -0.0198042 0.00850003 -0.00160447
internal_weight=0 369 76 117 68 49 293
internal_count=486 369 76 117 68 49 293
is_linear=0
shrinkage=0.1


Tree=68
num_leaves=6
num_cat=0
split_feature=6 72 6 10 59
split_gain=0.981865 3.39192 2.58804 2.13487 1.58191
threshold=3.8499212036984933 3.0433873634561537 3.4960482137079443 5.0688844241303981 3.2180751841847144
decision_type=2 2 2 2 2
left_child=2 -2 3 -1 -3
right_child=1 4 -4 -5 -6
leaf_value=-0.0027347677140689549 -0.036331242783765857 0.020208067858986784 0.035985500955333309 0.029738703046156015 -0.0033592628095693031
leaf_weight=169 29 33 24 23 208
leaf_count=169 29 33 24 23 208
internal_value=0 -0.00402025 0.00502531 0.00115528 -0.000132201
internal_weight=0 270 216 192 241
internal_count=486 270 216 192 241
is_linear=0
shrinkage=0.1


Tree=69
num_leaves=4
num_cat=0
split_feature=72 71 78
split_gain=0.965522 1.67893 1.46955
threshold=6.0038840187814424 6.8553815938138829 3.5694334999727624
decision_type=2 2 2
left_child=1 2 -1
right_child=-2 -3 -4
leaf_value=-0.0054432968783492009 -0.020973923412107288 0.021690018077303346 0.0065734867121553025
leaf_weight=263 21 36 166
leaf_count=263 21 36 166
internal_value=0 0.000947209 -0.000793446
internal_weight=0 465 429
internal_count=486 465 429
is_linear=0
shrinkage=0.1


Tree=70
num_leaves=6
num_cat=0
split_feature=65 13 69 47 19
split_gain=0.959186 3.20222 2.57915 2.39156 3.21022
threshold=2.249904835165133 2.7058230259275202 1.0397207708399181 3.6632328069201612 3.3497501700808394
decision_type=2 2 2 2 2
left_child=3 -2 -3 4 -1
right_child=1 2 -4 -5 -6
leaf_value=-0.010978564165102747 0.040862191918755085 -0.025473201017388526 0.0037337962907292087 -0.032910611014813185 0.023312894350443134
leaf_weight=91 21 34 273 28 39
leaf_count=91 21 34 273 28 39
internal_value=0 0.00308336 0.000499145 -0.00640091 -0.000691127
internal_weight=0 328 307 158 130
internal_count=486 328 307 158 130
is_linear=0
shrinkage=0.1


Tree=71
num_leaves=7
num_cat=0
split_feature=63 4 65 52 4 4
split_gain=0.896468 2.99168 2.99698 2.81533 1.90126 1.59935
threshold=4.1742689126930488 3.3140206880897671 1.0397207708399181 0.89587973461402759 3.6505739029280164 1.7005986908310777
decision_type=2 2 2 2 2 2
left_child=4 3 -3 -2 5 -1
right_child=1 2 -4 -5 -6 -7
leaf_value=-0.004537934188578111 0.049882190231056445 -0.038385364125398079 0.00023382704239338636 0.00863208491832782 0.014690763633998653 -0.030913444318409478
leaf_weight=67 21 22 232 78 31 35
leaf_count=67 21 22 232 78 31 35
internal_value=0 0.00263626 -0.00311114 0.0173821 -0.00699698 -0.0135884
internal_weight=0 353 254 99 133 102
internal_count=486 353 254 99 133 102
is_linear=0
shrinkage=0.1


Tree=72
num_leaves=5
num_cat=0
split_feature=60 42 74 56
split_gain=0.848497 1.83529 1.63544 1.5883
threshold=6.3645714978563017 5.4071617168636603 1.4978661367769956 4.8121513051691478
decision_type=2 2 2 2
left_child=1 3 -3 -1
right_child=-2 2 -4 -5
leaf_value=-0.004260863593826208 -0.018747079437193667 0.03460572640012418 0.0032533247114681614 0.014059434862468731
leaf_weight=339 23 28 41 55
leaf_count=339 23 28 41 55
internal_value=0 0.00093128 0.015976 -0.00170346
internal_weight=0 463 69 394
internal_count=486 463 69 394
is_linear=0
shrinkage=0.1


Tree=73
num_leaves=7
num_cat=0
split_feature=66 13 49 61 46 39
split_gain=0.911037 3.81995 3.72498 3.0207 2.80243 2.70506
threshold=3.7012257604091228 4.8751681865209777 3.4334666422309414 4.0773937863842606 4.3882378946731615 3.9607678160667752
decision_type=2 2 2 2 2 2
left_child=1 5 -3 -2 -5 -1
right_child=3 2 -4 4 -6 -7
leaf_value=-0.0092681617193437864 -0.038843289058169597 0.046786874490124843 0.0028487977918324084 -0.017552913678810001 0.0069461472128946088 0.027646191223807959
leaf_weight=145 23 35 43 68 149 23
leaf_count=145 23 35 43 68 149 23
internal_value=0 0.0042765 0.0225646 -0.00438341 -0.000730978 -0.00421441
internal_weight=0 246 78 240 217 168
internal_count=486 246 78 240 217 168
is_linear=0
shrinkage=0.1


Tree=74
num_leaves=4
num_cat=0
split_feature=6 76 42
split_gain=0.849492 1.1782 1.38438
threshold=5.9738063745441989 5.5214289168382038 5.983856964204743
decision_type=2 2 2
left_child=1 2 -1
right_child=-2 -3 -4
leaf_value=0.00091022930377308874 -0.019673349672839756 0.020774369133245534 -0.024831235950643366
leaf_weight=415 21 28 22
leaf_count=415 21 28 22
internal_value=0 0.000888474 -0.00038568
internal_weight=0 465 437
internal_count=486 465 437
is_linear=0
shrinkage=0.1


Tree=75
num_leaves=7
num_cat=0
split_feature=25 0 7 69 11 55
split_gain=0.829197 4.44778 3.94258 1.78098 2.18064 1.40145
threshold=1.0397207708399181 3.5694334999727624 1.8688348091416844 2.3937458713910238 5.3423228052093945 2.0126758453675748
decision_type=2 2 2 2 2 2
left_child=1 2 -1 4 -2 -5
right_child=3 -3 -4 5 -6 -7
leaf_value=0.0035329338030091356 -0.028385985889757166 -0.023225888099160888 0.053081779138973134 -0.012609041258061338 0.0070071593133939642 0.0045124856134255735
leaf_weight=42 49 31 26 59 27 252
leaf_count=42 49 31 26 59 27 252
internal_value=0 0.00816674 0.0224781 -0.00208917 -0.0158121 0.00126435
internal_weight=0 99 68 387 76 311
internal_count=486 99 68 387 76 311
is_linear=0
shrinkage=0.1


Tree=76
num_leaves=4
num_cat=0
split_feature=79 71 6
split_gain=0.826125 1.42474 1.07323
threshold=1.7005986908310777 6.9216270607116686 5.2203412156610947
decision_type=2 2 2
left_child=-1 2 -2
right_child=1 -3 -4
leaf_value=-0.013767093629867305 0.0015934821727409305 0.021914403846547491 -0.013895887434117349
leaf_weight=40 364 31 51
leaf_count=40 364 31 51
internal_value=0 0.00123472 -0.000310031
internal_weight=0 446 415
internal_count=486 446 415
is_linear=0
shrinkage=0.1


Tree=77
num_leaves=7
num_cat=0
split_feature=57 61 13 39 40 59
split_gain=0.767469 5.94919 3.16631 2.65616 2.3842 1.87905
threshold=3.5549397315361362 4.0773937863842606 4.9697891863402415 3.7609296261008152 3.9701138825728512 3.7609296261008152
decision_type=2 2 2 2 2 2
left_child=2 -2 3 -1 -4 -3
right_child=1 5 4 -5 -6 -7
leaf_value=-0.0077840622285079656 -0.048057428614615844 0.027964850151329303 0.050961845338513903 0.02896044976685358 0.0076206491887569425 -0.0014769809958254752
leaf_weight=136 27 24 22 23 30 224
leaf_count=136 27 24 22 23 30 224
internal_value=0 -0.00348087 0.00453667 -0.00246882 0.0259573 0.00137223
internal_weight=0 275 211 159 52 248
internal_count=486 275 211 159 52 248
is_linear=0
shrinkage=0.1


Tree=78
num_leaves=7
num_cat=0
split_feature=22 39 68 43 44 6
split_gain=0.751902 4.65097 2.61837 1.97712 1.29141 0.952432
threshold=1.4978661367769956 3.7609296261008152 1.0397207708399181 4.744894319750431 0.8958797346140277 1.9356005054539456
decision_type=2 2 2 2 2 2
left_child=1 3 5 -1 -4 -2
right_child=2 -3 4 -5 -6 -7
leaf_value=-0.0081671848306027455 -0.010086610934443095 0.048408467737449841 -0.011055515580810608 0.025838578244050343 0.0044108178781274458 -0.039190302335697674
leaf_weight=92 22 22 70 21 236 23
leaf_count=92 22 22 70 21 236 23
internal_value=0 0.00634234 -0.00243936 -0.00184753 0.000872768 -0.0249618
internal_weight=0 135 351 113 306 45
internal_count=486 135 351 113 306 45
is_linear=0
shrinkage=0.1


Tree=79
num_leaves=5
num_cat=0
split_feature=79 74 27 80
split_gain=0.778133 1.28215 1.10005 0.6771
threshold=1.7005986908310777 2.3502401828962087 4.1742689126930488 2.3502401828962087
decision_type=2 2 2 2
left_child=-1 2 -2 -3
right_child=1 3 -4 -5
leaf_value=-0.013361219638609329 0.0035424020716406331 0.027467923453794077 -0.0072442317309114757 0.0041752687051484832
leaf_weight=40 240 26 156 24
leaf_count=40 240 26 156 24
internal_value=0 0.00119832 -0.000706878 0.0162874
internal_weight=0 446 396 50
internal_count=486 446 396 50
is_linear=0
shrinkage=0.1


Tree=80
num_leaves=6
num_cat=0
split_feature=73 71 25 53 44
split_gain=0.745687 2.08587 0.979875 2.62673 1.26269
threshold=1.9356005054539456 3.0433873634561537 1.0397207708399181 2.9430520157250784 0.8958797346140277
decision_type=2 2 2 2 2
left_child=1 -1 3 -2 -4
right_child=2 -3 4 -5 -6
leaf_value=-0.02780057906638831 -0.015529123986683166 0.013017701464039938 -0.0097976351182463527 0.024589652629162864 0.0031000606408342723
leaf_weight=31 24 21 109 51 250
leaf_count=31 24 21 109 51 250
internal_value=0 -0.0113163 0.00135587 0.0117516 -0.000815953
internal_weight=0 52 434 75 359
internal_count=486 52 434 75 359
is_linear=0
shrinkage=0.1


Tree=81
num_leaves=4
num_cat=0
split_feature=72 71 32
split_gain=0.710232 1.04908 1.3117
threshold=5.9687042894570785 6.8553815938138829 5.742920998280244
decision_type=2 2 2
left_child=1 2 -1
right_child=-2 -3 -4
leaf_value=0.0010207010764817716 -0.016772477029977986 0.01777824612115236 -0.021006228254529941
leaf_weight=399 24 34 29
leaf_count=399 24 34 29
internal_value=0 0.000871298 -0.000471778
internal_weight=0 462 428
internal_count=486 462 428
is_linear=0
shrinkage=0.1


Tree=82
num_leaves=7
num_cat=0
split_feature=80 17 46 1 58 67
split_gain=0.698506 1.91229 2.11792 1.1919 2.64714 2.62133
threshold=3.7494348669884658 2.3502401828962087 2.524928003624769 5.1416464569318583 4.3693677306817369 4.5538214868689204
decision_type=2 2 2 2 2 2
left_child=3 -2 -3 4 -1 -5
right_child=1 2 -4 5 -6 -7
leaf_value=-0.0019198633381165564 0.031312365956604485 -0.025331518589518966 0.0096551336468227444 0.035004446193575865 -0.031874413821188843 -0.0014701352370852826
leaf_weight=223 25 24 62 25 34 93
leaf_count=223 25 24 62 25 34 93
internal_value=0 0.00696821 -0.000108583 -0.00206259 -0.00588272 0.00625753
internal_weight=0 111 86 375 257 118
internal_count=486 111 86 375 257 118
is_linear=0
shrinkage=0.1


Tree=83
num_leaves=6
num_cat=0
split_feature=39 5 56 80 67
split_gain=0.65505 3.48016 2.14432 1.46142 1.32094
threshold=1.0397207708399181 3.3667009459186801 1.4978661367769959 3.7494348669884658 2.3937458713910238
decision_type=2 2 2 2 2
left_child=1 -1 4 -4 -2
right_child=2 -3 3 -5 -6
leaf_value=-0.036009095543650567 0.040522882076246401 0.013880832354409685 -0.0041509170952808202 0.010949609681164823 0.005054002782950799
leaf_weight=27 21 29 307 81 21
leaf_count=27 21 29 307 81 21
internal_value=0 -0.0101732 0.00132489 -0.000998488 0.0227884
internal_weight=0 56 430 388 42
internal_count=486 56 430 388 42
is_linear=0
shrinkage=0.1


Tree=84
num_leaves=5
num_cat=0
split_feature=6 71 0 20
split_gain=0.62551 0.956891 1.67708 1.21027
threshold=5.9738063745441989 5.2728812013611597 3.5694334999727624 5.3423228052093945
decision_type=2 2 2 2
left_child=1 2 -1 -3
right_child=-2 3 -4 -5
leaf_value=0.002639865192983832 -0.016881685934606053 0.012603101472306097 -0.013978315502284996 -0.0033263877548714293
leaf_weight=175 21 116 93 81
leaf_count=175 21 116 93 81
internal_value=0 0.000762399 -0.00312689 0.00605341
internal_weight=0 465 268 197
internal_count=486 465 268 197
is_linear=0
shrinkage=0.1


Tree=85
num_leaves=5
num_cat=0
split_feature=16 22 32 76
split_gain=0.705452 1.23111 1.94846 0.49435
threshold=5.4337124689388192 5.6664207015582333 5.4337124689388192 5.3706272113530096
decision_type=2 2 2 2
left_child=1 2 -1 -2
right_child=3 -3 -4 -5
leaf_value=-0.0021433186077125799 0.0027465877075416919 -0.023980231147826367 0.024774032548583791 0.020760373242199422
leaf_weight=370 39 23 29 25
leaf_count=370 39 23 29 25
internal_value=0 -0.00148371 -0.00018692 0.00978322
internal_weight=0 422 399 64
internal_count=486 422 399 64
is_linear=0
shrinkage=0.1


Tree=86
num_leaves=8
num_cat=0
split_feature=6 62 46 71 77 37 3
split_gain=0.641539 1.29356 2.28518 1.2489 1.73738 1.27886 1.04254
threshold=1.4978661367769956 1.8688348091416842 3.4960482137079443 3.2951505240983434 3.5408542930527882 1.5890269151739731 0.89587973461402759
decision_type=2 2 2 2 2 2 2
left_child=1 6 -3 4 -2 -5 -1
right_child=3 2 -4 5 -6 -7 -8
leaf_value=-0.016823985541780148 -0.038670049975847914 0.04325946360116914 0.0025228132610209289 0.018133975774315851 0.0011131563912267271 -0.0021093644177906552 0.01005401846918243
leaf_weight=31 21 21 40 35 23 288 27
leaf_count=31 21 21 40 35 23 288 27
internal_value=0 0.00638047 0.0165469 -0.00206887 -0.0178743 8.41864e-05 -0.00431181
internal_weight=0 119 61 367 44 323 58
internal_count=486 119 61 367 44 323 58
is_linear=0
shrinkage=0.1


Tree=87
num_leaves=8
num_cat=0
split_feature=66 4 66 8 69 42 62
split_gain=0.640107 2.10827 2.06793 2.53424 2.05246 1.73956 0.810763
threshold=4.7790881836238563 5.609465086342035 3.891612008168019 3.9701138825728512 5.7235637421898984 5.1589892359258025 5.2932921986212866
decision_type=2 2 2 2 2 2 2
left_child=2 6 5 -4 -3 -1 -2
right_child=1 4 3 -5 -6 -7 -8
leaf_value=-0.0001121623553851023 0.0092747689869541391 -0.029179922326467933 -0.028968326857796423 0.0042410549442865892 0.011341258078813553 0.028058315574404941 0.032072136551141738
leaf_weight=253 39 25 54 40 25 24 26
leaf_count=253 39 25 54 40 25 24 26
internal_value=0 0.00651848 -0.00202055 -0.0148367 -0.00891933 0.0023286 0.0183937
internal_weight=0 115 371 94 50 277 65
internal_count=486 115 371 94 50 277 65
is_linear=0
shrinkage=0.1


Tree=88
num_leaves=6
num_cat=0
split_feature=6 70 13 13 59
split_gain=0.609901 2.41589 1.85605 1.77779 1.37492
threshold=3.8499212036984933 1.0397207708399181 1.0397207708399181 3.9701138825728512 3.2180751841847144
decision_type=2 2 2 2 2
left_child=2 -2 -1 -4 -3
right_child=1 4 3 -5 -6
leaf_value=0.029582729578018191 -0.035740708311398826 0.017088596392913085 -0.015816656338545131 0.0062742865977244797 -0.003574941310451159
leaf_weight=25 21 38 49 142 211
leaf_count=25 21 38 49 142 211
internal_value=0 -0.00316852 0.00396065 0.000606977 -0.00042147
internal_weight=0 270 216 191 249
internal_count=486 270 216 191 249
is_linear=0
shrinkage=0.1


Tree=89
num_leaves=7
num_cat=0
split_feature=69 60 13 76 48 65
split_gain=0.599602 2.61922 2.64142 1.37242 1.68127 1.34052
threshold=2.3937458713910238 4.8674160932529942 5.0434043048315838 3.4960482137079443 1.4978661367769956 2.4414009612931857
decision_type=2 2 2 2 2 2
left_child=1 2 -1 4 -2 -5
right_child=3 -3 -4 5 -6 -7
leaf_value=-0.0071682554080588629 0.028072499614268637 -0.03644328974187374 0.032531372359066849 -0.013196242596178005 0.0022288902429043983 0.0027967907854569304
leaf_weight=83 39 23 21 75 71 174
leaf_count=83 39 23 21 75 71 174
internal_value=0 -0.00590553 0.000848016 0.00208914 0.0113916 -0.00202039
internal_weight=0 127 104 359 110 249
internal_count=486 127 104 359 110 249
is_linear=0
shrinkage=0.1


Tree=90
num_leaves=6
num_cat=0
split_feature=16 30 13 22 46
split_gain=0.570208 2.36775 2.10707 2.09755 1.22364
threshold=3.7012257604091228 4.8201514758423682 4.9697891863402415 3.0433873634561537 4.2045812236012674
decision_type=2 2 2 2 2
left_child=1 2 -1 -2 -5
right_child=3 -3 -4 4 -6
leaf_value=-0.004934015926694014 0.030845441460609437 -0.035535561129273405 0.020691903095501354 -0.012333539000042436 0.0046883139399343104
leaf_weight=181 25 21 39 57 163
leaf_count=181 25 21 39 57 163
internal_value=0 -0.00345361 -0.000391239 0.00339722 0.000278107
internal_weight=0 241 220 245 220
internal_count=486 241 220 245 220
is_linear=0
shrinkage=0.1


Tree=91
num_leaves=5
num_cat=0
split_feature=6 71 75 20
split_gain=0.567363 0.81921 1.3969 1.17626
threshold=5.9738063745441989 5.4595764601916565 4.6150714996361826 5.3423228052093945
decision_type=2 2 2 2
left_child=1 2 -1 -3
right_child=-2 3 -4 -5
leaf_value=-0.00064294308212854874 -0.016077899418416478 0.013158332570778706 -0.027444136792439081 -0.0030741846014279875
leaf_weight=263 21 101 21 80
leaf_count=263 21 101 21 80
internal_value=0 0.000726099 -0.00262472 0.00598374
internal_weight=0 465 284 181
internal_count=486 465 284 181
is_linear=0
shrinkage=0.1


Tree=92
num_leaves=7
num_cat=0
split_feature=25 0 57 11 72 42
split_gain=0.553236 1.92623 2.25803 1.83378 1.12343 0.770219
threshold=2.0126758453675748 3.5694334999727624 2.3502401828962087 3.2951505240983434 1.0397207708399181 1.8688348091416842
decision_type=2 2 2 2 2 2
left_child=1 2 -1 5 -5 -2
right_child=3 -3 -4 4 -6 -7
leaf_value=0.0025847826971093549 -0.0086180372484799105 -0.015012475839134174 0.034733409001942606 -0.017422004407271745 0.0029993505371473449 -0.033122533397830049
leaf_weight=74 29 35 31 30 264 23
leaf_count=74 29 35 31 30 264 23
internal_value=0 0.00530409 0.0120763 -0.00214616 0.000915539 -0.0194566
internal_weight=0 140 105 346 294 52
internal_count=486 140 105 346 294 52
is_linear=0
shrinkage=0.1


Tree=93
num_leaves=8
num_cat=0
split_feature=66 4 70 3 12 78 62
split_gain=0.508068 1.683 1.68624 1.61072 2.8736 1.37934 0.655432
threshold=4.7790881836238563 5.609465086342035 5.5012498806127832 4.2903656061101136 5.1238931127034038 3.9019216517693867 5.2932921986212866
decision_type=2 2 2 2 2 2 2
left_child=3 6 -3 5 -5 -1 -2
right_child=1 2 -4 4 -6 -7 -8
leaf_value=8.6586397207741241e-05 0.0082185191269486379 -0.029566392249294689 0.0076415303066886715 -0.026852921641360716 0.0069130615585229612 0.025699325108333778 0.028716044400173887
leaf_weight=245 39 21 29 59 44 23 26
leaf_count=245 39 21 29 59 44 23 26
internal_value=0 0.00580739 -0.0079858 -0.00180013 -0.0124286 0.00228469 0.0164175
internal_weight=0 115 50 371 103 268 65
internal_count=486 115 50 371 103 268 65
is_linear=0
shrinkage=0.1


Tree=94
num_leaves=5
num_cat=0
split_feature=80 53 68 22
split_gain=0.54586 2.30829 0.951035 0.562164
threshold=1.8688348091416842 5.5908755847211582 5.1647696471263407 1.4978661367769956
decision_type=2 2 2 2
left_child=1 -1 3 -2
right_child=2 -3 -4 -5
leaf_value=0.0083874879661819026 0.0050357089371041025 -0.035145769694021771 0.017194290240021313 -0.0028824067568626217
leaf_weight=29 135 21 34 267
leaf_count=29 135 21 34 267
internal_value=0 -0.00989648 0.00113492 -0.000223338
internal_weight=0 50 436 402
internal_count=486 50 436 402
is_linear=0
shrinkage=0.1


Tree=95
num_leaves=4
num_cat=0
split_feature=72 71 39
split_gain=0.514191 0.792833 0.807758
threshold=5.9687042894570785 7.0343844367247028 6.3243332683204878
decision_type=2 2 2
left_child=1 2 -1
right_child=-2 -3 -4
leaf_value=0.00079436408932018654 -0.014271161128999666 0.019724997017709984 -0.019302379002883324
leaf_weight=420 24 21 21
leaf_count=420 24 21 21
internal_value=0 0.000741359 -0.000162624
internal_weight=0 462 441
internal_count=486 462 441
is_linear=0
shrinkage=0.1


Tree=96
num_leaves=6
num_cat=0
split_feature=54 3 2 70 41
split_gain=0.489799 1.53821 1.21971 1.02507 0.972086
threshold=1.4978661367769956 4.7621374077860157 3.1345481418531311 5.4806041999140822 5.5683153670809231
decision_type=2 2 2 2 2
left_child=1 4 -2 -4 -1
right_child=2 -3 3 -5 -6
leaf_value=-0.0021565303902437538 0.025414926315779275 -0.025404417921823488 -0.0042230415245048643 0.0118106931842611 0.02030717967787669
leaf_weight=233 23 27 123 59 21
leaf_count=233 23 27 123 59 21
internal_value=0 -0.00271153 0.00371678 0.000974708 -0.000299295
internal_weight=0 281 205 182 254
internal_count=486 281 205 182 254
is_linear=0
shrinkage=0.1


Tree=97
num_leaves=5
num_cat=0
split_feature=6 5 51 72
split_gain=0.508302 0.589311 1.74671 1.16772
threshold=5.9738063745441989 5.6021120126471873 6.7984968932885286 5.3935862223306854
decision_type=2 2 2 2
left_child=1 2 -1 -3
right_child=-2 3 -4 -5
leaf_value=0.00021154628688536739 -0.015218074087585723 -0.024851059965789318 0.026516453669992862 0.0057132745802373399
leaf_weight=388 21 25 27 25
leaf_count=388 21 25 27 25
internal_value=0 0.000687268 0.00192295 -0.00956889
internal_weight=0 465 415 50
internal_count=486 465 415 50
is_linear=0
shrinkage=0.1


Tree=98
num_leaves=6
num_cat=0
split_feature=6 70 13 13 59
split_gain=0.475341 1.88579 1.5529 1.38975 0.960061
threshold=3.8499212036984933 1.0397207708399181 1.0397207708399181 3.9701138825728512 3.2180751841847144
decision_type=2 2 2 2 2
left_child=2 -2 -1 -4 -3
right_child=1 4 3 -5 -6
leaf_value=0.026932953000068666 -0.031574887871032672 0.014261639870605186 -0.014092107740591983 0.0054397460460190623 -0.0030053278117568093
leaf_weight=25 21 38 49 142 211
leaf_count=25 21 38 49 142 211
internal_value=0 -0.00279724 0.00349655 0.000428956 -0.000370208
internal_weight=0 270 216 191 249
internal_count=486 270 216 191 249
is_linear=0
shrinkage=0.1


Tree=99
num_leaves=7
num_cat=0
split_feature=66 38 6 55 72 55
split_gain=0.482979 1.42235 1.34438 1.32977 1.16167 0.724694
threshold=4.7790881836238563 4.9487347401052828 5.6903366269220443 5.2310943182715759 5.3032925319746216 5.4680512393485436
decision_type=2 2 2 2 2 2
left_child=2 5 3 -1 -3 -2
right_child=1 4 -4 -5 -6 -7
leaf_value=0.0015436838379546262 0.0082567142038469151 -0.022027251939289273 -0.02573108810677447 -0.02156051087745086 0.0063755048206076033 0.03188376760198957
leaf_weight=322 34 24 22 27 36 21
leaf_count=322 34 24 22 27 36 21
internal_value=0 0.00566219 -0.00175513 -0.000243747 -0.0049856 0.017278
internal_weight=0 115 371 349 60 55
internal_count=486 115 371 349 60 55
is_linear=0
shrinkage=0.1


end of trees

feature_importances:
Column_72=30
Column_6=26
Column_80=25
Column_13=21
Column_71=20
Column_16=19
Column_77=17
Column_66=16
Column_70=16
Column_11=15
Column_65=13
Column_0=12
Column_69=12
Column_46=11
Column_4=9
Column_22=9
Column_39=9
Column_56=9
Column_73=9
Column_10=8
Column_74=8
Column_76=8
Column_2=7
Column_37=7
Column_42=7
Column_60=7
Column_67=7
Column_79=7
Column_5=6
Column_7=6
Column_8=6
Column_9=6
Column_19=6
Column_30=6
Column_41=6
Column_57=6
Column_68=6
Column_3=5
Column_12=5
Column_20=5
Column_59=5
Column_61=5
Column_15=4
Column_25=4
Column_32=4
Column_33=4
Column_40=4
Column_55=4
Column_17=3
Column_23=3
Column_27=3
Column_35=3
Column_43=3
Column_44=3
Column_49=3
Column_50=3
Column_53=3
Column_62=3
Column_1=2
Column_24=2
Column_36=2
Column_38=2
Column_45=2
Column_47=2
Column_51=2
Column_58=2
Column_63=2
Column_78=2
Column_14=1
Column_29=1
Column_31=1
Column_48=1
Column_52=1
Column_54=1
Column_75=1

parameters:
[boosting: gbdt]
[objective: regression]
[metric: l1]
[tree_learner: serial]
[device_type: cpu]
[data_sample_strategy: bagging]
[data: ]
[valid: ]
[num_iterations: 100]
[learning_rate: 0.1]
[num_leaves: 8]
[num_threads: 16]
[seed: 0]
[deterministic: 0]
[force_col_wise: 0]
[force_row_wise: 0]
[histogram_pool_size: -1]
[max_depth: 3]
[min_data_in_leaf: 21]
[min_sum_hessian_in_leaf: 0.001]
[bagging_fraction: 1]
[pos_bagging_fraction: 1]
[neg_bagging_fraction: 1]
[bagging_freq: 0]
[bagging_seed: 3]
[feature_fraction: 1]
[feature_fraction_bynode: 1]
[feature_fraction_seed: 2]
[extra_trees: 0]
[extra_seed: 6]
[early_stopping_round: 0]
[first_metric_only: 0]
[max_delta_step: 0]
[lambda_l1: 0]
[lambda_l2: 0]
[linear_lambda: 0]
[min_gain_to_split: 0]
[drop_rate: 0.1]
[max_drop: 50]
[skip_drop: 0.5]
[xgboost_dart_mode: 0]
[uniform_drop: 0]
[drop_seed: 4]
[top_rate: 0.2]
[other_rate: 0.1]
[min_data_per_group: 100]
[max_cat_threshold: 32]
[cat_l2: 10]
[cat_smooth: 10]
[max_cat_to_onehot: 4]
[top_k: 20]
[monotone_constraints: ]
[monotone_constraints_method: basic]
[monotone_penalty: 0]
[feature_contri: ]
[forcedsplits_filename: ]
[refit_decay_rate: 0.9]
[cegb_tradeoff: 1]
[cegb_penalty_split: 0]
[cegb_penalty_feature_lazy: ]
[cegb_penalty_feature_coupled: ]
[path_smooth: 0]
[interaction_constraints: ]
[verbosity: -1]
[saved_feature_importance_type: 0]
[use_quantized_grad: 0]
[num_grad_quant_bins: 4]
[quant_train_renew_leaf: 0]
[stochastic_rounding: 1]
[linear_tree: 0]
[max_bin: 255]
[max_bin_by_feature: ]
[min_data_in_bin: 3]
[bin_construct_sample_cnt: 200000]
[data_random_seed: 1]
[is_enable_sparse: 1]
[enable_bundle: 1]
[use_missing: 1]
[zero_as_missing: 0]
[feature_pre_filter: 1]
[pre_partition: 0]
[two_round: 0]
[header: 0]
[label_column: ]
[weight_column: ]
[group_column: ]
[ignore_column: ]
[categorical_feature: ]
[forcedbins_filename: ]
[precise_float_parser: 0]
[parser_config_file: ]
[objective_seed: 5]
[num_class: 1]
[is_unbalance: 0]
[scale_pos_weight: 1]
[sigmoid: 1]
[boost_from_average: 1]
[reg_sqrt: 0]
[alpha: 0.9]
[fair_c: 1]
[poisson_max_delta_step: 0.7]
[tweedie_variance_power: 1.5]
[lambdarank_truncation_level: 30]
[lambdarank_norm: 1]
[label_gain: ]
[lambdarank_position_bias_regularization: 0]
[eval_at: ]
[multi_error_top_k: 1]
[auc_mu_weights: ]
[num_machines: 1]
[local_listen_port: 12400]
[time_out: 120]
[machine_list_filename: ]
[machines: ]
[gpu_platform_id: -1]
[gpu_device_id: -1]
[gpu_use_dp: 0]
[num_gpu: 1]

end of parameters

pandas_categorical:null
