tree
version=v4
num_class=1
num_tree_per_iteration=1
label_index=0
max_feature_idx=56
objective=regression
feature_names=Column_0 Column_1 Column_2 Column_3 Column_4 Column_5 Column_6 Column_7 Column_8 Column_9 Column_10 Column_11 Column_12 Column_13 Column_14 Column_15 Column_16 Column_17 Column_18 Column_19 Column_20 Column_21 Column_22 Column_23 Column_24 Column_25 Column_26 Column_27 Column_28 Column_29 Column_30 Column_31 Column_32 Column_33 Column_34 Column_35 Column_36 Column_37 Column_38 Column_39 Column_40 Column_41 Column_42 Column_43 Column_44 Column_45 Column_46 Column_47 Column_48 Column_49 Column_50 Column_51 Column_52 Column_53 Column_54 Column_55 Column_56
feature_infos=[0:6.9697906699015899] [0:6.9697906699015899] [0:6.9697906699015899] [0:6.9697906699015899] [0:6.9697906699015899] [0.69314718055994529:8.2177084068453059] [5.5511151231257827e-17:6.4002574453088208] [0.69314718055994529:7.4489161025442003] [0.69314718055994529:7.1823521118852627] [0.69314718055994529:8.2602342916072971] [0.69314718055994529:7.0509894470680452] [0.69314718055994529:8.4274872783317445] [0:4.7621739347977563] [0.69314718055994529:7.4012312644130152] [0.69314718055994529:7.1608459066642993] [0.69314718055994529:8.2177084068453059] [5.5511151231257827e-17:6.4002574453088208] [0.69314718055994529:7.4489161025442003] [0.69314718055994529:7.1823521118852627] [0.69314718055994529:8.2602342916072971] [0.69314718055994529:7.0509894470680452] [0.69314718055994529:8.4274872783317445] [0:4.7621739347977563] [0.69314718055994529:7.4012312644130152] [0.69314718055994529:7.1608459066642993] [0.69314718055994529:8.2177084068453059] [5.5511151231257827e-17:6.4002574453088208] [0.69314718055994529:7.4489161025442003] [0.69314718055994529:7.1823521118852627] [0.69314718055994529:8.2602342916072971] [0.69314718055994529:7.0509894470680452] [0.69314718055994529:8.4274872783317445] [0:4.7621739347977563] [0.69314718055994529:7.4012312644130152] [0.69314718055994529:7.1608459066642993] [0.69314718055994529:8.2177084068453059] [5.5511151231257827e-17:6.4002574453088208] [0.69314718055994529:7.4489161025442003] [0.69314718055994529:7.1823521118852627] [0.69314718055994529:8.2602342916072971] [0.69314718055994529:7.0509894470680452] [0.69314718055994529:8.4274872783317445] [0:4.7621739347977563] [0.69314718055994529:7.4012312644130152] [0.69314718055994529:7.1608459066642993] [0.69314718055994529:8.2177084068453059] [5.5511151231257827e-17:6.4002574453088208] [0.69314718055994529:7.4489161025442003] [0.69314718055994529:7.1823521118852627] [0.69314718055994529:8.2602342916072971] [0.69314718055994529:7.0509894470680452] [0.69314718055994529:8.4274872783317445] [0:4.7621739347977563] [0.69314718055994529:7.4012312644130152] [0.69314718055994529:7.1608459066642993] [0.69314718055994529:3.970291913552122] [0.69314718055994529:3.970291913552122]
tree_sizes=698 714 723 720 719 716 720 720 718 729 729 727 724 724 731 733 728 727 726 721 726 729 731 726 727 725 732 723 731 728 735 736 732 733 735 733 735 731 731 728 732 732 733 737 734 734 730 736 736 731 735 732 735 734 739 737 734 650 742 733 730 734 737 741 739 737 734 730 734 726 738 731 726 732 729 734 731 733 737 730 732 725 734 740 733 732 732 738 737 741 734 736 729 738 734 660 733 734 727 740

Tree=0
num_leaves=7
num_cat=0
split_feature=5 9 0 44 12 30
split_gain=981.22 168.327 127.971 57.0063 42.1851 37.1472
threshold=3.9316333620047872 3.8499212036984933 4.2413008733233104 0.89587973461402759 1.7005986908310777 4.1266138227908868
decision_type=2 2 2 2 2 2
left_child=1 3 -2 -1 -4 -3
right_child=2 5 4 -5 -6 -7
leaf_value=3.4942637308385716 3.5797038118051221 3.5013081750895165 3.6728435958981525 3.3473171245276405 3.7707492769445787 3.6372202451293596
leaf_weight=33 61 61 61 132 158 30
leaf_count=33 61 61 61 132 158 30
internal_value=3.57843 3.43693 3.7078 3.37671 3.74348 3.54611
internal_weight=0 256 280 165 219 91
internal_count=536 256 280 165 219 91
is_linear=0
shrinkage=1


Tree=1
num_leaves=7
num_cat=0
split_feature=0 14 5 54 30 0
split_gain=802.892 160.568 78.809 50.6255 39.1505 35.8525
threshold=3.4960482137079443 3.891612008168019 3.5549397315361362 0.89587973461402759 5.192895118684441 5.424940314113365
decision_type=2 2 2 2 2 2
left_child=2 4 3 -1 -2 -3
right_child=1 5 -4 -5 -6 -7
leaf_value=-0.070122491206145957 -0.03553045423162219 0.11865340440223615 -0.022257036761176296 -0.20289221373714611 0.092286815707172676 0.20325010155522547
leaf_weight=36 76 120 41 142 35 86
leaf_count=36 76 120 41 142 35 86
internal_value=0 0.101728 -0.14725 -0.17604 0.00477229 0.15397
internal_weight=0 317 219 178 111 206
internal_count=536 317 219 178 111 206
is_linear=0
shrinkage=0.1


Tree=2
num_leaves=7
num_cat=0
split_feature=5 0 9 55 44 55
split_gain=657.763 123.518 82.1662 47.7318 28.1503 22.6139
threshold=3.3667009459186801 4.8282817362782584 3.9701138825728512 3.6505739029280164 0.89587973461402759 2.9174053685313028
decision_type=2 2 2 2 2 2
left_child=2 3 4 5 -1 -2
right_child=1 -3 -4 -5 -6 -7
leaf_value=-0.082945543266832844 0.027611603522125411 0.14734613012711881 -0.030614725101673814 0.083915949703165987 -0.19033404976584531 -0.082691350002296091
leaf_weight=30 34 177 57 66 131 41
leaf_count=30 34 177 57 66 131 41
internal_value=0 0.0917207 -0.133794 0.0218929 -0.170324 -0.0326873
internal_weight=0 318 218 141 161 75
internal_count=536 318 218 141 161 75
is_linear=0
shrinkage=0.1


Tree=3
num_leaves=7
num_cat=0
split_feature=0 14 5 30 54 0
split_gain=537.017 109.459 50.1767 36.9593 34.8618 31.0969
threshold=3.4960482137079443 3.7609296261008152 3.5549397315361362 5.192895118684441 0.89587973461402759 5.3706272113530096
decision_type=2 2 2 2 2 2
left_child=2 3 4 -2 -1 -3
right_child=1 5 -4 -5 -6 -7
leaf_value=-0.05550462936775552 -0.053659619009274934 0.089953371399844245 -0.020690853471254433 0.079038079013116658 -0.16568132542650885 0.16568927784328877
leaf_weight=36 61 132 41 32 142 92
leaf_count=36 61 132 41 32 142 92
internal_value=0 0.0831963 -0.120426 -0.0080002 -0.143398 0.121059
internal_weight=0 317 219 93 178 224
internal_count=536 317 219 93 178 224
is_linear=0
shrinkage=0.1


Tree=4
num_leaves=7
num_cat=0
split_feature=0 12 9 14 0 2
split_gain=434.984 90.3894 43.4865 31.4179 14.657 13.3521
threshold=3.4960482137079443 1.7005986908310777 3.8499212036984933 3.7609296261008152 5.8406247560601656 1.7005986908310777
decision_type=2 2 2 2 2 2
left_child=2 3 5 -2 -3 -1
right_child=1 4 -4 -5 -6 -7
leaf_value=-0.15920900785096803 -0.025621505905874076 0.10846149433350219 -0.041979962640770661 0.068793535010430909 0.18010994378063416 -0.096023373795673259
leaf_weight=101 80 138 68 63 36 50
leaf_count=101 80 138 68 63 36 50
internal_value=0 0.0748767 -0.108383 0.0159739 0.123285 -0.138287
internal_weight=0 317 219 143 174 151
internal_count=536 317 219 143 174 151
is_linear=0
shrinkage=0.1


Tree=5
num_leaves=7
num_cat=0
split_feature=5 14 1 0 54 8
split_gain=359.363 69.395 51.2246 22.7966 17.4744 14.3944
threshold=3.3667009459186801 4.3882378946731615 3.0433873634561537 4.007167868649713 3.2951505240983434 5.0625149112416823
decision_type=2 2 2 2 2 2
left_child=2 3 -1 4 -2 -3
right_child=1 5 -4 -5 -6 -7
leaf_value=-0.1294533512232682 0.023096749880190556 0.055260210866863668 -0.022002575480409209 0.049144125109988043 -0.086681785203259573 0.12560795207716771
leaf_weight=156 29 37 62 87 29 136
leaf_count=156 29 37 62 87 29 136
internal_value=0 0.0677952 -0.098894 0.0167695 -0.0317925 0.110562
internal_weight=0 318 218 145 58 173
internal_count=536 318 218 145 58 173
is_linear=0
shrinkage=0.1


Tree=6
num_leaves=7
num_cat=0
split_feature=5 0 14 1 27 55
split_gain=294.95 68.7364 27.6099 19.0084 17.4654 23.7526
threshold=4.3437210834879627 1.7005986908310777 4.4187680230537838 4.6346818562128229 1.0397207708399181 3.7012257604091228
decision_type=2 2 2 2 2 2
left_child=1 -1 -2 4 -3 -6
right_child=2 3 -4 -5 5 -7
leaf_value=-0.12404839768710117 0.037585643399506811 0.016451535333652755 0.10644636709316105 0.04620171333003479 -0.10125192486523321 0.0027533705538029182
leaf_weight=126 94 37 153 30 62 34
leaf_count=126 94 37 153 30 62 34
internal_value=0 -0.068579 0.0802403 -0.0257009 -0.0419195 -0.0644167
internal_weight=0 289 247 163 133 96
internal_count=536 289 247 163 133 96
is_linear=0
shrinkage=0.1


Tree=7
num_leaves=7
num_cat=0
split_feature=7 0 9 0 55 27
split_gain=241.74 61.9109 18.0456 17.3112 16.2513 18.7024
threshold=4.4305332717588817 1.7005986908310777 5.613101466006575 5.5133962268973056 3.7012257604091228 1.0397207708399181
decision_type=2 2 2 2 2 2
left_child=1 -1 4 -2 5 -3
right_child=3 2 -4 -5 -6 -7
leaf_value=-0.11062952812644654 0.05875784214054728 0.0087766598594645334 0.048310915310867134 0.11715327017493063 0.015084869349780289 -0.083932473046118269
leaf_weight=128 149 31 32 77 46 73
leaf_count=128 149 31 32 77 46 73
internal_value=0 -0.057341 -0.0198634 0.0786536 -0.0344073 -0.056298
internal_weight=0 310 182 226 150 104
internal_count=536 310 182 226 150 104
is_linear=0
shrinkage=0.1


Tree=8
num_leaves=7
num_cat=0
split_feature=5 6 9 56 1 44
split_gain=198.253 41.366 32.183 23.9173 17.1386 12.38
threshold=3.3667009459186801 4.2625806805327082 3.8499212036984933 3.5972184255501678 4.8282817362782584 0.89587973461402759
decision_type=2 2 2 2 2 2
left_child=2 3 5 4 -2 -1
right_child=1 -3 -4 -5 -6 -7
leaf_value=-0.039677031543748131 -0.052668221043422815 0.089501784203497525 -0.014504949739202858 0.05854557100683451 0.03335936680436135 -0.11225351924377103
leaf_weight=29 55 146 65 77 40 124
leaf_count=29 55 146 65 77 40 124
internal_value=0 0.050355 -0.0734536 0.0171258 -0.0164461 -0.0984972
internal_weight=0 318 218 172 95 153
internal_count=536 318 218 172 95 153
is_linear=0
shrinkage=0.1


Tree=9
num_leaves=7
num_cat=0
split_feature=0 0 14 55 17 14
split_gain=163.173 32.4965 22.4893 15.8146 13.1749 9.92464
threshold=4.2413008733233104 1.7005986908310777 3.7012257604091228 3.7012257604091228 1.8688348091416842 5.7461980868588691
decision_type=2 2 2 2 2 2
left_child=1 -1 -2 4 -3 -4
right_child=2 3 5 -5 -6 -7
leaf_value=-0.088411813637128842 -0.00026238209639604276 0.010417443604341575 0.062616534868577198 0.032522670561220594 -0.063885379619896418 0.11880739262470832
leaf_weight=132 52 35 162 41 75 39
leaf_count=132 52 35 162 41 75 39
internal_value=0 -0.0521686 0.0583546 -0.0204859 -0.0402436 0.0735192
internal_weight=0 283 253 151 110 201
internal_count=536 283 253 151 110 201
is_linear=0
shrinkage=0.1


Tree=10
num_leaves=7
num_cat=0
split_feature=5 9 0 56 49 1
split_gain=137.778 31.4434 14.8623 16.6057 13.8298 11.842
threshold=4.2625806805327082 3.7609296261008152 5.1179758838799021 3.2384861814448418 1.0397207708399181 4.3107766033702406
decision_type=2 2 2 2 2 2
left_child=1 4 3 -2 -1 -3
right_child=2 5 -4 -5 -6 -7
leaf_value=-0.020222031118141283 -0.0072360818816666747 -0.029522917668024701 0.075895599000479874 0.069522349835903038 -0.090089322901085803 0.039170308191702086
leaf_weight=36 63 78 138 51 133 37
leaf_count=36 63 78 138 51 133 37
internal_value=0 -0.0477583 0.0538229 0.0271032 -0.0752063 -0.00742162
internal_weight=0 284 252 114 169 115
internal_count=536 284 252 114 169 115
is_linear=0
shrinkage=0.1


Tree=11
num_leaves=7
num_cat=0
split_feature=7 2 55 55 1 27
split_gain=113.707 30.9647 15.1917 12.2551 14.5364 17.4795
threshold=4.4305332717588817 1.7005986908310777 3.7256208424938388 3.5972184255501678 4.6346818562128229 1.4978661367769956
decision_type=2 2 2 2 2 2
left_child=1 2 -1 4 5 -3
right_child=-2 3 -4 -5 -6 -7
leaf_value=-0.098255993203530401 0.053943347085905528 0.0095780296194733997 -0.016418297762672108 0.023550362712703648 0.030902655371304218 -0.079786365016435212
leaf_weight=93 226 33 30 60 29 65
leaf_count=93 226 33 30 60 29 65
internal_value=0 -0.0393264 -0.0782956 -0.0136943 -0.0312902 -0.0496943
internal_weight=0 310 123 187 127 98
internal_count=536 310 123 187 127 98
is_linear=0
shrinkage=0.1


Tree=12
num_leaves=7
num_cat=0
split_feature=7 2 55 4 14 55
split_gain=92.1027 25.0814 12.3053 10.4592 12.0459 9.95896
threshold=4.4305332717588817 1.7005986908310777 3.7256208424938388 3.6505739029280164 5.2625693656955024 3.6242520361853052
decision_type=2 2 2 2 2 2
left_child=1 2 -1 -2 -5 -3
right_child=3 5 -4 4 -6 -7
leaf_value=-0.088430394048011438 0.098803823398692273 -0.027413343744110742 -0.014776469593246779 0.019587468314063501 0.071268789368133023 0.022971286388513232
leaf_weight=93 35 131 30 118 73 56
leaf_count=93 35 131 30 118 73 56
internal_value=0 -0.0353938 -0.070466 0.048549 0.03934 -0.0123249
internal_weight=0 310 123 226 191 187
internal_count=536 310 123 226 191 187
is_linear=0
shrinkage=0.1


Tree=13
num_leaves=7
num_cat=0
split_feature=5 1 0 4 0 55
split_gain=76.3796 19.544 9.91811 9.91033 10.0894 9.28948
threshold=4.2625806805327082 1.7005986908310777 5.8406247560601656 3.1345481418531311 4.3693677306817369 3.7012257604091228
decision_type=2 2 2 2 2 2
left_child=1 5 3 -2 -5 -1
right_child=2 -3 -4 4 -6 -7
leaf_value=-0.080800302559819501 0.085310180485248577 -0.012299141618708712 0.08866904004114784 -0.017854152692274916 0.036530156708355493 -0.017674646672282007
leaf_weight=94 30 159 36 45 141 31
leaf_count=94 30 159 36 45 141 31
internal_value=0 -0.0355588 0.0400742 0.0319751 0.0233727 -0.0651451
internal_weight=0 284 252 216 186 125
internal_count=536 284 252 216 186 125
is_linear=0
shrinkage=0.1


Tree=14
num_leaves=7
num_cat=0
split_feature=0 21 6 56 55 8
split_gain=62.9537 21.0275 9.63017 9.76032 8.80182 13.4177
threshold=2.524928003624769 4.0247135285553481 4.2625806805327082 3.7256208424938388 3.7256208424938388 1.9356005054539456
decision_type=2 2 2 2 2 2
left_child=4 -2 3 -3 5 -1
right_child=1 2 -4 -5 -6 -7
leaf_value=0.00046724150406903236 -0.0391808428639627 -0.00085264043455277017 0.051878896669643459 0.049923878911368812 -0.0041289137516702925 -0.07585325040771361
leaf_weight=29 46 109 147 58 35 112
leaf_count=29 46 109 147 58 35 112
internal_value=0 0.0239626 0.0332129 0.0167823 -0.0490144 -0.0601561
internal_weight=0 360 314 167 176 141
internal_count=536 360 314 167 176 141
is_linear=0
shrinkage=0.1


Tree=15
num_leaves=7
num_cat=0
split_feature=14 9 27 6 53 40
split_gain=51.8477 20.8261 10.4827 9.97034 6.62312 5.65356
threshold=3.7609296261008152 5.525445002686836 1.0397207708399181 3.0201273556387074 6.0844345482663158 4.2121001622835372
decision_type=2 2 2 2 2 2
left_child=1 2 -1 -2 -5 -4
right_child=3 -3 5 4 -6 -7
leaf_value=-0.00032908503990620379 -0.014790654106921442 0.032429710662235385 -0.044010496068639077 0.048393721395782574 -0.0030051154782995584 -0.090128139348234992
leaf_weight=50 37 46 157 185 29 32
leaf_count=50 37 46 157 185 29 32
internal_value=0 -0.0291875 -0.0410469 0.0331412 0.0414285 -0.0518188
internal_weight=0 285 239 251 214 189
internal_count=536 285 239 251 214 189
is_linear=0
shrinkage=0.1


Tree=16
num_leaves=7
num_cat=0
split_feature=5 31 0 49 31 14
split_gain=43.4344 13.7122 10.8596 13.9596 7.67442 10.1571
threshold=3.3667009459186801 4.9089648320872419 5.1179758838799021 5.2522597220941352 4.4885732424042368 0.89587973461402759
decision_type=2 2 2 2 2 2
left_child=1 4 3 -2 5 -1
right_child=2 -3 -4 -5 -6 -7
leaf_value=0.013823835197399603 0.032782501900862702 0.011591048322618008 0.044012441563947534 -0.023912980755796981 -0.08137090016317991 -0.052066889559400503
leaf_weight=32 95 50 143 80 49 87
leaf_count=32 95 50 143 80 49 87
internal_value=0 -0.0343811 0.0235694 0.00686457 -0.0480633 -0.0343484
internal_weight=0 218 318 175 168 119
internal_count=536 218 318 175 168 119
is_linear=0
shrinkage=0.1


Tree=17
num_leaves=7
num_cat=0
split_feature=9 5 0 53 44 9
split_gain=35.7447 11.2002 8.99156 19.7231 8.39838 6.82842
threshold=4.5538214868689204 3.9316333620047872 4.3943729409690677 4.6819597299522426 0.89587973461402759 2.6735537653587347
decision_type=2 2 2 2 2 2
left_child=1 4 3 -2 -1 -6
right_child=2 -3 -4 -5 5 -7
leaf_value=-0.0011926802583848654 0.026018317090347409 0.02791144249796193 0.033846278927244601 -0.072056382958745141 -0.076570635143730609 -0.033078137593924681
leaf_weight=46 70 29 210 29 59 93
leaf_count=46 70 29 210 29 59 93
internal_value=0 -0.0301294 0.0221339 -0.00271064 -0.0386303 -0.0499601
internal_weight=0 227 309 99 198 152
internal_count=536 227 309 99 198 152
is_linear=0
shrinkage=0.1


Tree=18
num_leaves=7
num_cat=0
split_feature=14 31 54 48 11 14
split_gain=29.7814 14.1757 10.0749 9.7787 9.01664 6.48469
threshold=3.7609296261008152 4.8751681865209777 3.4334666422309414 1.0397207708399181 3.6105525490912482 5.7461980868588691
decision_type=2 2 2 2 2 2
left_child=1 3 -3 -1 -5 -2
right_child=5 2 -4 4 -6 -7
leaf_value=-0.0029115799753319091 0.01811908143704925 0.039149883976027089 -0.027143057640755502 -0.084957739571277335 -0.031851141196282871 0.062033811621367931
leaf_weight=57 211 52 41 52 83 40
leaf_count=57 211 52 41 52 83 40
internal_value=0 -0.022121 0.00992396 -0.0376427 -0.052307 0.0251174
internal_weight=0 285 93 192 135 251
internal_count=536 285 93 192 135 251
is_linear=0
shrinkage=0.1


Tree=19
num_leaves=7
num_cat=0
split_feature=9 55 54 11 41 0
split_gain=25.166 14.4618 10.0359 9.3312 7.38133 5.40771
threshold=5.613101466006575 3.7012257604091228 3.8499212036984933 4.744894319750431 1.0397207708399181 5.1179758838799021
decision_type=2 2 2 2 2 2
left_child=1 4 -2 -3 -1 -4
right_child=2 3 5 -5 -6 -7
leaf_value=0.011207059557948795 0.07222655406221748 -0.016965386318042876 -0.011069917019456626 0.044464623954548851 -0.038687145350862942 0.028170639059853633
leaf_weight=35 40 48 50 51 194 118
leaf_count=35 40 48 50 51 194 118
internal_value=0 -0.0172552 0.0272101 0.0146804 -0.0310614 0.0164919
internal_weight=0 328 208 99 229 168
internal_count=536 328 208 99 229 168
is_linear=0
shrinkage=0.1


Tree=20
num_leaves=7
num_cat=0
split_feature=15 54 0 53 31 31
split_gain=21.2772 8.4396 14.4221 13.5831 7.95912 5.59577
threshold=3.3667009459186801 3.4334666422309414 4.8121513051691478 4.9197411112801079 4.8751681865209777 4.4885732424042368
decision_type=2 2 2 2 2 2
left_child=4 -2 3 -3 5 -1
right_child=1 2 -4 -5 -6 -7
leaf_value=-0.022714065260163719 0.049650931948675744 0.0061285066922909422 0.025182749658866584 -0.076677712402306503 0.012498372147216443 -0.062926727096783
leaf_weight=124 62 52 171 32 47 48
leaf_count=124 62 52 171 32 47 48
internal_value=0 0.0165603 0.00851469 -0.0254167 -0.0239708 -0.0339362
internal_weight=0 317 255 84 219 172
internal_count=536 317 255 84 219 172
is_linear=0
shrinkage=0.1


Tree=21
num_leaves=7
num_cat=0
split_feature=14 30 39 1 17 40
split_gain=18.3125 9.67728 8.29768 9.08043 6.19207 5.13085
threshold=4.2625806805327082 5.1761337726651186 5.6275952344432003 1.7005986908310777 1.8688348091416842 4.0773937863842606
decision_type=2 2 2 2 2 2
left_child=1 2 3 -1 -5 -2
right_child=5 -3 -4 4 -6 -7
leaf_value=-0.035138641683596782 0.063414970519430611 0.023368745115746201 -0.071189345276701108 0.037994251301926046 -0.010637298684256773 0.017784753133026066
leaf_weight=123 29 58 30 36 96 164
leaf_count=123 29 58 30 36 96 164
internal_value=0 -0.0138651 -0.0214425 -0.01559 0.00262585 0.0246411
internal_weight=0 343 285 255 132 193
internal_count=536 343 285 255 132 193
is_linear=0
shrinkage=0.1


Tree=22
num_leaves=7
num_cat=0
split_feature=9 55 14 56 27 55
split_gain=15.3472 9.94095 6.27655 7.82496 5.47864 7.16801
threshold=3.4175922930736511 3.5694334999727624 5.2625693656955024 3.8815106545092593 1.4978661367769956 3.0201273556387074
decision_type=2 2 2 2 2 2
left_child=1 -1 3 4 -2 -6
right_child=2 -3 -4 -5 5 -7
leaf_value=-0.049213650573564825 0.03036365257916836 0.0017435971647500994 0.034744422035291787 0.041818933292170582 0.0061771411744084917 -0.031332101280779838
leaf_weight=86 41 69 85 46 121 88
leaf_count=86 41 69 85 46 121 88
internal_value=0 -0.0265295 0.0107928 0.00391483 -0.00305952 -0.00961622
internal_weight=0 155 381 296 250 209
internal_count=536 155 381 296 250 209
is_linear=0
shrinkage=0.1


Tree=23
num_leaves=7
num_cat=0
split_feature=14 31 48 4 3 50
split_gain=12.9929 7.52855 7.99101 6.96486 12.8795 5.48656
threshold=3.7609296261008152 4.8751681865209777 4.9904094477362264 4.0773937863842606 2.524928003624769 3.0433873634561537
decision_type=2 2 2 2 2 2
left_child=1 3 -3 4 -1 -2
right_child=5 2 -4 -5 -6 -7
leaf_value=-0.032855144038972425 0.051593839342240246 0.029469199171440016 -0.032712934989361994 -0.07107721362905256 0.034907511011179948 0.010345618736912704
leaf_weight=127 38 62 31 29 36 213
leaf_count=127 38 62 31 29 36 213
internal_value=0 -0.0146112 0.00874182 -0.0259228 -0.0178892 0.0165904
internal_weight=0 285 93 192 163 251
internal_count=536 285 93 192 163 251
is_linear=0
shrinkage=0.1


Tree=24
num_leaves=7
num_cat=0
split_feature=15 54 34 26 28 31
split_gain=11.2757 6.77044 10.5971 5.33463 5.07963 5.94639
threshold=3.3667009459186801 3.7609296261008152 4.3882378946731615 4.0428973506407848 3.9981586158983733 4.8559213341406453
decision_type=2 2 2 2 2 2
left_child=4 -2 3 -3 5 -1
right_child=1 2 -4 -5 -6 -7
leaf_value=-0.018944939574119964 0.03619961088084999 -0.055854967369924527 0.016685642466034618 0.001427860108428988 -0.054266293148975825 0.029643970743442577
leaf_weight=157 85 37 166 29 32 30
leaf_count=157 85 37 166 29 32 30
internal_value=0 0.0120554 0.00320944 -0.0306852 -0.01745 -0.0111499
internal_weight=0 317 232 66 219 187
internal_count=536 317 232 66 219 187
is_linear=0
shrinkage=0.1


Tree=25
num_leaves=7
num_cat=0
split_feature=9 39 29 54 43 14
split_gain=9.60592 8.44984 7.35092 6.882 6.63592 4.93333
threshold=5.613101466006575 5.6559673591485771 4.0773937863842606 3.8499212036984933 3.3497501700808394 1.4978661367769959
decision_type=2 2 2 2 2 2
left_child=1 2 4 -2 5 -1
right_child=3 -3 -4 -5 -6 -7
leaf_value=0.022432911768555643 0.054088746206834917 -0.0612471383313338 0.01686899496898131 0.0079352863717802053 -0.059092381108371964 -0.018118808215412383
leaf_weight=39 40 30 98 168 31 130
leaf_count=39 40 30 98 168 31 130
internal_value=0 -0.0106606 -0.005568 0.016811 -0.0165621 -0.00876072
internal_weight=0 328 298 208 200 169
internal_count=536 328 298 208 200 169
is_linear=0
shrinkage=0.1


Tree=26
num_leaves=7
num_cat=0
split_feature=0 56 31 11 55 23
split_gain=8.59226 7.16461 5.5185 4.83181 4.71025 5.22836
threshold=4.8282817362782584 3.7256208424938388 1.0397207708399181 4.744894319750431 3.0201273556387074 3.8276953224130765
decision_type=2 2 2 2 2 2
left_child=1 2 -1 -3 -4 -6
right_child=-2 3 4 -5 5 -7
leaf_value=0.018038197254969014 0.017584622602116528 -0.010312114739196097 -0.00019740174777048119 0.033351993393152951 -0.024619803331814356 -0.071678952268999202
leaf_weight=36 183 47 59 55 127 29
leaf_count=36 183 47 59 55 127 29
internal_value=0 -0.00911611 -0.0181979 0.0132323 -0.0242654 -0.033368
internal_weight=0 353 251 102 215 156
internal_count=536 353 251 102 215 156
is_linear=0
shrinkage=0.1


Tree=27
num_leaves=7
num_cat=0
split_feature=9 49 53 0 7 23
split_gain=7.23676 7.37511 4.82093 6.68376 4.59581 4.24164
threshold=3.4175922930736511 1.0397207708399181 5.6664207015582333 5.2932921986212866 2.1383330595080281 2.249904835165133
decision_type=2 2 2 2 2 2
left_child=1 -1 -2 -4 -3 -6
right_child=2 4 3 -5 5 -7
leaf_value=0.019402296535479716 0.012701206236800853 -0.052193442835576011 -0.050966936797504463 0.011602490660611933 0.013866637671186078 -0.038445334469959624
leaf_weight=39 312 54 31 38 31 31
leaf_count=39 312 54 31 38 31 31
internal_value=0 -0.0182174 0.00741128 -0.0165084 -0.0308654 -0.0122893
internal_weight=0 155 381 69 116 62
internal_count=536 155 381 69 116 62
is_linear=0
shrinkage=0.1


Tree=28
num_leaves=7
num_cat=0
split_feature=14 14 29 27 53 0
split_gain=6.47587 5.44789 4.73063 4.6536 3.67722 4.1038
threshold=3.7012257604091228 1.4978661367769959 3.1132683346437333 3.891612008168019 5.1059271080903725 5.1179758838799021
decision_type=2 2 2 2 2 2
left_child=1 -1 -3 -4 -2 -6
right_child=4 2 3 -5 5 -7
leaf_value=0.0082073551222529954 0.021981892505613766 -0.041634538792667618 0.0068708249590766273 -0.036868913315639303 -0.032409080362413079 0.0096056656758574874
leaf_weight=98 144 69 71 37 32 85
leaf_count=98 144 69 71 37 32 85
internal_value=0 -0.0107083 -0.0211814 -0.00811409 0.0112827 -0.00188555
internal_weight=0 275 177 108 261 117
internal_count=536 275 177 108 261 117
is_linear=0
shrinkage=0.1


Tree=29
num_leaves=7
num_cat=0
split_feature=6 48 56 27 3 19
split_gain=5.76586 4.79944 4.61888 4.41275 4.82551 4.3882
threshold=4.2625806805327082 6.102556092217525 3.7256208424938388 1.0397207708399181 5.1179758838799021 5.2728812013611597
decision_type=2 2 2 2 2 2
left_child=2 -2 3 -1 5 -5
right_child=1 -3 -4 4 -6 -7
leaf_value=0.01097404487275829 0.028109626083213064 -0.012181462479255549 0.011314150043240984 -0.017345990586212615 0.014487454158120923 -0.05318149662266175
leaf_weight=60 106 41 107 142 35 45
leaf_count=60 106 41 107 142 35 45
internal_value=0 0.016872 -0.00637579 -0.0130879 -0.0195912 -0.0259695
internal_weight=0 147 389 282 222 187
internal_count=536 147 389 282 222 187
is_linear=0
shrinkage=0.1


Tree=30
num_leaves=7
num_cat=0
split_feature=14 56 31 54 31 43
split_gain=4.99454 4.87349 3.27843 6.54291 4.91215 3.57694
threshold=5.7461980868588691 3.8815106545092593 4.9089648320872419 2.9174053685313028 1.9356005054539456 4.4367340276668159
decision_type=2 2 2 2 2 2
left_child=1 2 4 -4 -1 -5
right_child=-2 -3 3 5 -6 -7
leaf_value=0.012256410707218144 0.033991968556074427 0.025916539911040162 0.037499589164914603 -0.038109825281747459 -0.022818294556291644 0.00031877961516583048
leaf_weight=52 40 53 43 29 172 147
leaf_count=52 40 53 43 29 172 147
internal_value=0 -0.00274129 -0.00616988 0.0025304 -0.014676 -0.00601321
internal_weight=0 496 443 219 224 176
internal_count=536 496 443 219 224 176
is_linear=0
shrinkage=0.1


Tree=31
num_leaves=7
num_cat=0
split_feature=15 54 34 37 31 31
split_gain=4.35391 4.915 7.1378 4.02918 4.1373 4.31494
threshold=3.3667009459186801 3.9316333620047872 4.3882378946731615 3.8064155152036787 4.9089648320872419 4.4885732424042368
decision_type=2 2 2 2 2 2
left_child=3 -2 -3 4 5 -1
right_child=1 2 -4 -5 -6 -7
leaf_value=-0.0015222457998718781 0.024935318170567961 -0.033949653551840757 0.0090443693872383057 -0.044246286353577052 0.024138158589209383 -0.038304413029033209
leaf_weight=104 107 51 159 31 38 46
leaf_count=104 107 51 159 31 38 46
internal_value=0 0.00749117 -0.00139704 -0.0108434 -0.00533546 -0.0128021
internal_weight=0 317 210 219 188 150
internal_count=536 317 210 219 188 150
is_linear=0
shrinkage=0.1


Tree=32
num_leaves=7
num_cat=0
split_feature=0 56 0 18 40 33
split_gain=4.08431 3.33047 2.61104 5.17614 3.24519 3.23933
threshold=5.8406247560601656 3.8815106545092593 0.89587973461402759 3.3667009459186801 5.742920998280244 4.5746578350692051
decision_type=2 2 2 2 2 2
left_child=1 2 3 -1 5 -4
right_child=-2 -3 4 -5 -6 -7
leaf_value=0.0018421773086575903 0.032532013055040603 0.021613199962303042 -0.0062818323867395529 -0.044969394531058658 -0.032063929514298518 0.014240965406469061
leaf_weight=51 36 52 195 44 31 127
leaf_count=51 36 52 195 44 31 127
internal_value=0 -0.0023423 -0.00512285 -0.019839 -0.00116243 0.00181256
internal_weight=0 500 448 95 353 322
internal_count=536 500 448 95 353 322
is_linear=0
shrinkage=0.1


Tree=33
num_leaves=7
num_cat=0
split_feature=0 56 11 55 48 53
split_gain=3.30829 2.8659 3.06071 2.84925 4.26576 4.25784
threshold=5.8406247560601656 3.7256208424938388 4.744894319750431 3.0201273556387074 4.5107991236896536 5.6801667848034825
decision_type=2 2 2 2 2 2
left_child=1 3 -3 5 -5 -1
right_child=-2 2 -4 4 -6 -7
leaf_value=0.013720840562739943 0.029278811895185049 -0.0086937208718154586 0.023561090580800453 -0.0080509558179569889 -0.047230386858185133 -0.021142977523617448
leaf_weight=117 36 48 76 176 33 50
leaf_count=117 36 48 76 176 33 50
internal_value=0 -0.00210807 0.0110754 -0.0064558 -0.0142372 0.00328257
internal_weight=0 500 124 376 209 167
internal_count=536 500 124 376 209 167
is_linear=0
shrinkage=0.1


Tree=34
num_leaves=7
num_cat=0
split_feature=14 56 32 51 33 44
split_gain=2.91336 2.74658 3.3655 4.02722 7.74244 3.47406
threshold=5.3890613045707267 1.8688348091416842 0.8958797346140277 3.4960482137079443 2.249904835165133 2.3502401828962087
decision_type=2 2 2 2 2 2
left_child=1 -1 3 5 -5 -3
right_child=-2 2 -4 4 -6 -7
leaf_value=-0.032722997729634419 0.018567086737331845 -0.047457500057117574 0.0081164954810610743 0.025212705617687153 -0.020737750339609239 -0.0040996788182493414
leaf_weight=29 73 42 211 67 81 33
leaf_count=29 73 42 211 67 81 33
internal_value=0 -0.00292742 -0.000936475 -0.00950229 6.41453e-05 -0.0283801
internal_weight=0 463 434 223 148 75
internal_count=536 463 434 223 148 75
is_linear=0
shrinkage=0.1


Tree=35
num_leaves=7
num_cat=0
split_feature=0 18 53 22 16 8
split_gain=2.59268 3.47287 3.17001 3.30554 6.79696 5.0543
threshold=0.89587973461402759 3.3667009459186801 6.0844345482663158 1.2424533248940004 3.3667009459186801 3.9316333620047872
decision_type=2 2 2 2 2 2
left_child=1 -1 3 4 5 -2
right_child=2 -3 -4 -5 -6 -7
leaf_value=0.0031743476203843659 -0.0059186633447599647 -0.034719250061417649 -0.027036206201591997 0.014168357103216992 -0.044444403052330023 0.034567387313360259
leaf_weight=51 116 46 32 215 34 42
leaf_count=51 116 46 32 215 34 42
internal_value=0 -0.0147958 0.00326923 0.00565197 -0.00388461 0.00484345
internal_weight=0 97 439 407 192 158
internal_count=536 97 439 407 192 158
is_linear=0
shrinkage=0.1


Tree=36
num_leaves=7
num_cat=0
split_feature=14 30 30 50 15 2
split_gain=2.36321 2.8988 3.10788 3.12931 2.46737 1.96132
threshold=5.8377261972180028 5.742920998280244 5.192895118684441 5.1532748880139918 3.6632328069201612 5.2626767655455557
decision_type=2 2 2 2 2 2
left_child=1 2 3 4 -1 -4
right_child=-2 -3 5 -5 -6 -7
leaf_value=-0.0074565523508891398 0.025514129439697549 -0.030850737549189947 0.029033662439411825 -0.030809779348186198 0.010502811985606066 0.0012788383907885578
leaf_weight=208 34 32 53 39 121 49
leaf_count=208 34 32 53 39 121 49
internal_value=0 -0.00172805 0.000254773 -0.00402637 -0.000851437 0.0157005
internal_weight=0 502 470 368 329 102
internal_count=536 502 470 368 329 102
is_linear=0
shrinkage=0.1


Tree=37
num_leaves=7
num_cat=0
split_feature=0 56 21 4 3 48
split_gain=2.08126 2.12744 2.13102 6.03417 4.83924 3.03604
threshold=5.8406247560601656 1.7005986908310777 4.1107394736335969 3.9701138825728512 1.7005986908310777 3.6105525490912482
decision_type=2 2 2 2 2 2
left_child=1 -1 3 4 -3 -4
right_child=-2 2 5 -5 -6 -7
leaf_value=-0.026617520020772646 0.023222800849988644 -0.015004940928359118 0.020915752914537823 -0.05097009393804032 0.02970772059634328 -0.0011685731509386236
leaf_weight=32 36 70 83 29 37 249
leaf_count=32 36 70 83 29 37 249
internal_value=0 -0.00167204 3.36322e-05 -0.0105095 0.000456447 0.00435251
internal_weight=0 500 468 136 107 332
internal_count=536 500 468 136 107 332
is_linear=0
shrinkage=0.1


Tree=38
num_leaves=7
num_cat=0
split_feature=45 6 14 27 56 19
split_gain=1.91361 3.21104 1.89199 4.3138 3.0833 3.75939
threshold=6.6266466946851414 4.2625806805327082 0.89587973461402759 1.0397207708399181 3.7494348669884658 2.8314802400679731
decision_type=2 2 2 2 2 2
left_child=1 2 3 -1 5 -4
right_child=-2 -3 4 -5 -6 -7
leaf_value=0.033318633849664429 -0.024539142530411482 0.015362571294978263 -0.035833771057826071 -0.012280056213161776 0.0080421259876732772 -0.0053861198902484921
leaf_weight=41 30 125 56 42 95 147
leaf_count=41 30 125 56 42 95 147
internal_value=0 0.00145489 -0.003108 0.0102446 -0.00682701 -0.0137855
internal_weight=0 506 381 83 298 203
internal_count=536 506 381 83 298 203
is_linear=0
shrinkage=0.1


Tree=39
num_leaves=7
num_cat=0
split_feature=49 10 54 54 15 54
split_gain=1.74163 2.84404 1.91668 5.37937 4.13087 1.75675
threshold=7.3778897504816845 5.3706272113530096 4.5107991236896536 3.891612008168019 3.6632328069201612 4.6727851606181448
decision_type=2 2 2 2 2 2
left_child=1 2 3 4 -1 -3
right_child=-2 5 -4 -5 -6 -7
leaf_value=-0.0068839785236288129 -0.023834221771564978 0.033461688382503317 0.012850125711968719 -0.033562131555351829 0.02014220813168334 0.0052675381435227453
leaf_weight=213 29 39 71 56 77 51
leaf_count=213 29 39 71 56 77 51
internal_value=0 0.0013633 -0.00211621 -0.00518733 0.00029194 0.017485
internal_weight=0 507 417 346 290 90
internal_count=536 507 417 346 290 90
is_linear=0
shrinkage=0.1


Tree=40
num_leaves=7
num_cat=0
split_feature=14 30 40 50 31 46
split_gain=1.59699 2.19858 2.20939 3.32592 1.92366 1.43578
threshold=5.8377261972180028 5.742920998280244 5.2626767655455557 5.192895118684441 1.9356005054539456 4.4187680230537838
decision_type=2 2 2 2 2 2
left_child=1 2 3 4 -1 -4
right_child=-2 -3 5 -5 -6 -7
leaf_value=0.017815941265400717 0.020974004080327339 -0.026783128327224404 0.030562230024267646 -0.03289384744130075 -0.0032225802317055793 0.0045972718434457325
leaf_weight=51 34 32 34 34 294 57
leaf_count=51 34 32 34 34 294 57
internal_value=0 -0.00142055 0.000306264 -0.00305334 -0.000112538 0.0142985
internal_weight=0 502 470 379 345 91
internal_count=536 502 470 379 345 91
is_linear=0
shrinkage=0.1


Tree=41
num_leaves=7
num_cat=0
split_feature=32 54 35 28 51 19
split_gain=1.50297 3.24077 2.90922 2.44803 4.35903 5.32223
threshold=0.8958797346140277 3.4334666422309414 3.4334666422309414 3.891612008168019 3.4334666422309414 2.524928003624769
decision_type=2 2 2 2 2 2
left_child=3 2 -2 4 -1 -6
right_child=1 -3 -4 -5 5 -7
leaf_value=-0.02014102735521385 0.0030528980339395591 -0.00043792310147358464 0.047470459978406626 -0.023681664232646071 0.047430659566194786 -0.0020255812391166716
leaf_weight=66 29 248 30 59 31 73
leaf_count=66 29 248 30 59 31 73
internal_value=0 0.00457343 0.0256381 -0.00613119 -4.01458e-05 0.0127162
internal_weight=0 307 59 229 170 104
internal_count=536 307 59 229 170 104
is_linear=0
shrinkage=0.1


Tree=42
num_leaves=7
num_cat=0
split_feature=22 29 47 29 54 1
split_gain=1.42443 4.10145 3.73997 3.15822 2.38452 3.22621
threshold=1.2424533248940004 5.5797227059640084 4.1430087342023825 4.8121513051691478 3.4334666422309414 4.0773937863842606
decision_type=2 2 2 2 2 2
left_child=1 2 3 -1 -2 -6
right_child=4 -3 -4 -5 5 -7
leaf_value=-0.010961285605347561 0.03185436043888331 -0.03988923325824241 0.028584057752143694 0.023596436437219384 -0.026550566610496713 0.0068438000121326713
leaf_weight=180 30 30 37 31 34 194
leaf_count=180 30 30 37 31 34 194
internal_value=0 -0.00496622 -0.00074166 -0.00588408 0.0053512 0.00186394
internal_weight=0 278 248 211 258 228
internal_count=536 278 248 211 258 228
is_linear=0
shrinkage=0.1


Tree=43
num_leaves=7
num_cat=0
split_feature=49 29 39 29 43 3
split_gain=1.33681 2.17709 4.67212 2.13781 4.0922 3.23581
threshold=7.3778897504816845 5.8521364164857479 5.6559673591485771 4.0773937863842606 3.4175922930736511 3.7012257604091228
decision_type=2 2 2 2 2 2
left_child=1 2 3 4 -1 -5
right_child=-2 -3 -4 5 -6 -7
leaf_value=0.00016223210657603649 -0.020881302580879682 0.011351785981549489 -0.038298489613568083 0.029077254096046092 -0.040463060102072262 -0.0034387179123966591
leaf_weight=171 29 149 34 55 29 69
leaf_count=171 29 149 34 55 29 69
internal_value=0 0.00119439 -0.00303312 0.000667563 -0.00572844 0.0109837
internal_weight=0 507 358 324 200 124
internal_count=536 507 358 324 200 124
is_linear=0
shrinkage=0.1


Tree=44
num_leaves=7
num_cat=0
split_feature=0 56 31 38 1 32
split_gain=1.26929 1.98827 1.36297 3.16916 3.66758 2.77546
threshold=5.8406247560601656 1.7005986908310777 4.8751681865209777 3.9316333620047872 4.3693677306817369 1.2424533248940004
decision_type=2 2 2 2 2 2
left_child=1 -1 5 -4 -5 -3
right_child=-2 2 3 4 -6 -7
leaf_value=-0.025421491009183228 0.018135583209287789 -0.0090524332074156041 0.03679150528563508 -0.018989174364594606 0.010522121322869414 0.022562349686631934
leaf_weight=32 36 210 29 61 136 32
leaf_count=32 36 210 29 61 136 32
internal_value=0 -0.00130576 0.000343177 0.00592753 0.00138411 -0.00487197
internal_weight=0 500 468 226 197 242
internal_count=536 500 468 226 197 242
is_linear=0
shrinkage=0.1


Tree=45
num_leaves=7
num_cat=0
split_feature=35 33 40 56 35 51
split_gain=1.28039 1.75797 5.6489 3.37337 3.00303 2.38571
threshold=6.6266466946851414 4.4601277074540464 4.234001473612734 3.3842466058243152 2.9174053685313028 3.4334666422309414
decision_type=2 2 2 2 2 2
left_child=1 2 4 -4 5 -1
right_child=-2 -3 3 -5 -6 -7
leaf_value=-0.019590024375815342 -0.019726673273309583 0.008937732643017204 -0.053875894148668814 -0.0064267881616050827 0.017866016244774477 0.0047634786609741095
leaf_weight=66 31 186 31 29 90 103
leaf_count=66 31 186 31 29 90 103
internal_value=0 0.00121094 -0.00329433 -0.0309422 0.00311057 -0.00474736
internal_weight=0 505 319 60 259 169
internal_count=536 505 319 60 259 169
is_linear=0
shrinkage=0.1


Tree=46
num_leaves=7
num_cat=0
split_feature=53 33 40 40 35 0
split_gain=1.15454 2.30482 4.46948 3.00009 2.43101 2.16618
threshold=5.6664207015582333 4.5107991236896536 4.234001473612734 5.003923783930186 2.9174053685313028 5.2932921986212866
decision_type=2 2 2 2 2 2
left_child=1 2 4 -4 -1 -2
right_child=5 -3 3 -5 -6 -7
leaf_value=-0.0042726209596593004 -0.031691176504377395 0.012252943098930449 -0.049775474794829883 -0.0057577775674872104 0.01600027107787165 0.0039292403937954655
leaf_weight=169 31 145 30 32 91 38
leaf_count=169 31 145 30 32 91 38
internal_value=0 0.00178397 -0.00293031 -0.0270567 0.00282289 -0.0120741
internal_weight=0 467 322 62 260 69
internal_count=536 467 322 62 260 69
is_linear=0
shrinkage=0.1


Tree=47
num_leaves=7
num_cat=0
split_feature=14 24 28 48 12 25
split_gain=1.11405 3.18278 3.40862 3.04961 2.71832 2.22859
threshold=1.4978661367769959 3.3667009459186801 3.891612008168019 3.6105525490912482 0.8958797346140277 1.8688348091416842
decision_type=2 2 2 2 2 2
left_child=5 2 -2 -3 -5 -1
right_child=1 3 -4 4 -6 -7
leaf_value=-0.0016018434132020626 -0.0064452173945552735 0.030171662995493728 -0.044435890540480617 -0.02608169240477894 0.0038852428825651136 0.029870102990950859
leaf_weight=63 111 38 30 35 224 35
leaf_count=63 111 38 30 35 224 35
internal_value=0 -0.00215648 -0.0145283 0.00371703 -0.000164343 0.00963814
internal_weight=0 438 141 297 259 98
internal_count=536 438 141 297 259 98
is_linear=0
shrinkage=0.1


Tree=48
num_leaves=7
num_cat=0
split_feature=49 22 29 47 48 37
split_gain=1.09942 1.26257 3.41263 3.14189 2.27157 1.36355
threshold=7.3778897504816845 1.2424533248940004 5.5797227059640084 4.1430087342023825 3.4960482137079443 4.2045812236012674
decision_type=2 2 2 2 2 2
left_child=1 2 3 4 -1 -3
right_child=-2 5 -4 -5 -6 -7
leaf_value=0.0030831804893179135 -0.018936731805222047 0.020144181958988025 -0.035301740166420736 0.027286324680254267 -0.018875723711254313 0.0021912161939820502
leaf_weight=140 29 56 30 37 71 173
leaf_count=140 29 56 30 37 71 173
internal_value=0 0.00108317 -0.003446 0.000407512 -0.00430583 0.00658146
internal_weight=0 507 278 248 211 229
internal_count=536 507 278 248 211 229
is_linear=0
shrinkage=0.1


Tree=49
num_leaves=7
num_cat=0
split_feature=14 24 24 9 48 7
split_gain=1.00518 2.63058 3.03253 3.63756 2.30977 2.16064
threshold=1.4978661367769959 3.2951505240983434 2.8617925509761908 2.6735537653587347 3.6105525490912482 3.4334666422309414
decision_type=2 2 2 2 2 2
left_child=-1 2 3 -2 -3 -6
right_child=1 4 -4 -5 5 -7
leaf_value=0.0091550891819809164 -0.028322319445364615 0.026225523388577705 -0.03379445999962627 0.013285919579423287 -0.024945531485061494 0.0031634060426109379
leaf_weight=98 34 38 48 55 31 232
leaf_count=98 34 38 48 55 31 232
internal_value=0 -0.0020484 -0.0135355 -0.00260936 0.00317996 -0.000149815
internal_weight=0 438 137 89 301 263
internal_count=536 438 137 89 301 263
is_linear=0
shrinkage=0.1


Tree=50
num_leaves=7
num_cat=0
split_feature=35 10 28 40 43 35
split_gain=0.939463 1.17393 1.72518 1.16162 3.38152 3.13556
threshold=6.6266466946851414 5.3706272113530096 5.4930529757249458 3.783155507386232 3.9219243190762363 3.2951505240983434
decision_type=2 2 2 2 2 2
left_child=1 3 -3 5 -5 -1
right_child=-2 2 -4 4 -6 -7
leaf_value=-0.0023014406767072511 -0.01689749503688466 0.029562883045185697 0.0010114244864148608 -0.031794037822590666 0.00055586794570374951 0.026737683478985794
leaf_weight=194 31 33 59 43 130 46
leaf_count=194 31 33 59 43 130 46
internal_value=0 0.00103727 0.0112527 -0.00123832 -0.00748486 0.00326439
internal_weight=0 505 92 413 173 240
internal_count=536 505 92 413 173 240
is_linear=0
shrinkage=0.1


Tree=51
num_leaves=7
num_cat=0
split_feature=27 45 15 19 11 40
split_gain=0.927409 3.22927 2.94658 1.3221 1.68413 1.1725
threshold=1.0397207708399181 1.0397207708399181 1.0397207708399181 2.524928003624769 3.4960482137079443 1.4978661367769959
decision_type=2 2 2 2 2 2
left_child=1 -1 -2 -4 -5 -6
right_child=2 -3 3 4 5 -7
leaf_value=0.032770861049785334 -0.029083388226313723 -0.010500746305499759 0.016527853240358069 -0.022488819372237609 0.01939003741849334 -0.00098107074943777021
leaf_weight=34 36 35 47 34 31 319
leaf_count=34 36 35 47 34 31 319
internal_value=0 0.0108215 -0.00159889 0.000696795 -0.00124086 0.000823227
internal_weight=0 69 467 431 384 350
internal_count=536 69 467 431 384 350
is_linear=0
shrinkage=0.1


Tree=52
num_leaves=7
num_cat=0
split_feature=0 11 11 0 1 39
split_gain=0.832936 1.80804 1.90646 1.64037 1.39582 4.23638
threshold=5.9414162388388405 6.3296430527342187 5.8435402162155627 5.5412558557490508 4.7790881836238563 5.6835566282961718
decision_type=2 2 2 2 2 2
left_child=1 2 4 -3 5 -1
right_child=-2 3 -4 -5 -6 -7
leaf_value=-0.00059734316262745725 0.015390416341974881 -0.034433819738955339 0.015930315067557849 -0.00079921178583954944 0.013283276365507605 -0.040683549648985781
leaf_weight=290 33 29 73 29 53 29
leaf_count=290 33 29 73 29 53 29
internal_value=0 -0.00100971 0.00115477 -0.0176165 -0.00174473 -0.00424154
internal_weight=0 503 445 58 372 319
internal_count=536 503 445 58 372 319
is_linear=0
shrinkage=0.1


Tree=53
num_leaves=7
num_cat=0
split_feature=14 24 28 35 39 48
split_gain=0.814032 2.09074 2.78386 1.98896 1.85863 1.82181
threshold=1.4978661367769959 3.2951505240983434 3.8393944990995772 1.5890269151739729 3.6632328069201612 3.6105525490912482
decision_type=2 2 2 2 2 2
left_child=3 2 4 -1 -2 -3
right_child=1 5 -4 -5 -6 -7
leaf_value=-0.0026168734375988287 -0.01295364114446688 0.02328477599903157 -0.039005430527031426 0.026934601251398113 0.016100011050941481 -0.00013947398959528019
leaf_weight=62 76 38 30 36 31 263
leaf_count=62 76 38 30 36 31 263
internal_value=0 -0.00184338 -0.0120842 0.00823877 -0.00453623 0.00281774
internal_weight=0 438 137 98 107 301
internal_count=536 438 137 98 107 301
is_linear=0
shrinkage=0.1


Tree=54
num_leaves=7
num_cat=0
split_feature=49 55 4 3 14 7
split_gain=0.792006 1.10854 1.18596 3.65532 2.14277 3.57947
threshold=7.3778897504816845 2.249904835165133 4.0773937863842606 4.0773937863842606 0.89587973461402759 2.1383330595080281
decision_type=2 2 2 2 2 2
left_child=1 -1 4 -4 -3 -6
right_child=-2 2 3 -5 5 -7
leaf_value=0.012320680989029066 -0.016072626142152425 0.022690042425343334 -0.039713397264030989 -0.00097145045966547181 -0.023369437934092754 0.0067855796021914563
leaf_weight=73 29 47 29 152 53 153
leaf_count=73 29 47 29 152 53 153
internal_value=0 0.000919342 -0.000998395 -0.00717872 0.0034231 -0.00097275
internal_weight=0 507 434 181 253 206
internal_count=536 507 434 181 253 206
is_linear=0
shrinkage=0.1


Tree=55
num_leaves=7
num_cat=0
split_feature=27 45 15 19 11 40
split_gain=0.788127 2.52797 2.45139 1.12076 1.23764 0.994854
threshold=1.0397207708399181 1.0397207708399181 1.0397207708399181 2.524928003624769 3.4960482137079443 1.4978661367769959
decision_type=2 2 2 2 2 2
left_child=1 -1 -2 -4 -5 -6
right_child=2 -3 3 4 5 -7
leaf_value=0.029396134702598348 -0.026542825996875765 -0.0088895885007722036 0.015195839741128557 -0.019378915746860646 0.017707914426442116 -0.0010566077946515923
leaf_weight=34 36 35 47 34 31 319
leaf_count=34 36 35 47 34 31 319
internal_value=0 0.00997584 -0.00147395 0.000619974 -0.00116405 0.000605393
internal_weight=0 69 467 431 384 350
internal_count=536 69 467 431 384 350
is_linear=0
shrinkage=0.1


Tree=56
num_leaves=7
num_cat=0
split_feature=51 5 40 49 44 54
split_gain=0.738106 2.94766 2.56666 2.21065 2.0544 2.02356
threshold=3.4334666422309414 3.7256208424938388 0.89587973461402759 2.524928003624769 2.3502401828962087 3.7609296261008152
decision_type=2 2 2 2 2 2
left_child=1 4 -2 -4 -1 -5
right_child=2 -3 3 5 -6 -7
leaf_value=-0.035357008951187534 0.021963575042741882 0.017759601146944106 -0.027199601605534553 0.011360296397469938 -0.00045782815544835983 -0.0045124165019379894
leaf_weight=37 55 31 30 124 31 228
leaf_count=37 55 31 30 124 31 228
internal_value=0 -0.00779651 0.00176626 -0.00114173 -0.0194471 0.00107911
internal_weight=0 99 437 382 68 352
internal_count=536 99 437 382 68 352
is_linear=0
shrinkage=0.1


Tree=57
num_leaves=6
num_cat=0
split_feature=31 18 9 24 24
split_gain=0.727039 1.78204 1.41427 2.28024 1.53262
threshold=1.9356005054539456 2.1383330595080281 2.524928003624769 2.524928003624769 3.2951505240983434
decision_type=2 2 2 2 2
left_child=-1 -2 -3 -4 -5
right_child=1 2 3 4 -6
leaf_value=0.011236147453578619 -0.020395476921376859 -0.016296668244864455 0.02169817404183387 -0.013609743653796615 0.0029821886380566012
leaf_weight=52 44 44 54 70 272
leaf_count=52 44 44 54 70 272
internal_value=0 -0.00120719 0.000711639 0.00260145 -0.000413821
internal_weight=0 484 440 396 342
internal_count=536 484 440 396 342
is_linear=0
shrinkage=0.1


Tree=58
num_leaves=7
num_cat=0
split_feature=27 45 5 56 55 52
split_gain=0.702279 2.0156 1.89462 0.753656 1.37069 1.04529
threshold=1.0397207708399181 1.0397207708399181 1.0397207708399181 1.4978661367769956 2.1383330595080281 1.0000000180025095e-35
decision_type=2 2 2 2 2 2
left_child=1 -1 -2 -4 -5 -6
right_child=2 -3 3 4 5 -7
leaf_value=0.026757794109118341 -0.023768804073333743 -0.0074286028742790227 -0.014101969541022273 0.016437654611999513 0.0078594241106864256 -0.0042374012299854361
leaf_weight=34 35 35 33 54 101 244
leaf_count=34 35 35 33 54 101 244
internal_value=0 0.00941687 -0.00139136 0.00042163 0.00162283 -0.000696012
internal_weight=0 69 467 432 399 345
internal_count=536 69 467 432 399 345
is_linear=0
shrinkage=0.1


Tree=59
num_leaves=7
num_cat=0
split_feature=0 21 1 54 15 42
split_gain=0.674985 1.58142 1.46731 2.08249 2.37272 1.32894
threshold=5.9414162388388405 6.3296430527342187 4.9052473428434826 3.891612008168019 3.6632328069201612 1.7005986908310777
decision_type=2 2 2 2 2 2
left_child=1 2 3 4 -1 -5
right_child=-2 -3 -4 5 -6 -7
leaf_value=-0.0032018101185671308 0.013854522235465773 -0.016440154355950653 0.012681095923604023 -0.029535855730780616 0.017846360065134792 -0.0012691468048583844
leaf_weight=218 33 58 88 39 71 29
leaf_count=218 33 58 88 39 71 29
internal_value=0 -0.000908945 0.00111535 -0.00173559 0.00196919 -0.0174809
internal_weight=0 503 445 357 289 68
internal_count=536 503 445 357 289 68
is_linear=0
shrinkage=0.1


Tree=60
num_leaves=7
num_cat=0
split_feature=51 34 27 37 5 25
split_gain=0.64841 2.34542 2.25663 1.50199 1.16642 1.63085
threshold=3.4334666422309414 2.8617925509761908 1.0397207708399181 1.8688348091416842 1.8688348091416842 2.6735537653587347
decision_type=2 2 2 2 2 2
left_child=1 3 -2 -1 -4 -6
right_child=2 -3 4 -5 5 -7
leaf_value=-0.0047452301132891866 0.023988350124166506 0.013506202306598426 -0.015270090726941514 -0.035519701101945654 0.02183065168160413 -0.0009303306318676701
leaf_weight=35 41 35 48 29 35 313
leaf_count=35 41 35 48 29 35 313
internal_value=0 -0.00730745 0.00165546 -0.0186899 -0.00065678 0.00135885
internal_weight=0 99 437 64 396 348
internal_count=536 99 437 64 396 348
is_linear=0
shrinkage=0.1


Tree=61
num_leaves=7
num_cat=0
split_feature=49 52 51 31 0 3
split_gain=0.631877 0.985422 1.57807 2.39261 2.23935 2.13663
threshold=7.3778897504816845 2.1383330595080281 5.7333360402263844 4.9089648320872419 3.0433873634561537 5.1179758838799021
decision_type=2 2 2 2 2 2
left_child=1 2 3 4 -1 -4
right_child=-2 -3 5 -5 -6 -7
leaf_value=0.003087092419004729 -0.014356183172364173 0.0099432118457722651 -0.035177007839083674 0.01382155811616202 -0.016814822817660786 0.002258903653390946
leaf_weight=155 29 96 30 106 89 31
leaf_count=155 29 96 30 106 89 31
internal_value=0 0.000821162 -0.00130954 0.00127733 -0.00417221 -0.0161522
internal_weight=0 507 411 350 244 61
internal_count=536 507 411 350 244 61
is_linear=0
shrinkage=0.1


Tree=62
num_leaves=7
num_cat=0
split_feature=31 37 34 24 26 7
split_gain=0.713418 1.51525 1.67613 1.07317 2.35838 1.82249
threshold=1.9356005054539456 1.0397207708399181 1.4978661367769959 3.3667009459186801 2.8029010331479989 3.4334666422309414
decision_type=2 2 2 2 2 2
left_child=-1 -2 -3 4 -4 -5
right_child=1 2 3 5 -6 -7
leaf_value=0.01113039838293424 -0.018059094624671465 0.019405120043733785 -0.0010791273926780826 -0.021257314806183179 -0.033593841666976612 0.0048498146463094687
leaf_weight=52 48 43 87 30 30 246
leaf_count=52 48 43 87 30 30 246
internal_value=0 -0.00119583 0.000660678 -0.00139024 -0.00941623 0.00201208
internal_weight=0 484 436 393 117 276
internal_count=536 484 436 393 117 276
is_linear=0
shrinkage=0.1


Tree=63
num_leaves=7
num_cat=0
split_feature=37 31 31 26 1 22
split_gain=0.710119 4.95447 2.70378 2.30572 0.872759 2.52742
threshold=2.3502401828962087 2.191013317336941 3.0433873634561537 0.89587973461402759 1.4978661367769956 1.0000000180025095e-35
decision_type=2 2 2 2 2 2
left_child=1 -1 -2 -3 -4 -6
right_child=2 3 4 -5 5 -7
leaf_value=0.041337443275317076 -0.030965422131121158 -0.018183349035680293 -0.011784507631539154 0.012155831914961987 0.029817897373189531 -0.00066207074524343582
leaf_weight=31 30 55 52 46 30 292
leaf_count=31 30 55 52 46 30 292
internal_value=0 0.00636776 -0.00208056 -0.0043655 0.000236411 0.00217768
internal_weight=0 132 404 101 374 322
internal_count=536 132 404 101 374 322
is_linear=0
shrinkage=0.1


Tree=64
num_leaves=7
num_cat=0
split_feature=56 55 14 34 33 14
split_gain=0.602745 1.13857 0.908774 2.50905 1.54731 0.396491
threshold=1.4978661367769956 2.1383330595080281 4.5746578350692051 4.3882378946731615 3.6632328069201612 5.2625693656955024
decision_type=2 2 2 2 2 2
left_child=-1 -2 3 4 -3 -4
right_child=1 2 5 -5 -6 -7
leaf_value=-0.013092161376367917 0.014577946815363788 0.0034914439948664083 -0.015869696654987577 0.027725608237652168 -0.011279005151636039 -0.002451831977814436
leaf_weight=33 54 223 49 33 104 40
leaf_count=33 54 223 49 33 104 40
internal_value=0 0.000858929 -0.00079102 0.00144589 -0.00120619 -0.0098392
internal_weight=0 503 449 360 327 89
internal_count=536 503 449 360 327 89
is_linear=0
shrinkage=0.1


Tree=65
num_leaves=7
num_cat=0
split_feature=45 0 31 54 1 31
split_gain=0.613412 1.17363 1.12744 2.55751 2.26715 3.19967
threshold=5.8943990397312573 5.2932921986212866 4.8751681865209777 3.4334666422309414 4.1430087342023825 4.4885732424042368
decision_type=2 2 2 2 2 2
left_child=2 -2 4 -4 5 -1
right_child=1 -3 3 -5 -6 -7
leaf_value=0.0088718932881925467 -0.024137891398678567 0.0017741543219678781 0.02316588221690976 -0.00042143966394601168 -0.025134848267771306 -0.019119981441875562
leaf_weight=144 29 44 65 157 40 57
leaf_count=144 29 44 65 157 40 57
internal_value=0 -0.00851967 0.00134327 0.00648476 -0.00339286 0.000933899
internal_weight=0 73 463 222 241 201
internal_count=536 73 463 222 241 201
is_linear=0
shrinkage=0.1


Tree=66
num_leaves=7
num_cat=0
split_feature=14 21 20 19 19 27
split_gain=0.548276 1.35255 1.3829 0.885116 2.53644 1.13857
threshold=5.8377261972180028 6.3296430527342187 5.4337124689388192 5.6275952344432003 5.2728812013611597 4.5538214868689204
decision_type=2 2 2 2 2 2
left_child=1 2 3 4 -1 -5
right_child=-2 -3 -4 5 -6 -7
leaf_value=0.00028659070546670657 0.012289375526940122 -0.014660232088476 0.022221404982024226 0.023924886945995594 -0.028227887915979539 0.0001849639165247309
leaf_weight=287 34 62 29 31 35 58
leaf_count=287 34 62 29 31 35 58
internal_value=0 -0.000832348 0.00111613 -0.000373054 -0.00281281 0.00845393
internal_weight=0 502 440 411 322 89
internal_count=536 502 440 411 322 89
is_linear=0
shrinkage=0.1


Tree=67
num_leaves=7
num_cat=0
split_feature=51 5 48 44 49 25
split_gain=0.523345 2.33729 1.86048 1.59906 1.0828 1.74411
threshold=3.4334666422309414 3.7256208424938388 1.9356005054539456 2.3502401828962087 2.191013317336941 1.8688348091416842
decision_type=2 2 2 2 2 2
left_child=1 3 -2 -1 -4 -6
right_child=2 -3 4 -5 5 -7
leaf_value=-0.030975919730357224 0.025520318547884627 0.01619184491855483 -0.017941215436439961 -0.00018623507311267236 0.022820315885302776 -0.00093092740148263567
leaf_weight=37 30 31 32 31 34 341
leaf_count=37 30 31 32 31 34 341
internal_value=0 -0.006565 0.00148727 -0.0169394 -0.000284212 0.00122252
internal_weight=0 99 437 68 407 375
internal_count=536 99 437 68 407 375
is_linear=0
shrinkage=0.1


Tree=68
num_leaves=7
num_cat=0
split_feature=37 31 41 48 54 48
split_gain=0.534296 4.01484 2.25546 1.86239 1.91239 0.896931
threshold=2.3502401828962087 2.191013317336941 3.0433873634561537 2.3502401828962087 2.0126758453675753 3.6105525490912482
decision_type=2 2 2 2 2 2
left_child=1 -1 -2 -3 -5 -4
right_child=2 3 5 4 -6 -7
leaf_value=0.037002906545756324 -0.026453047377221723 -0.02502876322134398 0.011434111970987532 0.023874587947502732 -0.0093504006997114277 -0.0017487329432579034
leaf_weight=31 34 30 62 30 41 308
leaf_count=31 34 30 62 30 41 308
internal_value=0 0.00552347 -0.0018047 -0.00413853 0.00468833 0.000460284
internal_weight=0 132 404 101 71 370
internal_count=536 132 404 101 71 370
is_linear=0
shrinkage=0.1


Tree=69
num_leaves=7
num_cat=0
split_feature=24 7 9 9 17 9
split_gain=0.595236 2.43557 4.33783 3.27668 2.05802 1.58031
threshold=3.3667009459186801 3.4334666422309414 4.3303869599468818 2.6735537653587347 1.8688348091416842 1.0397207708399181
decision_type=2 2 2 2 2 2
left_child=1 3 -3 5 -5 -1
right_child=-2 2 -4 4 -6 -7
leaf_value=0.00016589242844812334 0.0029668847144695069 0.0033426391892135143 -0.048144198519488174 0.03104201170848683 0.0025328980475340206 -0.031764539235061215
leaf_weight=31 299 36 30 40 69 31
leaf_count=31 299 36 30 40 69 31
internal_value=0 -0.00374303 -0.0200605 0.00255493 0.012995 -0.0157993
internal_weight=0 237 66 171 109 62
internal_count=536 237 66 171 109 62
is_linear=0
shrinkage=0.1


Tree=70
num_leaves=7
num_cat=0
split_feature=49 33 0 56 29 53
split_gain=0.516001 0.798009 2.58273 3.86582 1.88999 3.71637
threshold=7.3778897504816845 4.4601277074540464 3.7012257604091228 3.6242520361853052 3.9219243190762363 2.6735537653587347
decision_type=2 2 2 2 2 2
left_child=1 2 4 -4 5 -1
right_child=-2 -3 3 -5 -6 -7
leaf_value=0.008492127330277429 -0.012973227632103552 0.0059099858352713829 -0.038665787884522053 0.00062739520771203626 0.019024034210791192 -0.02499768467823742
leaf_weight=107 29 188 42 62 60 48
leaf_count=107 29 188 42 62 60 48
internal_value=0 0.000742058 -0.00230362 -0.015241 0.00395447 -0.00187891
internal_weight=0 507 319 104 215 155
internal_count=536 507 319 104 215 155
is_linear=0
shrinkage=0.1


Tree=71
num_leaves=7
num_cat=0
split_feature=0 21 1 43 55 5
split_gain=0.496573 1.19552 1.04095 1.53019 1.62694 0.963702
threshold=5.8406247560601656 6.3296430527342187 4.9052473428434826 4.976709960642169 3.0677824455408698 4.744894319750431
decision_type=2 2 2 2 2 2
left_child=1 2 3 4 -1 -4
right_child=-2 -3 5 -5 -6 -7
leaf_value=0.020562868871557942 0.011343392379219747 -0.014448646540965952 0.025654589375159867 -0.023459848202764991 -0.0019681268507791747 0.0032630348884451544
leaf_weight=36 36 57 29 29 292 57
leaf_count=36 36 57 29 29 292 57
internal_value=0 -0.000816724 0.00093727 -0.00144192 0.000504787 0.0108137
internal_weight=0 500 443 357 328 86
internal_count=536 500 443 357 328 86
is_linear=0
shrinkage=0.1


Tree=72
num_leaves=7
num_cat=0
split_feature=24 7 9 9 17 48
split_gain=0.472158 2.2126 3.27754 2.59584 1.68765 1.59734
threshold=3.2951505240983434 3.4334666422309414 4.1430087342023825 2.6735537653587347 1.8688348091416842 3.2769667020129059
decision_type=2 2 2 2 2 2
left_child=1 3 -3 -1 -5 -6
right_child=-2 2 -4 4 5 -7
leaf_value=-0.013761436963273633 0.0026026626565130951 0.0016728592707830317 -0.044089246014582702 0.028209014791063965 -0.012559356705418656 0.018106972064935802
leaf_weight=62 303 34 29 40 35 33
leaf_count=62 303 34 29 40 35 33
internal_value=0 -0.00338458 -0.0193922 0.00254767 0.0119103 0.00232283
internal_weight=0 233 63 170 108 68
internal_count=536 233 63 170 108 68
is_linear=0
shrinkage=0.1


Tree=73
num_leaves=7
num_cat=0
split_feature=31 37 18 6 16 21
split_gain=0.49472 1.17912 1.48927 1.22801 1.4664 0.892097
threshold=1.9356005054539456 1.0397207708399181 2.524928003624769 2.1383330595080281 3.4960482137079443 3.8499212036984933
decision_type=2 2 2 2 2 2
left_child=-1 -2 -3 5 -5 -4
right_child=1 2 3 4 -6 -7
leaf_value=0.0092686935596597887 -0.015871560426118474 0.021766601587014815 0.002267044596374035 0.013763697239337489 -0.0019721112669222954 -0.01783231267528165
leaf_weight=52 48 31 34 80 228 63
leaf_count=52 48 31 34 80 228 63
internal_value=0 -0.00099581 0.000641887 -0.000975066 0.00211511 -0.0107872
internal_weight=0 484 436 405 308 97
internal_count=536 484 436 405 308 97
is_linear=0
shrinkage=0.1


Tree=74
num_leaves=7
num_cat=0
split_feature=37 31 31 0 6 1
split_gain=0.464501 3.16277 1.82735 1.7342 1.48895 1.30524
threshold=2.3502401828962087 2.191013317336941 3.7132745361986528 3.0433873634561537 0.89587973461402759 2.3937458713910238
decision_type=2 2 2 2 2 2
left_child=1 -1 -2 4 -3 -4
right_child=2 3 5 -5 -6 -7
leaf_value=0.033090117832105005 -0.018990267683172003 0.020688194770585089 -0.01174122056302925 -0.021419551258108446 -0.0093655075907008722 0.0038652384438829729
leaf_weight=31 53 34 66 35 32 285
leaf_count=31 53 34 66 35 32 285
internal_value=0 0.00515009 -0.0016827 -0.00342556 0.0061167 0.000930691
internal_weight=0 132 404 101 66 351
internal_count=536 132 404 101 66 351
is_linear=0
shrinkage=0.1


Tree=75
num_leaves=7
num_cat=0
split_feature=55 55 28 1 4 13
split_gain=0.487621 1.21487 0.81823 1.79915 2.00203 0.771227
threshold=1.4978661367769956 2.1383330595080281 5.8021138116885078 4.9052473428434826 4.0773937863842606 4.976709960642169
decision_type=2 2 2 2 2 2
left_child=-1 -2 3 4 -3 -5
right_child=1 2 -4 5 -6 -7
leaf_value=-0.011775679407979954 0.016846634425915951 0.0023796278459719388 -0.013537875395009502 0.027335913839439552 -0.014683263443018261 0.0062366288655051373
leaf_weight=33 43 249 45 30 95 41
leaf_count=33 43 249 45 30 95 41
internal_value=0 0.000772559 -0.000730017 0.000658787 -0.00233251 0.0151518
internal_weight=0 503 460 415 344 71
internal_count=536 503 460 415 344 71
is_linear=0
shrinkage=0.1


Tree=76
num_leaves=7
num_cat=0
split_feature=56 1 30 10 39 1
split_gain=0.445836 1.59862 1.74732 1.72487 1.57325 1.33149
threshold=3.6242520361853052 4.007167868649713 0.89587973461402759 4.8597823571876004 3.1984648276080736 3.1345481418531311
decision_type=2 2 2 2 2 2
left_child=5 2 -2 -3 -4 -1
right_child=1 3 4 -5 -6 -7
leaf_value=-0.010873479453603859 0.029753500528426638 -0.026202226916713447 -0.012702666677753716 0.0065684023455509707 0.017718429854892963 0.0021118660911082455
leaf_weight=115 36 29 34 36 34 252
leaf_count=115 36 29 34 36 34 252
internal_value=0 0.00425006 0.0119391 -0.00805234 0.00250788 -0.00195711
internal_weight=0 169 104 65 68 367
internal_count=536 169 104 65 68 367
is_linear=0
shrinkage=0.1


Tree=77
num_leaves=7
num_cat=0
split_feature=4 52 51 3 31 0
split_gain=0.446119 1.4747 0.820023 1.63977 1.45098 1.66192
threshold=5.5412558557490508 2.249904835165133 5.7333360402263844 5.0688844241303981 4.8751681865209777 3.0433873634561537
decision_type=2 2 2 2 2 2
left_child=1 2 4 -4 5 -1
right_child=-2 -3 3 -5 -6 -7
leaf_value=0.0029415760303064336 -0.0073831248038444906 0.018123599313928384 -0.028773850456265539 0.002984901242008483 0.010457287663736855 -0.014477846088873989
leaf_weight=154 71 46 29 37 114 85
leaf_count=154 71 46 29 37 114 85
internal_value=0 0.00112732 -0.000738625 -0.0109697 0.00117427 -0.00325362
internal_weight=0 465 419 66 353 239
internal_count=536 465 419 66 353 239
is_linear=0
shrinkage=0.1


Tree=78
num_leaves=7
num_cat=0
split_feature=55 55 2 1 47 13
split_gain=0.449303 0.969772 0.665775 1.09909 1.73327 1.08661
threshold=1.4978661367769956 2.1383330595080281 5.5606520443413574 4.9052473428434826 4.744894319750431 5.2094712223428914
decision_type=2 2 2 2 2 2
left_child=-1 -2 3 4 -3 -5
right_child=1 2 -4 5 -6 -7
leaf_value=-0.011303530184721406 0.015102944223123582 0.00029841976156487921 -0.013657078886171804 0.021080821884148147 -0.024487061906726129 -0.0026993319919600971
leaf_weight=33 43 314 36 46 31 33
leaf_count=33 43 314 36 46 31 33
internal_value=0 0.000741583 -0.000600892 0.000507653 -0.00192868 0.0111473
internal_weight=0 503 460 424 345 79
internal_count=536 503 460 424 345 79
is_linear=0
shrinkage=0.1


Tree=79
num_leaves=7
num_cat=0
split_feature=54 15 37 2 29 7
split_gain=0.433282 1.87679 1.66394 1.44829 2.2272 2.04622
threshold=3.891612008168019 3.6632328069201612 4.5538214868689204 3.5694334999727624 3.8499212036984933 2.1383330595080281
decision_type=2 2 2 2 2 2
left_child=1 3 -3 4 5 -1
right_child=-2 2 -4 -5 -6 -7
leaf_value=-0.017790300567765118 -0.003368390384908675 0.023977425334150676 -0.0047875803584853808 -0.016804366888633619 0.027229078904051209 0.0068779897420360465
leaf_weight=57 223 61 30 54 29 82
leaf_count=57 223 61 30 54 29 82
internal_value=0 0.00239984 0.0144945 -0.00255786 0.00202138 -0.00323778
internal_weight=0 313 91 222 168 139
internal_count=536 313 91 222 168 139
is_linear=0
shrinkage=0.1


Tree=80
num_leaves=7
num_cat=0
split_feature=37 31 41 29 46 24
split_gain=0.46664 2.39977 1.50007 1.48937 2.34283 0.805671
threshold=2.3502401828962087 2.191013317336941 3.0433873634561537 2.3937458713910238 0.89587973461402759 2.524928003624769
decision_type=2 2 2 2 2 2
left_child=1 -1 -2 -3 -5 -4
right_child=2 3 5 4 -6 -7
leaf_value=0.0294995277038505 -0.021787977865075366 0.015939677846167358 0.011831049804687592 -0.029760751254489706 0.0068882331956882734 -0.0017052273052209203
leaf_weight=31 34 31 51 33 37 319
leaf_count=31 34 31 51 33 37 319
internal_value=0 0.00516193 -0.00168657 -0.00230802 -0.0103891 0.000160584
internal_weight=0 132 404 101 70 370
internal_count=536 132 404 101 70 370
is_linear=0
shrinkage=0.1


Tree=81
num_leaves=7
num_cat=0
split_feature=24 7 1 9 9 17
split_gain=0.412783 1.72952 3.08969 2.26564 1.61127 1.37963
threshold=3.3667009459186801 3.4334666422309414 3.5694334999727624 2.6735537653587347 1.0397207708399181 1.8688348091416842
decision_type=2 2 2 2 2 2
left_child=1 3 -3 4 -1 -5
right_child=-2 2 -4 5 -6 -7
leaf_value=0.0030489017210540274 0.0024706829696882794 0.0022876676901973582 -0.04130664946318701 0.025647546963300558 -0.029192824992201022 0.0023054296710946854
leaf_weight=31 299 37 29 40 31 69
leaf_count=31 299 37 29 40 31 69
internal_value=0 -0.00311702 -0.0168674 0.00219015 -0.013072 0.0108713
internal_weight=0 237 66 171 62 109
internal_count=536 237 66 171 62 109
is_linear=0
shrinkage=0.1


Tree=82
num_leaves=7
num_cat=0
split_feature=19 55 29 17 8 34
split_gain=0.392886 2.54085 1.50092 0.767304 1.83568 0.75904
threshold=2.524928003624769 3.5694334999727624 3.1132683346437333 1.0397207708399181 2.602003343538398 2.9174053685313028
decision_type=2 2 2 2 2 2
left_child=1 -1 -2 -4 -5 -6
right_child=2 -3 3 4 5 -7
leaf_value=-0.011409929890016263 -0.017740145410715166 0.021858849805236485 0.014525024541276131 -0.024278858443722129 0.014117261705299221 -0.00027939125948823286
leaf_weight=44 49 48 37 30 42 286
leaf_count=44 49 48 37 30 42 286
internal_value=0 0.00594769 -0.00123241 0.00081539 -0.000601527 0.00156408
internal_weight=0 92 444 395 358 328
internal_count=536 92 444 395 358 328
is_linear=0
shrinkage=0.1


Tree=83
num_leaves=7
num_cat=0
split_feature=53 36 13 48 9 33
split_gain=0.390283 0.705362 1.64983 1.38351 0.91736 1.51798
threshold=6.0844345482663158 4.1430087342023825 5.1647696471263407 4.9199542854466296 5.5797227059640084 3.6632328069201612
decision_type=2 2 2 2 2 2
left_child=1 3 -3 4 5 -1
right_child=-2 2 -4 -5 -6 -7
leaf_value=0.0021937192973047817 -0.010708966818037881 0.023623090732570101 -0.00062091359083823279 -0.020758999885155768 0.013870225646261052 -0.015105100573542028
leaf_weight=231 32 41 89 34 44 65
leaf_count=231 32 41 89 34 44 65
internal_value=0 0.000679934 0.00702527 -0.00152566 0.000397669 -0.00160501
internal_weight=0 504 130 374 340 296
internal_count=536 504 130 374 340 296
is_linear=0
shrinkage=0.1


Tree=84
num_leaves=7
num_cat=0
split_feature=24 24 5 2 9 34
split_gain=0.392233 1.76623 1.58925 1.56904 1.90377 1.24908
threshold=3.2951505240983434 2.8617925509761908 3.3667009459186801 3.5694334999727624 2.6735537653587347 3.8499212036984933
decision_type=2 2 2 2 2 2
left_child=1 2 3 4 -1 -2
right_child=5 -3 -4 -5 -6 -7
leaf_value=-0.0098521504720503646 0.01397833727352636 -0.019328477471404207 0.022604342146466175 -0.019869330086005041 0.016227265475562924 -0.0011797127794626909
leaf_weight=55 71 52 30 39 57 232
leaf_count=55 71 52 30 39 57 232
internal_value=0 -0.00308484 0.00158184 -0.00259482 0.00342041 0.00237217
internal_weight=0 233 181 151 112 303
internal_count=536 233 181 151 112 303
is_linear=0
shrinkage=0.1


Tree=85
num_leaves=7
num_cat=0
split_feature=14 49 29 49 41 8
split_gain=0.400501 1.45461 2.27278 1.2152 0.651942 0.73257
threshold=1.4978661367769959 1.0397207708399181 4.8121513051691478 1.5890269151739729 3.2180751841847144 3.2180751841847144
decision_type=2 2 2 2 2 2
left_child=1 -1 -3 -2 -5 -6
right_child=3 2 -4 4 5 -7
leaf_value=0.024571429677949896 -0.017466732389515356 -0.02281255651265383 0.013798341024905826 0.013453370540269783 -0.011353989050257952 0.0010892725152299419
leaf_weight=29 42 30 39 35 56 305
leaf_count=29 42 30 39 35 56 305
internal_value=0 0.00577888 -0.00211944 -0.00129299 0.000422406 -0.000840984
internal_weight=0 98 69 438 396 361
internal_count=536 98 69 438 396 361
is_linear=0
shrinkage=0.1


Tree=86
num_leaves=7
num_cat=0
split_feature=11 9 51 35 48 40
split_gain=0.409599 1.93824 1.73777 2.80823 1.40973 1.24027
threshold=4.465842055365858 2.6735537653587347 4.2045812236012674 2.9174053685313028 2.1383330595080281 1.700598690831078
decision_type=2 2 2 2 2 2
left_child=2 -2 3 4 -1 -3
right_child=1 5 -4 -5 -6 -7
leaf_value=-0.030455445619300012 -0.023897378559922799 0.019922728324308994 0.01971133472234942 0.019701420349117958 -0.0028220881302938022 -0.0013897149272930906
leaf_weight=30 36 30 50 38 48 304
leaf_count=30 36 30 50 38 48 304
internal_value=0 -0.00185161 0.00412709 -0.00259026 -0.0134503 0.000524576
internal_weight=0 370 166 116 78 334
internal_count=536 370 166 116 78 334
is_linear=0
shrinkage=0.1


Tree=87
num_leaves=7
num_cat=0
split_feature=19 55 29 16 22 6
split_gain=0.455075 2.01181 1.17023 0.626464 2.49623 2.14002
threshold=2.524928003624769 3.5694334999727624 3.1132683346437333 3.4960482137079443 1.2424533248940004 3.0201273556387074
decision_type=2 2 2 2 2 2
left_child=1 -1 -2 5 -5 -4
right_child=2 -3 3 4 -6 -7
leaf_value=-0.009044072821350049 -0.015902555923984978 0.020559237371586884 -0.00035136679440641601 -0.030353887374352281 0.0010703315710776538 0.028370802890276537
leaf_weight=44 49 48 137 29 197 32
leaf_count=44 49 48 137 29 197 32
internal_value=0 0.00640113 -0.00132636 0.000481825 -0.00296198 0.00508715
internal_weight=0 92 444 395 226 169
internal_count=536 92 444 395 226 169
is_linear=0
shrinkage=0.1


Tree=88
num_leaves=7
num_cat=0
split_feature=0 11 11 13 33 1
split_gain=0.381031 0.940175 0.973092 0.860755 0.832099 2.00533
threshold=5.9414162388388405 6.3296430527342187 5.8435402162155627 5.2094712223428914 3.2769667020129059 4.3437210834879627
decision_type=2 2 2 2 2 2
left_child=1 2 4 -4 -1 -6
right_child=-2 -3 3 -5 5 -7
leaf_value=0.002629210836461021 0.010409381253306163 -0.012658218574180299 0.023725318149081433 0.0018409316694909116 -0.018488638979693255 0.0048757523456717739
leaf_weight=225 33 58 32 41 75 72
leaf_count=225 33 58 32 41 75 72
internal_value=0 -0.000682922 0.000877904 0.0114341 -0.00119361 -0.00704486
internal_weight=0 503 445 73 372 147
internal_count=536 503 445 73 372 147
is_linear=0
shrinkage=0.1


Tree=89
num_leaves=7
num_cat=0
split_feature=11 18 28 43 1 43
split_gain=0.36052 0.845858 0.724537 0.665621 2.01129 1.13929
threshold=1.0397207708399181 2.1383330595080281 3.0201273556387074 4.0342014792848504 4.007167868649713 5.0304165616299539
decision_type=2 2 2 2 2 2
left_child=-1 -2 -3 4 -4 -5
right_child=1 2 3 5 -6 -7
leaf_value=0.0090114152876705662 -0.013217809736462577 0.011599195319807756 0.0010419313998149314 0.011484640165078665 -0.024650005797766859 -0.0028128630049698254
leaf_weight=41 49 53 111 88 42 152
leaf_count=41 49 53 111 88 42 152
internal_value=0 -0.0007464 0.000623777 -0.000856368 -0.00601076 0.00242955
internal_weight=0 495 446 393 153 240
internal_count=536 495 446 393 153 240
is_linear=0
shrinkage=0.1


Tree=90
num_leaves=7
num_cat=0
split_feature=37 31 29 46 41 48
split_gain=0.372077 1.65348 1.32281 1.69782 1.16456 0.654821
threshold=2.3502401828962087 2.191013317336941 2.3937458713910238 0.89587973461402759 3.0433873634561537 2.9174053685313028
decision_type=2 2 2 2 2 2
left_child=1 -1 -3 -4 -2 -6
right_child=4 2 3 -5 5 -7
leaf_value=0.024811234826883001 -0.019217355455860827 0.015605890077929344 -0.025697902470093334 0.00550084489120825 0.014283990475038689 -0.0011281204350320074
leaf_weight=31 34 31 33 37 30 340
leaf_count=31 34 31 33 37 30 340
internal_value=0 0.00460933 -0.00159126 -0.00920714 -0.00150602 0.00012151
internal_weight=0 132 101 70 404 370
internal_count=536 132 101 70 404 370
is_linear=0
shrinkage=0.1


Tree=91
num_leaves=7
num_cat=0
split_feature=14 11 11 14 35 49
split_gain=0.38237 1.10151 0.911059 0.680876 1.43528 1.17012
threshold=5.424940314113365 6.3296430527342187 5.8888741216379641 1.4978661367769959 1.5890269151739729 1.5890269151739729
decision_type=2 2 2 2 2 2
left_child=1 2 3 4 -1 -5
right_child=-2 -3 -4 5 -6 -7
leaf_value=-0.0033685873352712198 0.006948534525767225 -0.017831040786889695 0.01203632491243329 -0.019784527583688035 0.021960756302412069 -0.0012882679561991642
leaf_weight=62 69 36 58 40 35 236
leaf_count=62 69 36 58 40 35 236
internal_value=0 -0.00102666 0.000376957 -0.00143603 0.00577087 -0.00396889
internal_weight=0 467 431 373 97 276
internal_count=536 467 431 373 97 276
is_linear=0
shrinkage=0.1


Tree=92
num_leaves=7
num_cat=0
split_feature=24 7 9 9 9 48
split_gain=0.354728 1.34314 2.79707 1.47844 1.32525 1.17178
threshold=3.3667009459186801 3.4334666422309414 4.3303869599468818 2.6735537653587347 1.0397207708399181 3.9316333620047872
decision_type=2 2 2 2 2 2
left_child=1 3 -3 4 -1 -2
right_child=5 2 -4 -5 -6 -7
leaf_value=0.0040787804150773637 0.016430713456808306 0.0037856662387235301 -0.03755824324674905 0.0088001274412984904 -0.025161640841754214 -0.00048114721998572351
leaf_weight=31 49 36 30 109 31 250
leaf_count=31 49 36 30 109 31 250
internal_value=0 -0.00288953 -0.015007 0.0017874 -0.0105414 0.00229036
internal_weight=0 237 66 171 62 299
internal_count=536 237 66 171 62 299
is_linear=0
shrinkage=0.1


Tree=93
num_leaves=7
num_cat=0
split_feature=19 55 29 49 16 22
split_gain=0.365685 1.53903 1.12263 0.9681 0.640447 1.80173
threshold=2.524928003624769 3.5694334999727624 3.3667009459186805 2.9430520157250784 3.4960482137079443 1.2424533248940004
decision_type=2 2 2 2 2 2
left_child=1 -1 3 -2 -4 -6
right_child=2 -3 4 -5 5 -7
leaf_value=-0.0077709197024391462 0.00064314777946806166 0.018121383918332869 0.0059732055473480598 -0.023617745112125322 -0.025709718549302943 0.00098753740637548982
leaf_weight=44 29 48 151 38 29 197
leaf_count=44 29 48 151 38 29 197
internal_value=0 0.00573811 -0.00118898 -0.0131168 0.000930815 -0.00243822
internal_weight=0 92 444 67 377 226
internal_count=536 92 444 67 377 226
is_linear=0
shrinkage=0.1


Tree=94
num_leaves=7
num_cat=0
split_feature=10 54 50 23 47 37
split_gain=0.354497 1.19203 1.00233 1.48142 0.650777 1.143
threshold=5.3706272113530096 4.744894319750431 5.1532748880139918 4.6346818562128229 4.4601277074540464 4.2625806805327082
decision_type=2 2 2 2 2 2
left_child=2 -2 4 -4 5 -1
right_child=1 -3 3 -5 -6 -7
leaf_value=0.0013001157637189075 0.018598474369089051 -0.0026577135132676045 -0.029477301477615177 -0.0010674846172332765 0.011075028428738868 -0.019026837379374963
leaf_weight=257 41 74 29 50 54 31
leaf_count=257 41 74 29 50 54 31
internal_value=0 0.00492058 -0.0013441 -0.0114964 0.00100102 -0.000887855
internal_weight=0 115 421 79 342 288
internal_count=536 115 421 79 342 288
is_linear=0
shrinkage=0.1


Tree=95
num_leaves=6
num_cat=0
split_feature=55 55 20 20 50
split_gain=0.338229 0.81674 0.433739 0.795881 0.970589
threshold=1.4978661367769956 2.0126758453675748 5.6869696108313716 5.4337124689388192 5.1416464569318583
decision_type=2 2 2 2 2
left_child=-1 -2 3 4 -3
right_child=1 2 -4 -5 -6
leaf_value=-0.0098073143229791618 0.015850639868188989 0.0013370330722790123 -0.012058371094365916 0.014201996715641336 -0.011548062138469288
leaf_weight=33 33 331 30 38 71
leaf_count=33 33 331 30 38 71
internal_value=0 0.000643422 -0.000424319 0.000368912 -0.000938693
internal_weight=0 503 470 440 402
internal_count=536 503 470 440 402
is_linear=0
shrinkage=0.1


Tree=96
num_leaves=7
num_cat=0
split_feature=11 9 29 54 6 27
split_gain=0.317534 1.56982 1.46163 2.60496 2.11762 1.32927
threshold=4.465842055365858 2.6735537653587347 1.0397207708399181 2.0126758453675753 2.4414009612931857 2.6735537653587347
decision_type=2 2 2 2 2 2
left_child=2 -2 -1 -4 5 -5
right_child=1 -3 3 4 -6 -7
leaf_value=0.023215502174571159 -0.021470470289285812 0.00050816961594098836 -0.025284530146216806 0.0089119640813971109 0.029898941517679085 -0.018664776411806718
leaf_weight=31 36 334 33 44 29 29
leaf_count=31 36 334 33 44 29 29
internal_value=0 -0.00163029 0.00363378 -0.000862758 0.0070384 -0.00204318
internal_weight=0 370 166 135 102 73
internal_count=536 370 166 135 102 73
is_linear=0
shrinkage=0.1


Tree=97
num_leaves=7
num_cat=0
split_feature=19 51 29 39 3 3
split_gain=0.327915 1.37345 0.917867 0.751535 0.563449 1.88079
threshold=2.524928003624769 3.4960482137079443 3.3667009459186805 3.0433873634561537 3.7012257604091228 4.1891953942678901
decision_type=2 2 2 2 2 2
left_child=1 -1 3 -2 -4 -6
right_child=2 -3 4 -5 5 -7
leaf_value=-0.0070531889007219841 -0.0017842531869454042 0.017389240973886659 0.007096256377532608 -0.022987525042844938 -0.02396905723620545 0.0014863622459849631
leaf_weight=45 35 47 103 32 33 241
leaf_count=45 35 47 103 32 33 241
internal_value=0 0.0054337 -0.0011259 -0.0119112 0.000790846 -0.00157944
internal_weight=0 92 444 67 377 274
internal_count=536 92 444 67 377 274
is_linear=0
shrinkage=0.1


Tree=98
num_leaves=7
num_cat=0
split_feature=37 7 3 31 0 1
split_gain=0.327513 1.34978 1.59364 0.986416 3.2001 1.11147
threshold=2.3502401828962087 2.1383330595080281 2.7058230259275202 3.9701138825728512 2.0126758453675753 1.4978661367769956
decision_type=2 2 2 2 2 2
left_child=1 2 -1 4 -2 -5
right_child=3 -3 -4 5 -6 -7
leaf_value=-0.015012342188203213 0.008489394633044654 0.017274379753507676 0.013415741852738642 -0.016399081612882369 -0.035934653824135181 0.0026625242722449734
leaf_weight=49 34 50 33 34 31 305
leaf_count=49 34 50 33 34 31 305
internal_value=0 0.0043245 -0.00357177 -0.00141295 -0.0126975 0.000750741
internal_weight=0 132 82 404 65 339
internal_count=536 132 82 404 65 339
is_linear=0
shrinkage=0.1


Tree=99
num_leaves=7
num_cat=0
split_feature=19 55 29 17 28 39
split_gain=0.330181 1.24012 0.75055 0.507312 1.46714 0.605013
threshold=2.524928003624769 3.5694334999727624 2.9430520157250784 1.0397207708399181 2.602003343538398 5.2363853729368453
decision_type=2 2 2 2 2 2
left_child=1 -1 -2 -4 -5 -6
right_child=2 -3 3 4 5 -7
leaf_value=-0.0066739844179458238 -0.014971098619409734 0.016568339150398969 0.011257398108372818 -0.022617572488199022 0.0061802547151007907 -0.0024844935570210924
leaf_weight=44 36 48 37 29 130 212
leaf_count=44 36 48 37 29 130 212
internal_value=0 0.00545245 -0.00112979 9.15064e-05 -0.00102207 0.000809124
internal_weight=0 92 444 408 371 342
internal_count=536 92 444 408 371 342
is_linear=0
shrinkage=0.1


end of trees

feature_importances:
Column_0=43
Column_14=33
Column_55=30
Column_9=29
Column_31=29
Column_1=23
Column_54=22
Column_29=18
Column_56=18
Column_5=17
Column_48=17
Column_11=15
Column_49=15
Column_24=14
Column_27=14
Column_7=13
Column_37=13
Column_19=12
Column_40=12
Column_3=10
Column_51=10
Column_53=10
Column_6=9
Column_15=9
Column_35=9
Column_28=8
Column_30=8
Column_33=8
Column_39=8
Column_2=7
Column_4=7
Column_17=7
Column_34=7
Column_43=7
Column_44=7
Column_21=6
Column_22=6
Column_8=5
Column_18=5
Column_41=5
Column_45=5
Column_50=5
Column_10=4
Column_13=4
Column_16=4
Column_47=4
Column_12=3
Column_20=3
Column_23=3
Column_25=3
Column_26=3
Column_32=3
Column_46=3
Column_52=3
Column_36=1
Column_38=1
Column_42=1

parameters:
[boosting: gbdt]
[objective: regression]
[metric: l1]
[tree_learner: serial]
[device_type: cpu]
[data_sample_strategy: bagging]
[data: ]
[valid: ]
[num_iterations: 100]
[learning_rate: 0.1]
[num_leaves: 7]
[num_threads: 16]
[seed: 0]
[deterministic: 0]
[force_col_wise: 0]
[force_row_wise: 0]
[histogram_pool_size: -1]
[max_depth: 5]
[min_data_in_leaf: 29]
[min_sum_hessian_in_leaf: 0.001]
[bagging_fraction: 1]
[pos_bagging_fraction: 1]
[neg_bagging_fraction: 1]
[bagging_freq: 0]
[bagging_seed: 3]
[feature_fraction: 1]
[feature_fraction_bynode: 1]
[feature_fraction_seed: 2]
[extra_trees: 0]
[extra_seed: 6]
[early_stopping_round: 0]
[first_metric_only: 0]
[max_delta_step: 0]
[lambda_l1: 0]
[lambda_l2: 0]
[linear_lambda: 0]
[min_gain_to_split: 0]
[drop_rate: 0.1]
[max_drop: 50]
[skip_drop: 0.5]
[xgboost_dart_mode: 0]
[uniform_drop: 0]
[drop_seed: 4]
[top_rate: 0.2]
[other_rate: 0.1]
[min_data_per_group: 100]
[max_cat_threshold: 32]
[cat_l2: 10]
[cat_smooth: 10]
[max_cat_to_onehot: 4]
[top_k: 20]
[monotone_constraints: ]
[monotone_constraints_method: basic]
[monotone_penalty: 0]
[feature_contri: ]
[forcedsplits_filename: ]
[refit_decay_rate: 0.9]
[cegb_tradeoff: 1]
[cegb_penalty_split: 0]
[cegb_penalty_feature_lazy: ]
[cegb_penalty_feature_coupled: ]
[path_smooth: 0]
[interaction_constraints: ]
[verbosity: -1]
[saved_feature_importance_type: 0]
[use_quantized_grad: 0]
[num_grad_quant_bins: 4]
[quant_train_renew_leaf: 0]
[stochastic_rounding: 1]
[linear_tree: 0]
[max_bin: 255]
[max_bin_by_feature: ]
[min_data_in_bin: 3]
[bin_construct_sample_cnt: 200000]
[data_random_seed: 1]
[is_enable_sparse: 1]
[enable_bundle: 1]
[use_missing: 1]
[zero_as_missing: 0]
[feature_pre_filter: 1]
[pre_partition: 0]
[two_round: 0]
[header: 0]
[label_column: ]
[weight_column: ]
[group_column: ]
[ignore_column: ]
[categorical_feature: ]
[forcedbins_filename: ]
[precise_float_parser: 0]
[parser_config_file: ]
[objective_seed: 5]
[num_class: 1]
[is_unbalance: 0]
[scale_pos_weight: 1]
[sigmoid: 1]
[boost_from_average: 1]
[reg_sqrt: 0]
[alpha: 0.9]
[fair_c: 1]
[poisson_max_delta_step: 0.7]
[tweedie_variance_power: 1.5]
[lambdarank_truncation_level: 30]
[lambdarank_norm: 1]
[label_gain: ]
[lambdarank_position_bias_regularization: 0]
[eval_at: ]
[multi_error_top_k: 1]
[auc_mu_weights: ]
[num_machines: 1]
[local_listen_port: 12400]
[time_out: 120]
[machine_list_filename: ]
[machines: ]
[gpu_platform_id: -1]
[gpu_device_id: -1]
[gpu_use_dp: 0]
[num_gpu: 1]

end of parameters

pandas_categorical:null
