tree
version=v4
num_class=1
num_tree_per_iteration=1
label_index=0
max_feature_idx=135
objective=regression
feature_names=Column_0 Column_1 Column_2 Column_3 Column_4 Column_5 Column_6 Column_7 Column_8 Column_9 Column_10 Column_11 Column_12 Column_13 Column_14 Column_15 Column_16 Column_17 Column_18 Column_19 Column_20 Column_21 Column_22 Column_23 Column_24 Column_25 Column_26 Column_27 Column_28 Column_29 Column_30 Column_31 Column_32 Column_33 Column_34 Column_35 Column_36 Column_37 Column_38 Column_39 Column_40 Column_41 Column_42 Column_43 Column_44 Column_45 Column_46 Column_47 Column_48 Column_49 Column_50 Column_51 Column_52 Column_53 Column_54 Column_55 Column_56 Column_57 Column_58 Column_59 Column_60 Column_61 Column_62 Column_63 Column_64 Column_65 Column_66 Column_67 Column_68 Column_69 Column_70 Column_71 Column_72 Column_73 Column_74 Column_75 Column_76 Column_77 Column_78 Column_79 Column_80 Column_81 Column_82 Column_83 Column_84 Column_85 Column_86 Column_87 Column_88 Column_89 Column_90 Column_91 Column_92 Column_93 Column_94 Column_95 Column_96 Column_97 Column_98 Column_99 Column_100 Column_101 Column_102 Column_103 Column_104 Column_105 Column_106 Column_107 Column_108 Column_109 Column_110 Column_111 Column_112 Column_113 Column_114 Column_115 Column_116 Column_117 Column_118 Column_119 Column_120 Column_121 Column_122 Column_123 Column_124 Column_125 Column_126 Column_127 Column_128 Column_129 Column_130 Column_131 Column_132 Column_133 Column_134 Column_135
feature_infos=[0:5.768320995793772] [0:5.768320995793772] [0:5.768320995793772] [0:5.768320995793772] [0:5.768320995793772] [0:5.768320995793772] [0:5.768320995793772] [0:5.768320995793772] [0:5.768320995793772] [0:5.768320995793772] [0:5.768320995793772] [0:5.768320995793772] [0:6.7068623366027467] [0:6.253828811575473] [0:6.5708829623395841] [0:4.7621739347977563] [0:5.3375380797013179] [0:6.4630294569206699] [0:6.6174029779744776] [0:7.1608459066642993] [0:7.9540210872780372] [0:6.4101748819661672] [0:6.6346333578616861] [0:6.253828811575473] [0:6.5708829623395841] [0:4.7621739347977563] [0:5.3375380797013179] [0:6.4630294569206699] [0:6.6174029779744776] [0:7.1608459066642993] [0:7.9540210872780372] [0:6.4101748819661672] [0:6.6346333578616861] [0:6.253828811575473] [0:6.5708829623395841] [0:4.7621739347977563] [0:5.3375380797013179] [0:6.4630294569206699] [0:6.6174029779744776] [0:7.1608459066642993] [0:7.9540210872780372] [0:6.4101748819661672] [0:6.6346333578616861] [0:6.253828811575473] [0:6.5708829623395841] [0:4.7621739347977563] [0:5.3375380797013179] [0:6.4630294569206699] [0:6.6174029779744776] [0:7.1608459066642993] [0:7.9540210872780372] [0:6.4101748819661672] [0:6.6346333578616861] [0:6.253828811575473] [0:6.5708829623395841] [0:4.7621739347977563] [0:5.3375380797013179] [0:6.4630294569206699] [0:6.6174029779744776] [0:7.1608459066642993] [0:7.9540210872780372] [0:6.4101748819661672] [0:6.6346333578616861] [0:6.253828811575473] [0:6.5708829623395841] [0:4.7621739347977563] [0:5.3375380797013179] [0:6.4630294569206699] [0:6.6174029779744776] [0:7.1608459066642993] [0:7.9540210872780372] [0:6.4101748819661672] [0:6.6346333578616861] [0:6.253828811575473] [0:6.5708829623395841] [0:4.7621739347977563] [0:5.3375380797013179] [0:6.4630294569206699] [0:6.6174029779744776] [0:7.1608459066642993] [0:7.9540210872780372] [0:6.4101748819661672] [0:6.6346333578616861] [0:6.253828811575473] [0:6.5708829623395841] [0:4.7621739347977563] [0:5.3375380797013179] [0:6.4630294569206699] [0:6.6174029779744776] [0:7.1608459066642993] [0:7.9540210872780372] [0:6.4101748819661672] [0:6.6346333578616861] [0:6.253828811575473] [0:6.5708829623395841] [0:4.7621739347977563] [0:5.3375380797013179] [0:6.4630294569206699] [0:6.6174029779744776] [0:7.1608459066642993] [0:7.9540210872780372] [0:6.4101748819661672] [0:6.6346333578616861] [0:6.253828811575473] [0:6.5708829623395841] [0:4.7621739347977563] [0:5.3375380797013179] [0:6.4630294569206699] [0:6.6174029779744776] [0:7.1608459066642993] [0:7.9540210872780372] [0:6.4101748819661672] [0:6.6346333578616861] [0:6.253828811575473] [0:6.5708829623395841] [0:4.7621739347977563] [0:5.3375380797013179] [0:6.4630294569206699] [0:6.6174029779744776] [0:7.1608459066642993] [0:7.9540210872780372] [0:6.4101748819661672] [0:6.6346333578616861] [0:6.253828811575473] [0:6.5708829623395841] [0:4.7621739347977563] [0:5.3375380797013179] [0:6.4630294569206699] [0:6.6174029779744776] [0:7.1608459066642993] [0:7.9540210872780372] [0:6.4101748819661672] [0.69314718055994529:3.970291913552122] [0.69314718055994529:3.970291913552122] [0.69314718055994529:3.970291913552122] [0.69314718055994529:3.970291913552122]
tree_sizes=617 637 634 637 635 640 640 642 644 641 652 647 650 652 656 645 650 645 658 654 654 653 652 647 650 651 650 646 652 649 650 648 655 650 656 653 648 652 654 660 649 656 652 577 649 651 643 646 659 651 647 662 566 651 657 653 663 646 651 660 655 661 651 654 667 651 649 665 656 652 655 653 650 656 661 670 657 654 654 657 654 655 672 653 660 656 655 652 655 657 659 658 655 663 663 658 653 661 668 672

Tree=0
num_leaves=6
num_cat=0
split_feature=0 14 126 0 12
split_gain=611.743 130.258 79.7617 46.549 26.4997
threshold=2.3502401828962087 4.1742689126930488 2.249904835165133 3.5972184255501678 4.7229433450037179
decision_type=2 2 2 2 2
left_child=1 -1 4 -4 -2
right_child=2 -3 3 -5 -6
leaf_value=1.6101999869779156 1.868929535409634 1.8620945822695718 1.7245603482808858 1.8696267535091859 1.9721461198278791
leaf_weight=307 61 22 55 37 42
leaf_count=307 61 22 55 37 42
internal_value=1.71023 1.62704 1.85057 1.7829 1.91102
internal_weight=0 329 195 92 103
internal_count=524 329 195 92 103
is_linear=0
shrinkage=1


Tree=1
num_leaves=6
num_cat=0
split_feature=0 14 14 19 126
split_gain=499.388 93.8677 72.6435 37.4494 28.2576
threshold=2.1383330595080285 4.1510089048756029 4.8711896960706857 3.0677824455408698 2.3502401828962087
decision_type=2 2 2 2 2
left_child=1 -1 3 -2 -5
right_child=2 -3 -4 4 -6
leaf_value=-0.094805026073519094 -0.0021462232679934114 0.13458259482132762 0.22623784430325034 0.1598034484045846 0.065821168170525482
leaf_weight=292 37 19 48 63 65
leaf_count=292 37 19 48 63 65
internal_value=0 -0.080791 0.117962 0.0864641 0.112078
internal_weight=0 311 213 165 128
internal_count=524 311 213 165 128
is_linear=0
shrinkage=0.1


Tree=2
num_leaves=6
num_cat=0
split_feature=0 14 14 0 127
split_gain=404.504 76.0328 58.8412 32.9008 26.0278
threshold=2.1383330595080285 4.1510089048756029 4.8711896960706857 3.0677824455408698 1.700598690831078
decision_type=2 2 2 2 2
left_child=1 -1 3 4 -2
right_child=2 -3 -4 -5 -6
leaf_value=-0.085324525322816147 0.10248957825824619 0.12112434012325186 0.20361405747632186 0.12166718283801206 -0.013465009875148915
leaf_weight=292 32 19 48 84 49
leaf_count=292 32 19 48 84 49
internal_value=0 -0.0727119 0.106166 0.0778177 0.0323442
internal_weight=0 311 213 165 81
internal_count=524 311 213 165 81
is_linear=0
shrinkage=0.1


Tree=3
num_leaves=6
num_cat=0
split_feature=0 14 117 19 21
split_gain=328.002 69.9695 52.3515 25.0799 23.7876
threshold=2.3502401828962087 4.1026092131977068 2.8617925509761908 4.3882378946731615 3.8815106545092593
decision_type=2 2 2 2 2
left_child=1 -1 3 -2 -4
right_child=2 -3 4 -5 -6
leaf_value=-0.074135277651887585 0.095219348139803983 0.09990327823162079 -0.023696426927511182 0.18600951684638858 0.090568063457153347
leaf_weight=304 58 25 35 64 38
leaf_count=304 58 25 35 64 38
internal_value=0 -0.0609105 0.102767 0.142847 0.0357837
internal_weight=0 329 195 122 73
internal_count=524 329 195 122 73
is_linear=0
shrinkage=0.1


Tree=4
num_leaves=6
num_cat=0
split_feature=0 14 19 107 78
split_gain=268.158 50.6612 42.0756 28.591 21.8106
threshold=2.1383330595080285 4.1510089048756029 3.7012257604091228 2.740319461670996 2.524928003624769
decision_type=2 2 2 2 2
left_child=1 -1 4 -4 -2
right_child=2 -3 3 -5 -6
leaf_value=-0.069497754697828262 0.089719295366243887 0.099021578197808657 0.15956486537574957 0.066390488649669441 -0.017313793318139183
leaf_weight=292 33 19 78 57 45
leaf_count=292 33 19 78 57 45
internal_value=0 -0.0592024 0.086441 0.120225 0.0279694
internal_weight=0 311 213 135 78
internal_count=524 311 213 135 78
is_linear=0
shrinkage=0.1


Tree=5
num_leaves=6
num_cat=0
split_feature=0 14 126 0 0
split_gain=217.54 52.9066 30.7731 17.4751 17.1753
threshold=2.602003343538398 4.2268071048866842 2.249904835165133 3.5972184255501678 7.02563007770607e-17
decision_type=2 2 2 2 2
left_child=1 4 -2 -4 -1
right_child=2 -3 3 -5 -6
leaf_value=-0.079647827770891078 0.13063010993984439 0.097862517725055428 0.003727392276579684 0.096972185192075941 -0.033719761354760049
leaf_weight=158 93 24 44 37 168
leaf_count=158 93 24 44 37 168
internal_value=0 -0.0454302 0.0913826 0.0463207 -0.0559794
internal_weight=0 350 174 81 326
internal_count=524 350 174 81 326
is_linear=0
shrinkage=0.1


Tree=6
num_leaves=6
num_cat=0
split_feature=14 0 107 116 70
split_gain=178.227 57.0149 18.5521 17.3673 15.7752
threshold=4.1026092131977068 2.249904835165133 2.740319461670996 2.4414009612931857 4.9163179057820896
decision_type=2 2 2 2 2
left_child=1 3 4 -1 -2
right_child=2 -3 -4 -5 -6
leaf_value=-0.039881647483528598 0.096536402337967536 0.035117979984470575 0.044656570381758846 -0.091321010798215863 0.19150899933732077
leaf_weight=191 73 86 51 100 23
leaf_count=191 73 86 51 100 23
internal_value=0 -0.0364174 0.0933969 -0.0575584 0.11929
internal_weight=0 377 147 291 96
internal_count=524 377 147 291 96
is_linear=0
shrinkage=0.1


Tree=7
num_leaves=6
num_cat=0
split_feature=0 133 116 130 0
split_gain=145.924 37.6669 23.3134 19.6075 19.0759
threshold=2.602003343538398 3.8176519431297078 2.249904835165133 1.2424533248940004 7.02563007770607e-17
decision_type=2 2 2 2 2
left_child=1 4 -2 -3 -1
right_child=2 3 -4 -5 -6
leaf_value=-0.077494624901747883 0.11229936506982674 -0.016234832243235024 0.039072086085994426 0.10799008285005887 -0.026895830622296547
leaf_weight=141 85 27 89 24 158
leaf_count=141 85 27 89 24 158
internal_value=0 -0.0372082 0.074844 0.042224 -0.0507568
internal_weight=0 350 174 51 299
internal_count=524 350 174 51 299
is_linear=0
shrinkage=0.1


Tree=8
num_leaves=6
num_cat=0
split_feature=14 1 14 126 19
split_gain=121.628 37.5163 15.9489 14.8682 13.8008
threshold=4.1026092131977068 2.249904835165133 4.8711896960706857 2.4414009612931857 2.3502401828962087
decision_type=2 2 2 2 2
left_child=1 3 -2 4 -1
right_child=2 -3 -4 -5 -6
leaf_value=-0.052220469223669713 0.053146884545761476 0.025041768034940126 0.12234652852456945 -0.079414049572678225 0.0044283534153638521
leaf_weight=117 96 93 51 99 68
leaf_count=117 96 93 51 99 68
internal_value=0 -0.0300843 0.0771549 -0.0481361 -0.0313982
internal_weight=0 377 147 284 185
internal_count=524 377 147 284 185
is_linear=0
shrinkage=0.1


Tree=9
num_leaves=6
num_cat=0
split_feature=14 0 13 68 113
split_gain=98.5189 31.9175 13.5778 16.4632 12.5959
threshold=4.1026092131977068 2.249904835165133 5.1816415025946716 3.9607678160667752 3.8606743063089755
decision_type=2 2 2 2 2
left_child=1 4 3 -2 -1
right_child=2 -3 -4 -5 -6
leaf_value=-0.033075781626345106 0.089358771728196507 0.026447181958098743 0.1483227191983085 0.017064880714419164 -0.086981471768527663
leaf_weight=238 72 86 19 56 53
leaf_count=238 72 86 19 56 53
internal_value=0 -0.0270759 0.0694394 0.0577302 -0.0428937
internal_weight=0 377 147 128 291
internal_count=524 377 147 128 291
is_linear=0
shrinkage=0.1


Tree=10
num_leaves=6
num_cat=0
split_feature=0 133 130 0 128
split_gain=82.9427 37.541 20.1858 15.6721 18.3691
threshold=3.0677824455408698 3.8176519431297078 1.2424533248940004 7.02563007770607e-17 3.6998399136067854e-18
decision_type=2 2 2 2 2
left_child=1 3 -3 -1 -5
right_child=-2 2 -4 4 -6
leaf_value=-0.060221047810417538 0.07300009831475715 -0.012965196198118584 0.10169180961435331 0.063477552372962237 -0.028126582778614569
leaf_weight=141 120 28 34 25 176
leaf_count=141 120 28 34 25 176
internal_value=0 -0.0216832 0.0499112 -0.0346623 -0.016733
internal_weight=0 404 62 342 201
internal_count=524 404 62 342 201
is_linear=0
shrinkage=0.1


Tree=11
num_leaves=6
num_cat=0
split_feature=12 0 78 111 68
split_gain=69.1295 24.6222 20.4555 11.8523 18.5524
threshold=4.2121001622835372 1.7005986908310782 2.3502401828962087 2.524928003624769 1.7005986908310777
decision_type=2 2 2 2 2
left_child=1 3 -3 4 -1
right_child=-2 2 -4 -5 -6
leaf_value=-0.051492072152905168 0.067006992993234579 0.059022114230162008 -0.018388413016994797 -0.072907797614378586 0.01089135470564466
leaf_weight=112 119 59 81 70 83
leaf_count=112 119 59 81 70 83
internal_value=0 -0.0196885 0.0142346 -0.0376101 -0.0249391
internal_weight=0 405 140 265 195
internal_count=524 405 140 265 195
is_linear=0
shrinkage=0.1


Tree=12
num_leaves=6
num_cat=0
split_feature=24 19 135 135 127
split_gain=58.8874 20.7537 16.6344 13.3216 10.2592
threshold=4.3241107269113215 3.0201273556387078 2.8029010331479989 3.8393944990995772 2.3502401828962087
decision_type=2 2 2 2 2
left_child=1 3 -3 -1 -2
right_child=4 2 -4 -5 -6
leaf_value=-0.040600700310374403 0.09050686527552898 0.066744594130574209 -0.0082651883583375312 0.044279000014066698 0.029348614873985452
leaf_weight=245 64 41 106 20 48
leaf_count=245 64 41 106 20 48
internal_value=0 -0.0174786 0.0126559 -0.0341947 0.0642962
internal_weight=0 412 147 265 112
internal_count=524 412 147 265 112
is_linear=0
shrinkage=0.1


Tree=13
num_leaves=6
num_cat=0
split_feature=0 133 130 19 124
split_gain=50.1904 26.3593 13.4258 11.0631 8.94086
threshold=3.3140206880897671 3.8393944990995772 1.2424533248940004 3.0677824455408698 2.0126758453675753
decision_type=2 2 2 2 2
left_child=1 3 -3 4 -1
right_child=-2 2 -4 -5 -6
leaf_value=-0.06762481812220901 0.063727596580982204 -0.0086721452525428799 0.089625892020536196 0.0016820579030635684 -0.025139190908552052
leaf_weight=67 100 24 33 110 190
leaf_count=67 100 24 33 110 190
internal_value=0 -0.0150301 0.0482372 -0.0248564 -0.0362152
internal_weight=0 424 57 367 257
internal_count=524 424 57 367 257
is_linear=0
shrinkage=0.1


Tree=14
num_leaves=6
num_cat=0
split_feature=0 133 130 1 67
split_gain=40.6542 21.6106 11.7824 10.2904 14.3984
threshold=3.3140206880897671 3.8176519431297078 1.2424533248940004 2.7755575615628914e-16 9.1072982488782388e-18
decision_type=2 2 2 2 2
left_child=1 3 -3 -1 -5
right_child=-2 2 -4 4 -6
leaf_value=-0.044076704523050708 0.057354837008359028 -0.01090571952850691 0.074118522229867104 0.039465574813174448 -0.023189576348278694
leaf_weight=143 100 28 39 47 167
leaf_count=143 100 28 39 47 167
internal_value=0 -0.0135271 0.038586 -0.0233074 -0.00942887
internal_weight=0 424 67 357 214
internal_count=524 424 67 357 214
is_linear=0
shrinkage=0.1


Tree=15
num_leaves=6
num_cat=0
split_feature=12 0 78 124 111
split_gain=35.5367 13.6112 13.8352 11.1799 9.27326
threshold=4.4066448812345191 1.7005986908310782 2.3502401828962087 4.6199495871088647 2.524928003624769
decision_type=2 2 2 2 2
left_child=1 4 -3 -4 -1
right_child=-2 2 3 -5 -6
leaf_value=-0.015348095565616171 0.053294530727135227 0.0459405273757875 -0.040399053574429231 0.032283378290859137 -0.057749464788607187
leaf_weight=196 101 65 59 33 70
leaf_count=196 101 65 59 33 70
internal_value=0 -0.0127252 0.0106238 -0.0143282 -0.0265064
internal_weight=0 423 157 92 266
internal_count=524 423 157 92 266
is_linear=0
shrinkage=0.1


Tree=16
num_leaves=6
num_cat=0
split_feature=24 19 135 79 135
split_gain=29.5147 10.0867 10.9536 7.78337 7.69333
threshold=4.3241107269113215 3.0201273556387078 2.740319461670996 3.1132683346437333 3.8393944990995772
decision_type=2 2 2 2 2
left_child=1 4 -3 -2 -1
right_child=3 2 -4 -5 -6
leaf_value=-0.028895932453475437 0.090117004947287263 0.055700977005668589 -0.0071974041253666998 0.029936632568701119 0.035607405453920368
leaf_weight=245 29 37 110 83 20
leaf_count=245 29 37 110 83 20
internal_value=0 -0.0123741 0.00863416 0.0455191 -0.0240278
internal_weight=0 412 147 112 265
internal_count=524 412 147 112 265
is_linear=0
shrinkage=0.1


Tree=17
num_leaves=6
num_cat=0
split_feature=12 0 98 110 103
split_gain=25.0767 9.38361 11.2636 9.9283 7.49537
threshold=4.4066448812345191 1.7005986908310782 2.740319461670996 5.4094089116575796 3.5408542930527882
decision_type=2 2 2 2 2
left_child=1 4 -3 -4 -1
right_child=-2 2 3 -5 -6
leaf_value=-0.013660172866393795 0.044769186475129785 0.039740861215239481 -0.03501126301403229 0.039142304636538033 -0.055392490757663775
leaf_weight=212 101 67 65 25 54
leaf_count=212 101 67 65 25 54
internal_value=0 -0.0106896 0.00869722 -0.014413 -0.0221321
internal_weight=0 423 157 90 266
internal_count=524 423 157 90 266
is_linear=0
shrinkage=0.1


Tree=18
num_leaves=6
num_cat=0
split_feature=20 132 1 76 122
split_gain=21.1341 11.3742 10.3295 10.0609 7.37574
threshold=5.1901713283654836 3.8176519431297078 2.7755575615628914e-16 3.5831329870668194 1.5612511283791266e-16
decision_type=2 2 2 2 2
left_child=1 2 -1 -4 -3
right_child=-2 4 3 -5 -6
leaf_value=-0.036677794743122327 0.04410109523476826 -0.013809246667053389 0.0043373131132482187 -0.066790649836713623 0.057939129705099679
leaf_weight=144 90 23 207 22 38
leaf_count=144 90 23 207 22 38
internal_value=0 -0.00914539 -0.0156922 -0.00249594 0.0308865
internal_weight=0 434 373 229 61
internal_count=524 434 373 229 61
is_linear=0
shrinkage=0.1


Tree=19
num_leaves=6
num_cat=0
split_feature=0 133 130 112 67
split_gain=17.7467 11.0031 8.49912 15.1216 6.89886
threshold=3.3140206880897671 3.9019216517693867 2.0126758453675748 1.0000000180025095e-35 4.6100463317094311
decision_type=2 2 2 2 2
left_child=1 2 -1 -4 -2
right_child=4 -3 3 -5 -6
leaf_value=-0.046733295603189617 0.050615504404736888 0.049442343556632601 0.052424588426947596 -0.014636710625499079 -0.016337377176080883
leaf_weight=64 81 30 38 292 19
leaf_count=64 81 30 38 292 19
internal_value=0 -0.00893737 -0.0133825 -0.0069145 0.0378945
internal_weight=0 424 394 330 100
internal_count=524 424 394 330 100
is_linear=0
shrinkage=0.1


Tree=20
num_leaves=6
num_cat=0
split_feature=12 126 110 108 3
split_gain=15.4616 7.3708 11.5253 11.0834 9.06736
threshold=4.4940981604975292 2.4414009612931857 0.69314718055994595 3.2196467714129488e-15 2.740319461670996
decision_type=2 2 2 2 2
left_child=1 2 -1 -4 -3
right_child=-2 4 3 -5 -6
leaf_value=-0.039415286660746292 0.036503006751698097 -0.041311930784733469 0.046772546235185404 -0.0025662445647053815 0.010479468436037399
leaf_weight=54 95 109 65 152 49
leaf_count=54 95 109 65 152 49
internal_value=0 -0.00808342 0.00192517 0.0122127 -0.02525
internal_weight=0 429 271 217 158
internal_count=524 429 271 217 158
is_linear=0
shrinkage=0.1


Tree=21
num_leaves=6
num_cat=0
split_feature=20 56 0 73 35
split_gain=13.3444 7.99172 10.7756 6.28547 5.7001
threshold=5.1532247652130883 3.5114340430413216 1.7005986908310782 2.8029010331479989 3.035766082959413e-17
decision_type=2 2 2 2 2
left_child=1 2 3 -1 -4
right_child=-2 -3 4 -5 -6
leaf_value=-0.0084070571058552073 0.034131379615257876 -0.070867212391213366 -0.030603656782345341 -0.045353319374844436 0.024406139005530087
leaf_weight=198 94 19 22 60 131
leaf_count=198 94 19 22 60 131
internal_value=0 -0.00746128 -0.0045301 -0.0169992 0.0164962
internal_weight=0 430 411 258 153
internal_count=524 430 411 258 153
is_linear=0
shrinkage=0.1


Tree=22
num_leaves=6
num_cat=0
split_feature=12 133 130 122 16
split_gain=12.287 8.12886 8.31669 7.90829 5.7899
threshold=5.402667236488937 3.9019216517693867 2.0126758453675748 7.563394355258877e-16 2.4414009612931857
decision_type=2 2 2 2 2
left_child=1 2 -1 -4 -3
right_child=-2 4 3 -5 -6
leaf_value=-0.038459951860298006 0.078945418643323995 0.07647637870340121 0.036106383425183596 -0.0064480960285426053 0.00028966502531578667
leaf_weight=70 19 21 50 345 19
leaf_count=70 19 21 50 345 19
internal_value=0 -0.00297022 -0.00669133 -0.00106145 0.0402877
internal_weight=0 505 465 395 40
internal_count=524 505 465 395 40
is_linear=0
shrinkage=0.1


Tree=23
num_leaves=6
num_cat=0
split_feature=0 133 38 40 130
split_gain=10.5745 8.54718 5.86071 8.13157 5.78486
threshold=3.9796379800581989 3.8176519431297078 2.4414009612931857 3.0201273556387074 2.3502401828962087
decision_type=2 2 2 2 2
left_child=1 4 3 -3 -1
right_child=-2 2 -4 -5 -6
leaf_value=-0.037122060180600013 0.045793085508858383 0.045311876347190458 0.053286004090347353 -0.046042156396433713 -0.0049175395806496207
leaf_weight=67 46 19 39 20 333
leaf_count=67 46 19 39 20 333
internal_value=0 -0.00440687 0.0258748 -0.00153635 -0.0103118
internal_weight=0 478 78 39 400
internal_count=524 478 78 39 400
is_linear=0
shrinkage=0.1


Tree=24
num_leaves=6
num_cat=0
split_feature=18 133 130 116 82
split_gain=9.28859 6.58146 6.06587 7.55338 3.6459
threshold=5.5529520732973792 3.9019216517693867 2.0126758453675748 2.4414009612931857 1.8688348091416846
decision_type=2 2 2 2 2
left_child=1 2 -1 -4 -3
right_child=-2 4 3 -5 -6
leaf_value=-0.033618351095187328 0.05948254222515971 0.006045826132360258 0.011260427954768492 -0.016607029296915623 0.067995743375075496
leaf_weight=69 25 19 213 179 19
leaf_count=69 25 19 213 179 19
internal_value=0 -0.00298009 -0.00627734 -0.00146476 0.0370208
internal_weight=0 499 461 392 38
internal_count=524 499 461 392 38
is_linear=0
shrinkage=0.1


Tree=25
num_leaves=6
num_cat=0
split_feature=19 135 124 117 77
split_gain=8.57922 7.48301 6.51677 9.75148 6.12339
threshold=3.0677824455408698 3.8606743063089755 1.8688348091416844 0.69314718055994573 1.8688348091416846
decision_type=2 2 2 2 2
left_child=1 2 -1 -4 -2
right_child=4 -3 3 -5 -6
leaf_value=-0.044800898652043078 0.041972957400540856 0.048483570978829743 0.035764784622574 -0.019076240440650333 0.0048280287800090659
leaf_weight=62 58 19 41 155 189
leaf_count=62 58 19 41 155 189
internal_value=0 -0.0120828 -0.0165431 -0.00760439 0.0135503
internal_weight=0 277 258 196 247
internal_count=524 277 258 196 247
is_linear=0
shrinkage=0.1


Tree=26
num_leaves=6
num_cat=0
split_feature=135 100 58 101 3
split_gain=7.95476 5.46724 7.54171 5.41432 5.32943
threshold=2.6735537653587347 4.7140145363037149 4.8116552897850609 3.1984648276080736 2.7755575615628914e-16
decision_type=2 2 2 2 2
left_child=1 2 -1 -3 -2
right_child=4 3 -4 -5 -6
leaf_value=0.023513542437704944 -0.021747088943017662 0.08724623039364815 -0.045088981176641861 0.020920269610360268 0.0021747476110203553
leaf_weight=59 153 20 22 32 238
leaf_count=59 153 20 22 32 238
internal_value=0 0.0211257 0.00488076 0.0464303 -0.00718597
internal_weight=0 133 81 52 391
internal_count=524 133 81 52 391
is_linear=0
shrinkage=0.1


Tree=27
num_leaves=6
num_cat=0
split_feature=12 72 77 3 6
split_gain=6.50259 4.94026 11.2566 6.13908 3.77048
threshold=5.402667236488937 4.4940981604975292 3.4175922930736511 3.0201273556387074 4.1026092131977068
decision_type=2 2 2 2 2
left_child=1 2 3 -1 -3
right_child=-2 4 -4 -5 -6
leaf_value=-0.0044033806530609501 0.057431022862070483 0.034761568552390341 -0.049060444409648581 0.039041623786195287 -0.014096932858228684
leaf_weight=337 19 56 54 36 22
leaf_count=337 19 56 54 36 22
internal_value=0 -0.00216077 -0.00638807 -0.000210297 0.020981
internal_weight=0 505 427 373 78
internal_count=524 505 427 373 78
is_linear=0
shrinkage=0.1


Tree=28
num_leaves=6
num_cat=0
split_feature=15 106 130 72 67
split_gain=5.80729 6.01632 7.78355 5.79086 7.64133
threshold=0.89587973461402781 2.0126758453675753 1.2424533248940004 4.4940981604975292 3.2384861814448418
decision_type=2 2 2 2 2
left_child=-1 2 -2 4 -3
right_child=1 3 -4 -5 -6
leaf_value=-0.012135716300871638 -0.025279964244162498 0.0072895688538750017 0.041298090259747948 0.024085718219478927 -0.041783622427081522
leaf_weight=225 22 75 87 60 55
leaf_count=225 22 75 87 60 55
internal_value=0 0.00913223 0.0278603 -0.00161178 -0.0134722
internal_weight=0 299 109 190 130
internal_count=524 299 109 190 130
is_linear=0
shrinkage=0.1


Tree=29
num_leaves=6
num_cat=0
split_feature=18 66 3 111 6
split_gain=5.25381 4.24918 5.28861 6.30412 3.25745
threshold=5.5529520732973792 4.0428973506407848 2.9174053685313033 2.524928003624769 3.9796379800581989
decision_type=2 2 2 2 2
left_child=1 2 3 -1 -4
right_child=-2 -3 4 -5 -6
leaf_value=0.0020115947221634538 0.044735451407730581 -0.048622910560745941 0.029984260506554214 -0.02707701082719435 -0.016308926281176115
leaf_weight=284 25 19 76 101 19
leaf_count=284 25 19 76 101 19
internal_value=0 -0.00224126 -0.000405315 -0.00561944 0.0207256
internal_weight=0 499 480 385 95
internal_count=524 499 480 385 95
is_linear=0
shrinkage=0.1


Tree=30
num_leaves=6
num_cat=0
split_feature=135 116 104 30 3
split_gain=4.57586 4.42576 7.18831 10.262 6.21005
threshold=2.6735537653587347 2.4414009612931857 1.8688348091416844 3.4175922930736511 2.740319461670996
decision_type=2 2 2 2 2
left_child=-1 2 3 -2 -3
right_child=1 4 -4 -5 -6
leaf_value=0.016022610230217303 -0.035747327332041771 -0.035307411687796587 0.01748470484067732 0.038110917103011163 0.0065628934073550943
leaf_weight=133 76 91 141 25 58
leaf_count=133 76 91 141 25 58
internal_value=0 -0.00545015 0.00289801 -0.0174656 -0.0190089
internal_weight=0 391 242 101 149
internal_count=524 391 242 101 149
is_linear=0
shrinkage=0.1


Tree=31
num_leaves=6
num_cat=0
split_feature=50 67 104 30 67
split_gain=4.09995 6.17076 5.72083 7.39002 5.05061
threshold=4.9938224302714262 2.8029010331479989 1.8688348091416844 3.5972184255501678 4.6100463317094311
decision_type=2 2 2 2 2
left_child=1 2 3 -1 -2
right_child=4 -3 -4 -5 -6
leaf_value=-0.030932172558393825 0.02706238785106177 -0.027103527825563512 0.011563482041907814 0.032072108548406204 -0.028438205691054465
leaf_weight=83 91 94 212 24 20
leaf_count=83 91 94 212 24 20
internal_value=0 -0.00458575 0.00204959 -0.0168004 0.0170623
internal_weight=0 413 319 107 111
internal_count=524 413 319 107 111
is_linear=0
shrinkage=0.1


Tree=32
num_leaves=6
num_cat=0
split_feature=13 130 133 122 130
split_gain=4.01896 2.86233 6.16819 7.29126 4.049
threshold=5.1816415025946716 2.3502401828962087 3.7256208424938388 7.563394355258877e-16 3.2384861814448418
decision_type=2 2 2 2 2
left_child=1 -1 3 -3 -4
right_child=-2 2 4 -5 -6
leaf_value=-0.016048610000230303 0.045150253333543479 0.040939542437520099 0.054542401079636288 -0.0078981943854219954 0.0015284183099865914
leaf_weight=109 19 34 34 303 25
leaf_count=109 19 34 34 303 25
internal_value=0 -0.00169872 0.00225112 -0.00297094 0.0320788
internal_weight=0 505 396 337 59
internal_count=524 505 396 337 59
is_linear=0
shrinkage=0.1


Tree=33
num_leaves=6
num_cat=0
split_feature=38 56 82 8 101
split_gain=3.6688 5.40356 7.52824 5.34016 4.14879
threshold=3.1567740231385484 2.7403194616709965 4.4940981604975292 4.0689902272260703 2.9174053685313028
decision_type=2 2 2 2 2
left_child=4 -2 -3 -4 -1
right_child=1 2 3 -5 -6
leaf_value=-0.0021545494302671934 0.026250216562877456 -0.029032427945067402 0.052355408615299637 -0.012675434998843983 -0.034725515848106667
leaf_weight=261 105 61 28 23 46
leaf_count=261 105 61 28 23 46
internal_value=0 0.00995259 -0.00532644 0.0230278 -0.00703489
internal_weight=0 217 112 51 307
internal_count=524 217 112 51 307
is_linear=0
shrinkage=0.1


Tree=34
num_leaves=6
num_cat=0
split_feature=66 80 3 67 18
split_gain=3.37776 5.88414 2.88524 5.61617 3.92109
threshold=4.0428973506407848 5.7775324955821619 0.69314718055994573 9.1072982488782388e-18 3.1567740231385484
decision_type=2 2 2 2 2
left_child=1 2 4 -4 -1
right_child=-2 -3 3 -5 -6
leaf_value=-0.015548592055112951 -0.040304089225828649 0.051011662136601368 0.04365997270281826 0.00058628126498661004 0.01838414444383012
leaf_weight=180 20 23 35 224 42
leaf_count=180 20 23 35 224 42
internal_value=0 0.00159937 -0.000763381 0.00640705 -0.00912889
internal_weight=0 504 481 259 222
internal_count=524 504 481 259 222
is_linear=0
shrinkage=0.1


Tree=35
num_leaves=6
num_cat=0
split_feature=18 130 133 122 130
split_gain=3.00664 2.59361 5.35442 5.33296 3.30606
threshold=5.5529520732973792 2.1383330595080281 3.7256208424938388 7.563394355258877e-16 3.1132683346437333
decision_type=2 2 2 2 2
left_child=1 -1 3 -3 -4
right_child=-2 2 4 -5 -6
leaf_value=-0.01666010255117881 0.033841922074556351 0.034532319928300297 0.050527148964730179 -0.0071875814494166169 0.0038091784842046242
leaf_weight=94 25 34 33 310 28
leaf_count=94 25 34 33 310 28
internal_value=0 -0.00169549 0.00177778 -0.0030641 0.0290828
internal_weight=0 499 405 344 61
internal_count=524 499 405 344 61
is_linear=0
shrinkage=0.1


Tree=36
num_leaves=6
num_cat=0
split_feature=72 57 1 101 122
split_gain=2.94657 6.95473 4.29296 3.8166 3.65987
threshold=4.4940981604975292 3.7256208424938388 3.3497501700808394 2.740319461670996 4.5485858369352732
decision_type=2 2 2 2 2
left_child=1 2 3 -1 -2
right_child=4 -3 -4 -5 -6
leaf_value=0.001799897106799395 0.038030125723508675 -0.051599300200385716 0.035082386294379833 -0.023950731554921247 -0.0025912345451441533
leaf_weight=304 42 28 32 71 47
leaf_count=304 42 28 32 71 47
internal_value=0 -0.0033919 -7.54223e-05 -0.00307556 0.0165784
internal_weight=0 435 407 375 89
internal_count=524 435 407 375 89
is_linear=0
shrinkage=0.1


Tree=37
num_leaves=6
num_cat=0
split_feature=94 60 70 3 53
split_gain=2.9224 5.48459 4.47318 3.49111 4.48584
threshold=1.8688348091416844 3.3140206880897671 2.8029010331479989 2.9174053685313033 3.9019216517693867
decision_type=2 2 2 2 2
left_child=1 -1 -2 4 -4
right_child=2 -3 3 -5 -6
leaf_value=-0.025682958391275303 0.026178966027155921 0.028182562339740497 -0.0035378613891383715 0.012032916091447987 -0.048683537781238559
leaf_weight=89 74 24 184 128 25
leaf_count=89 74 24 184 128 25
internal_value=0 -0.0142425 0.00391582 -0.000972824 -0.00893806
internal_weight=0 113 411 337 209
internal_count=524 113 411 337 209
is_linear=0
shrinkage=0.1


Tree=38
num_leaves=6
num_cat=0
split_feature=66 50 10 67 75
split_gain=2.76342 4.13565 2.96036 2.9051 4.05001
threshold=4.0428973506407848 4.9938224302714262 7.2164496600635165e-16 2.8029010331479989 1.778769189234031e-20
decision_type=2 2 2 2 2
left_child=1 3 -3 4 -1
right_child=-2 2 -4 -5 -6
leaf_value=-0.01172964855708849 -0.036455114223062988 -0.015230056479279148 0.028844277586715369 -0.018922761194617228 0.011099257503409643
leaf_weight=134 20 19 77 89 185
leaf_count=134 20 19 77 89 185
internal_value=0 0.00144663 0.0201212 -0.00294739 0.00150969
internal_weight=0 504 96 408 319
internal_count=524 504 96 408 319
is_linear=0
shrinkage=0.1


Tree=39
num_leaves=6
num_cat=0
split_feature=58 38 67 1 76
split_gain=2.60609 4.05762 3.31444 4.98433 2.80724
threshold=1.2424533248940006 3.2196467714129488e-15 5.9292306307801033e-19 7.2164496600635165e-16 3.7726948748059121
decision_type=2 2 2 2 2
left_child=2 -2 3 -1 -3
right_child=1 4 -4 -5 -6
leaf_value=-0.019210245300616539 0.048673712192103272 0.0052455242250990311 -0.021313515602825926 0.034960763924049613 -0.026358646070284233
leaf_weight=35 20 301 104 33 31
leaf_count=35 20 301 104 33 31
internal_value=0 0.00492971 -0.0100887 0.00707863 0.00229453
internal_weight=0 352 172 68 332
internal_count=524 352 172 68 332
is_linear=0
shrinkage=0.1


Tree=40
num_leaves=6
num_cat=0
split_feature=110 129 97 58 50
split_gain=2.46996 3.46263 3.19577 2.5109 4.86874
threshold=5.377587880612313 4.569422185135557 4.6100463317094311 4.7317931335534196 4.8039874504845796
decision_type=2 2 2 2 2
left_child=1 3 -2 4 -1
right_child=2 -3 -4 -5 -6
leaf_value=-0.0020916941484089217 0.033117962621618063 -0.032376013817783038 -0.014125722566885608 -0.026124270150766654 0.031341723670950165
leaf_weight=338 45 36 21 34 50
leaf_count=338 45 36 21 34 50
internal_value=0 -0.00260626 0.0180859 -6.66626e-05 0.00221674
internal_weight=0 458 66 422 388
internal_count=524 458 66 422 388
is_linear=0
shrinkage=0.1


Tree=41
num_leaves=6
num_cat=0
split_feature=7 34 35 38 4
split_gain=2.29835 8.97833 3.7686 3.41901 3.93551
threshold=7.209944447028606e-18 1.2424533248940006 7.1150767569361241e-20 3.0677824455408698 7.209944447028606e-18
decision_type=2 2 2 2 2
left_child=3 -2 -3 4 -1
right_child=1 2 -4 -5 -6
leaf_value=-0.03023753329520909 0.066198815981095491 -0.022944238823677961 0.0049631197000726138 0.021200892277660647 0.0074050883629492347
leaf_weight=82 22 58 292 28 42
leaf_count=82 22 58 292 28 42
internal_value=0 0.00423344 0.000338472 -0.0103608 -0.0174876
internal_weight=0 372 350 152 124
internal_count=524 372 350 152 124
is_linear=0
shrinkage=0.1


Tree=42
num_leaves=6
num_cat=0
split_feature=110 76 110 80 117
split_gain=1.87856 3.01429 2.74477 3.98327 3.42171
threshold=5.377587880612313 3.5114340430413216 4.9593358439305844 4.863673427408628 3.4498615536424366
decision_type=2 2 2 2 2
left_child=1 2 3 -1 -4
right_child=-2 -3 4 -5 -6
leaf_value=-0.0009794843730090313 0.015772767539601773 -0.041268508685262578 -0.053427219603742873 0.034375377930700779 0.00039365894540592479
leaf_weight=356 66 19 21 35 27
leaf_count=356 66 19 21 35 27
internal_value=0 -0.00227293 -0.000585196 0.00218527 -0.023153
internal_weight=0 458 439 391 48
internal_count=524 458 439 391 48
is_linear=0
shrinkage=0.1


Tree=43
num_leaves=5
num_cat=0
split_feature=66 80 60 108
split_gain=1.88321 3.18654 1.78536 3.30518
threshold=4.0428973506407848 5.7775324955821619 1.0000000180025095e-35 3.2196467714129488e-15
decision_type=2 2 2 2
left_child=1 2 -1 -4
right_child=-2 -3 3 -5
leaf_value=-0.023365743597969415 -0.030094285532832145 0.037556679465848473 0.017425981024760253 -0.0034219723149197475
leaf_weight=32 20 23 97 352
leaf_count=32 20 23 97 352
internal_value=0 0.00119422 -0.000544528 0.00108193
internal_weight=0 504 481 449
internal_count=524 504 481 449
is_linear=0
shrinkage=0.1


Tree=44
num_leaves=6
num_cat=0
split_feature=7 24 38 107 1
split_gain=1.83832 7.83347 2.81903 3.52123 3.32819
threshold=7.209944447028606e-18 1.2424533248940006 3.0677824455408698 1.700598690831078 0.69314718055994573
decision_type=2 2 2 2 2
left_child=2 -2 3 4 -1
right_child=1 -3 -4 -5 -6
leaf_value=-0.01541373324257115 0.063112757417062917 0.00023667490295700973 0.019392847090161272 -0.043720810837817918 0.031638689319554131
leaf_weight=72 21 351 28 33 19
leaf_count=72 21 351 28 33 19
internal_value=0 0.00378613 -0.00926606 -0.0157374 -0.0055896
internal_weight=0 372 152 124 91
internal_count=524 372 152 124 91
is_linear=0
shrinkage=0.1


Tree=45
num_leaves=6
num_cat=0
split_feature=76 3 69 50 37
split_gain=1.63897 2.6163 4.03763 5.74402 2.94738
threshold=3.7726948748059121 2.9174053685313033 2.9700856263602162 3.8606743063089755 1.8688348091416846
decision_type=2 2 2 2 2
left_child=1 2 3 -1 -4
right_child=-2 -3 4 -5 -6
leaf_value=-0.0015492984843709005 -0.022302981808541286 0.015321901023282476 -0.037852891001763735 0.039403544203165303 -0.006298378674607529
leaf_weight=208 31 106 43 41 95
leaf_count=208 31 106 43 41 95
internal_value=0 0.00140242 -0.00241015 0.00519394 -0.0161306
internal_weight=0 493 387 249 138
internal_count=524 493 387 249 138
is_linear=0
shrinkage=0.1


Tree=46
num_leaves=6
num_cat=0
split_feature=94 70 60 56 80
split_gain=1.66238 3.68701 3.16471 2.48662 2.34638
threshold=1.8688348091416844 2.8029010331479989 3.3140206880897671 0.34657359027997348 2.740319461670996
decision_type=2 2 2 2 2
left_child=2 4 3 -1 -2
right_child=1 -3 -4 -5 -6
leaf_value=0.0073119601756334307 0.010060284112114459 -0.0014849408127599636 0.021484913591605925 -0.02987922103056917 0.047360176693361539
leaf_weight=25 48 337 24 64 26
leaf_count=25 48 337 24 64 26
internal_value=0 0.00295337 -0.0107419 -0.0194323 0.0231657
internal_weight=0 411 113 89 74
internal_count=524 411 113 89 74
is_linear=0
shrinkage=0.1


Tree=47
num_leaves=6
num_cat=0
split_feature=72 47 111 93 2
split_gain=1.64445 4.61299 2.8945 4.92536 2.9031
threshold=4.4940981604975292 3.7256208424938388 2.524928003624769 0.8958797346140277 2.524928003624769
decision_type=2 2 2 2 2
left_child=1 2 3 -1 -4
right_child=-2 -3 4 -5 -6
leaf_value=-0.0073803750584554521 0.012384940092608834 -0.039078596397303045 -0.025575922172435601 0.017873415701385394 0.014198147669434547
leaf_weight=157 89 32 69 152 25
leaf_count=157 89 32 69 152 25
internal_value=0 -0.00253393 0.000367879 0.0050422 -0.0149977
internal_weight=0 435 403 309 94
internal_count=524 435 403 309 94
is_linear=0
shrinkage=0.1


Tree=48
num_leaves=6
num_cat=0
split_feature=7 34 26 19 111
split_gain=1.48833 6.4429 2.87761 2.4741 2.22233
threshold=7.209944447028606e-18 1.2424533248940006 5.2735593669694936e-16 2.1383330595080285 1.7005986908310782
decision_type=2 2 2 2 2
left_child=4 -2 -3 -4 -1
right_child=1 2 3 -5 -6
leaf_value=-0.0023414263110292967 0.055898542024872523 -0.031901491290101634 -0.016236920816938213 0.0067133630723624901 -0.032721286378800868
leaf_weight=122 22 26 57 267 30
leaf_count=122 22 26 57 267 30
internal_value=0 0.0034067 0.000107213 0.00267581 -0.00833745
internal_weight=0 372 350 324 152
internal_count=524 372 350 324 152
is_linear=0
shrinkage=0.1


Tree=49
num_leaves=6
num_cat=0
split_feature=67 80 17 38 93
split_gain=1.47512 3.87174 1.72625 4.45636 2.72245
threshold=4.8359983798670454 5.7775324955821619 3.5114340430413216 3.1567740231385484 2.9700856263602162
decision_type=2 2 2 2 2
left_child=1 2 3 -1 -4
right_child=-2 -3 4 -5 -6
leaf_value=-0.0043930817248851615 -0.026634718729183077 0.045339434515488775 0.014763891253539402 0.019247695106138274 -0.026099604860480342
leaf_weight=297 20 19 23 109 56
leaf_count=297 20 19 23 109 56
internal_value=0 0.00105693 -0.000677845 0.00195383 -0.0142026
internal_weight=0 504 485 406 79
internal_count=524 504 485 406 79
is_linear=0
shrinkage=0.1


Tree=50
num_leaves=6
num_cat=0
split_feature=46 50 124 53 25
split_gain=1.39382 2.40673 1.7714 3.03097 2.19733
threshold=4.0428973506407848 5.7775324955821619 4.6774800307930642 3.9019216517693867 1.7005986908310782
decision_type=2 2 2 2 2
left_child=1 2 3 -1 -4
right_child=-2 -3 4 -5 -6
leaf_value=0.00065396052673361797 -0.025890342987841 0.031931333212802809 -0.001794893511881431 -0.024861096574063851 0.043085174394727803
leaf_weight=383 20 24 24 53 20
leaf_count=383 20 24 24 53 20
internal_value=0 0.00102739 -0.000517802 -0.00244764 0.0186051
internal_weight=0 504 480 436 44
internal_count=524 504 480 436 44
is_linear=0
shrinkage=0.1


Tree=51
num_leaves=6
num_cat=0
split_feature=135 130 112 67 3
split_gain=1.31678 1.65448 2.10969 4.56812 2.50218
threshold=3.9415346756528771 2.1383330595080281 1.0000000180025095e-35 9.1072982488782388e-18 2.9174053685313033
decision_type=2 2 2 2 2
left_child=1 -1 3 -3 -4
right_child=-2 2 4 -5 -6
leaf_value=-0.013393762657481635 0.024533865157337416 0.056137592593828833 -0.0062941353164743712 -0.0077269531243170306 0.011615928095333013
leaf_weight=89 21 21 257 24 112
leaf_count=89 21 21 257 24 112
internal_value=0 -0.00102428 0.00163486 0.0220765 -0.000858019
internal_weight=0 503 414 45 369
internal_count=524 503 414 45 369
is_linear=0
shrinkage=0.1


Tree=52
num_leaves=5
num_cat=0
split_feature=76 23 86 58
split_gain=1.36273 1.74867 1.64992 2.22139
threshold=3.7726948748059121 4.9522435264346063 3.3140206880897671 4.8116552897850609
decision_type=2 2 2 2
left_child=1 2 3 -1
right_child=-2 -3 -4 -5
leaf_value=0.00061193415240268223 -0.020336756548814238 0.030241940161213277 0.025055858926847582 -0.02673001301891418
leaf_weight=416 31 20 25 32
leaf_count=416 31 20 25 32
internal_value=0 0.00127878 5.4124e-05 -0.00134106
internal_weight=0 493 473 448
internal_count=524 493 473 448
is_linear=0
shrinkage=0.1


Tree=53
num_leaves=6
num_cat=0
split_feature=130 89 69 118 129
split_gain=1.24245 4.35307 3.47363 2.28004 2.13286
threshold=5.2203412156610947 3.7726948748059121 4.0859410030639109 3.3842466058243152 2.4414009612931857
decision_type=2 2 2 2 2
left_child=3 -2 -3 4 -1
right_child=1 2 -4 -5 -6
leaf_value=-0.005334360780560256 0.051869822440203286 -0.037412347958276151 0.013750995115631007 -0.01497504051752566 0.010673000000870641
leaf_weight=184 20 19 44 105 152
leaf_count=184 20 19 44 105 152
internal_value=0 0.0112242 -0.00167922 -0.00211248 0.00190706
internal_weight=0 83 63 441 336
internal_count=524 83 63 441 336
is_linear=0
shrinkage=0.1


Tree=54
num_leaves=6
num_cat=0
split_feature=134 53 73 75 87
split_gain=1.20493 2.75643 2.81037 1.98668 3.44021
threshold=3.795426061844291 2.8617925509761908 1.9732479539236184e-17 6.1663998560113074e-19 5.9292306307801033e-19
decision_type=2 2 2 2 2
left_child=3 2 -2 4 -1
right_child=1 -3 -4 -5 -6
leaf_value=0.0077195860440325411 -0.0094362552723158966 -0.023419757736969346 0.032936437789122669 0.001802744610507819 -0.028028933723359857
leaf_weight=45 23 19 49 321 67
leaf_count=45 23 19 49 321 67
internal_value=0 0.0104602 0.0194007 -0.00219833 -0.0136657
internal_weight=0 91 72 433 112
internal_count=524 91 72 433 112
is_linear=0
shrinkage=0.1


Tree=55
num_leaves=6
num_cat=0
split_feature=34 87 64 94 18
split_gain=1.24668 4.72322 2.08735 2.8642 2.60422
threshold=2.7755575615628914e-16 7.6327832942979524e-17 2.0126758453675753 2.6735537653587347 0.89587973461402792
decision_type=2 2 2 2 2
left_child=1 -1 -2 4 -4
right_child=2 -3 3 -5 -6
leaf_value=0.051520883664488794 -0.015252859780585834 -0.016381729713508063 0.050835787840187552 -0.0021213156523228419 0.0076125863615585411
leaf_weight=20 89 21 20 328 46
leaf_count=20 89 21 20 328 46
internal_value=0 0.0167415 -0.00142112 0.00170331 0.0207105
internal_weight=0 41 483 394 66
internal_count=524 41 483 394 66
is_linear=0
shrinkage=0.1


Tree=56
num_leaves=6
num_cat=0
split_feature=76 58 16 46 37
split_gain=1.14705 1.52946 2.95205 2.48034 2.12877
threshold=3.7726948748059121 1.2424533248940006 3.035766082959413e-17 1.3877787807814457e-16 9.1072982488782388e-18
decision_type=2 2 2 2 2
left_child=1 4 -3 -4 -1
right_child=-2 2 3 -5 -6
leaf_value=0.007837786443101671 -0.018658168217347514 -0.023568927589803935 0.043364469040381284 0.0059839020384889509 -0.015106782494286928
leaf_weight=65 31 32 19 270 107
leaf_count=65 31 32 19 270 107
internal_value=0 0.00117323 0.00525038 0.00844145 -0.00643587
internal_weight=0 493 321 289 172
internal_count=524 493 321 289 172
is_linear=0
shrinkage=0.1


Tree=57
num_leaves=6
num_cat=0
split_feature=130 89 3 98 111
split_gain=1.06124 3.46103 2.98285 1.91295 3.46528
threshold=5.2203412156610947 3.7726948748059121 2.740319461670996 3.0201273556387074 1.4978661367769959
decision_type=2 2 2 2 2
left_child=3 -2 -3 -1 -5
right_child=1 2 -4 4 -6
leaf_value=0.0026810170072564948 0.04661597877275199 -0.03303761124610901 0.01370757121787688 -0.044411960151046516 -0.0041431829241143229
leaf_weight=295 20 20 43 26 120
leaf_count=295 20 20 43 26 120
internal_value=0 0.0103734 -0.00113217 -0.00195236 -0.0113143
internal_weight=0 83 63 441 146
internal_count=524 83 63 441 146
is_linear=0
shrinkage=0.1


Tree=58
num_leaves=6
num_cat=0
split_feature=67 80 17 28 21
split_gain=1.04992 2.18141 1.28211 3.61916 2.41492
threshold=4.8359983798670454 5.7775324955821619 3.5114340430413216 3.9981586158983733 3.5694334999727624
decision_type=2 2 2 2 2
left_child=1 2 3 -1 -4
right_child=-2 -3 4 -5 -6
leaf_value=-0.0013068209992951319 -0.02247049778699875 0.034130662365963585 -0.037762224316596989 0.03002808487905962 -0.00016997840721160175
leaf_weight=365 20 19 25 41 54
leaf_count=365 20 19 25 41 54
internal_value=0 0.000891686 -0.000410459 0.00185754 -0.0120663
internal_weight=0 504 485 406 79
internal_count=524 504 485 406 79
is_linear=0
shrinkage=0.1


Tree=59
num_leaves=6
num_cat=0
split_feature=34 87 19 95 69
split_gain=1.06045 3.67878 1.71153 2.90601 2.77676
threshold=2.7755575615628914e-16 7.6327832942979524e-17 2.1383330595080285 6.1663998560113074e-19 2.6735537653587347
decision_type=2 2 2 2 2
left_child=1 -1 3 -2 -4
right_child=2 -3 4 -5 -6
leaf_value=0.046134580243378881 -0.028308759314573502 -0.013791950969468982 0.017978020960136371 0.0024529944228775364 -0.0027106040405503809
leaf_weight=20 56 21 85 68 274
leaf_count=20 56 21 85 68 274
internal_value=0 0.0154405 -0.00131068 -0.0114394 0.00218782
internal_weight=0 41 483 124 359
internal_count=524 41 483 124 359
is_linear=0
shrinkage=0.1


Tree=60
num_leaves=6
num_cat=0
split_feature=12 131 91 7 22
split_gain=0.974186 4.60347 4.16229 4.18665 2.0465
threshold=9.8662397696180919e-18 4.7433845046240829e-19 1.7005986908310782 1.5612511283791266e-16 1.386294361119891
decision_type=2 2 2 2 2
left_child=1 -1 3 -3 -2
right_child=4 2 -4 -5 -6
leaf_value=-0.02213648871984333 -0.014582445520907643 0.0068387752487545916 -0.015415965197117708 0.066871202894701415 0.0017707054843044802
leaf_weight=32 100 21 19 26 326
leaf_count=32 100 21 19 26 326
internal_value=0 0.00898974 0.0240812 0.0400482 -0.00206806
internal_weight=0 98 66 47 426
internal_count=524 98 66 47 426
is_linear=0
shrinkage=0.1


Tree=61
num_leaves=6
num_cat=0
split_feature=60 109 17 108 126
split_gain=0.97405 1.58845 2.7016 1.96016 2.12144
threshold=1.0000000180025095e-35 1.0000000180025095e-35 1.386294361119891 3.2196467714129488e-15 1.4978661367769959
decision_type=2 2 2 2 2
left_child=-1 2 -2 4 -3
right_child=1 3 -4 -5 -6
leaf_value=-0.016905672592110933 0.047653849922904848 -0.0022600837202893724 -0.0023715357519686221 -0.0035756808061628269 0.032083594902817696
leaf_weight=32 19 37 25 376 35
leaf_count=32 19 37 25 376 35
internal_value=0 0.00109956 0.0192303 -0.000681146 0.0144348
internal_weight=0 492 44 448 72
internal_count=524 492 44 448 72
is_linear=0
shrinkage=0.1


Tree=62
num_leaves=6
num_cat=0
split_feature=110 111 8 69 34
split_gain=0.983657 1.93146 2.92747 2.85734 2.45896
threshold=5.377587880612313 3.6632328069201612 2.740319461670996 2.9700856263602162 3.7012257604091228
decision_type=2 2 2 2 2
left_child=1 2 3 -1 -4
right_child=-2 -3 4 -5 -6
leaf_value=0.0035908571226266361 0.011413451868363402 -0.019790319506025229 0.051064225599954008 -0.015659409986312867 0.0070042133478349757
leaf_weight=234 66 52 19 115 38
leaf_count=234 66 52 19 115 38
internal_value=0 -0.00164473 0.000679332 -0.00275235 0.0216909
internal_weight=0 458 406 349 57
internal_count=524 458 406 349 57
is_linear=0
shrinkage=0.1


Tree=63
num_leaves=6
num_cat=0
split_feature=46 27 27 38 83
split_gain=0.948818 1.55528 2.17494 1.45737 0.609068
threshold=4.0428973506407848 4.135134555718313 3.7256208424938388 3.1567740231385484 3.7609296261008152
decision_type=2 2 2 2 2
left_child=1 2 3 -1 -3
right_child=-2 4 -4 -5 -6
leaf_value=-0.0028994973971730484 -0.021361219574464487 0.031504854045453522 -0.027799813229856748 0.009631097590926091 0.0067946496713710463
leaf_weight=302 20 21 28 134 19
leaf_count=302 20 21 28 134 19
internal_value=0 0.000847667 -0.000783353 0.000951649 0.0197675
internal_weight=0 504 464 436 40
internal_count=524 504 464 436 40
is_linear=0
shrinkage=0.1


Tree=64
num_leaves=6
num_cat=0
split_feature=74 34 11 21 28
split_gain=0.886428 1.57127 1.56349 1.11438 2.09151
threshold=2.7755575615628914e-16 2.7755575615628914e-16 1.0000000180025095e-35 1.2143064331837653e-17 5.8286708792820709e-16
decision_type=2 2 2 2 2
left_child=2 -2 -1 4 -3
right_child=1 3 -4 -5 -6
leaf_value=0.0040308312216604299 0.028641063980758191 0.011185906646617999 -0.035129948038803906 0.0023727876750854193 -0.021434666083210655
leaf_weight=22 20 30 19 376 57
leaf_count=22 20 30 19 376 57
internal_value=0 0.00119832 -0.0141168 1.28929e-05 -0.0101862
internal_weight=0 483 41 463 87
internal_count=524 483 41 463 87
is_linear=0
shrinkage=0.1


Tree=65
num_leaves=6
num_cat=0
split_feature=66 17 17 132 51
split_gain=0.843751 1.19225 1.85807 2.63899 2.25875
threshold=4.0428973506407848 4.135134555718313 3.6505739029280164 2.524928003624769 3.8815106545092593
decision_type=2 2 2 2 2
left_child=1 2 3 -1 -4
right_child=-2 -3 4 -5 -6
leaf_value=0.025612941017261623 -0.020143818259239197 0.015965601511081642 -0.045092028114013374 -0.0013974609598147846 0.0030555907440812965
leaf_weight=40 20 47 20 378 19
leaf_count=40 20 47 20 378 19
internal_value=0 0.000799358 -0.000760409 0.00118727 -0.0216355
internal_weight=0 504 457 418 39
internal_count=524 504 457 418 39
is_linear=0
shrinkage=0.1


Tree=66
num_leaves=6
num_cat=0
split_feature=130 89 3 118 113
split_gain=0.81201 2.51251 2.24548 1.65531 1.56849
threshold=5.2203412156610947 3.7726948748059121 2.740319461670996 3.4498615536424366 3.3140206880897671
decision_type=2 2 2 2 2
left_child=3 -2 -3 4 -1
right_child=1 2 -4 -5 -6
leaf_value=-0.00085506623267735311 0.039953390612499792 -0.028411433845758439 0.012146441200964673 -0.013169636930890231 0.02044688333084289
leaf_weight=304 20 20 43 98 39
leaf_count=304 20 20 43 98 39
internal_value=0 0.00907393 -0.000729075 -0.00170779 0.00156702
internal_weight=0 83 63 441 343
internal_count=524 83 63 441 343
is_linear=0
shrinkage=0.1


Tree=67
num_leaves=6
num_cat=0
split_feature=135 12 131 7 119
split_gain=0.80175 1.00707 2.78118 2.92335 1.42932
threshold=3.9415346756528771 3.7947076036992663e-18 4.7433845046240829e-19 1.0408340855860844e-16 2.1383330595080285
decision_type=2 2 2 2 2
left_child=1 2 -1 -4 -3
right_child=-2 4 3 -5 -6
leaf_value=-0.016464305569728218 0.019143807608634236 -0.013257717785637569 -0.0088778846812519168 0.036308512536854277 0.00044531771170222551
leaf_weight=30 21 101 22 41 309
leaf_count=30 21 101 22 41 309
internal_value=0 -0.000799244 0.00859577 0.0205291 -0.00293031
internal_weight=0 503 93 63 410
internal_count=524 503 93 63 410
is_linear=0
shrinkage=0.1


Tree=68
num_leaves=6
num_cat=0
split_feature=69 37 40 129 60
split_gain=0.845043 2.9686 2.57239 3.71502 1.87041
threshold=2.9700856263602162 1.700598690831078 3.7256208424938388 2.4414009612931857 3.6762205501217919
decision_type=2 2 2 2 2
left_child=4 -2 -3 -4 -1
right_child=1 2 3 -5 -6
leaf_value=-0.00034300575464584154 -0.028371286551867214 0.035809062999722203 -0.034528724482703596 0.0030963528582728227 0.020414457483725116
leaf_weight=206 42 19 31 171 55
leaf_count=206 42 19 31 171 55
internal_value=0 -0.00400052 0.000631032 -0.00267779 0.00403117
internal_weight=0 263 221 202 261
internal_count=524 263 221 202 261
is_linear=0
shrinkage=0.1


Tree=69
num_leaves=6
num_cat=0
split_feature=133 122 124 3 124
split_gain=0.865579 2.27483 2.16708 1.37743 1.22448
threshold=3.7726948748059121 0.3465735902799737 2.8029010331479989 1.2424533248940006 2.524928003624769
decision_type=2 2 2 2 2
left_child=4 3 -3 -2 -1
right_child=1 2 -4 -5 -6
leaf_value=-0.011539166108887717 -0.021675118299234394 0.039049821370281283 -0.0029115092754364016 0.011762068547647109 0.0010430270801953156
leaf_weight=102 28 32 20 22 320
leaf_count=102 28 32 20 22 320
internal_value=0 0.00826692 0.0229108 -0.00696276 -0.00199817
internal_weight=0 102 52 50 422
internal_count=524 102 52 50 422
is_linear=0
shrinkage=0.1


Tree=70
num_leaves=6
num_cat=0
split_feature=121 120 124 47 82
split_gain=0.867869 2.64011 1.80252 1.67688 2.40995
threshold=2.524928003624769 4.7664292796317111 4.6199495871088647 3.7256208424938388 2.602003343538398
decision_type=2 2 2 2 2
left_child=1 3 -2 4 -1
right_child=2 -3 -4 -5 -6
leaf_value=-0.0021675081806158468 -0.01214462298576109 0.035004615007589265 0.0088611083136250577 -0.025401436500554986 0.019949593161424948
leaf_weight=226 128 24 60 23 63
leaf_count=226 128 24 60 23 63
internal_value=0 0.00304418 -0.00544067 0.000585687 0.00265387
internal_weight=0 336 188 312 289
internal_count=524 336 188 312 289
is_linear=0
shrinkage=0.1


Tree=71
num_leaves=6
num_cat=0
split_feature=51 68 111 129 7
split_gain=0.844023 1.29384 1.62445 1.86457 1.86261
threshold=4.7915722689223941 5.2390944889447963 2.524928003624769 4.7749040587885982 2.524928003624769
decision_type=2 2 2 2 2
left_child=1 2 4 -4 -1
right_child=-2 -3 3 -5 -6
leaf_value=0.0011866097864522427 -0.02069094853573724 0.021285349936706239 -0.015371994113170412 0.010463936108391027 0.028166837298444342
leaf_weight=297 19 29 114 37 28
leaf_count=297 19 29 114 37 28
internal_value=0 0.000778471 -0.000470897 -0.00904134 0.00351106
internal_weight=0 505 476 151 325
internal_count=524 505 476 151 325
is_linear=0
shrinkage=0.1


Tree=72
num_leaves=6
num_cat=0
split_feature=128 130 5 8 87
split_gain=0.79634 1.47435 1.05436 1.34659 0.886112
threshold=5.2857353797162627 5.3278643862018891 3.8499212036984933 2.8029010331479989 3.6505739029280164
decision_type=2 2 2 2 2
left_child=1 2 3 -1 -3
right_child=-2 4 -4 -5 -6
leaf_value=-0.0018737344319016407 -0.013747447762542811 0.034916274514245359 -0.022482497835465309 0.014085655690606444 0.0060097382559130587
leaf_weight=359 39 19 21 62 24
leaf_count=359 39 19 21 62 24
internal_value=0 0.00110546 -0.000614236 0.00047658 0.0187824
internal_weight=0 485 442 421 43
internal_count=524 485 442 421 43
is_linear=0
shrinkage=0.1


Tree=73
num_leaves=6
num_cat=0
split_feature=80 126 100 114 81
split_gain=0.78835 3.12562 1.93199 1.95721 1.97995
threshold=3.7256208424938388 1.7005986908310782 4.70043904177074 3.4811217321331038 3.0201273556387078
decision_type=2 2 2 2 2
left_child=1 -1 -2 -4 -5
right_child=2 -3 3 4 -6
leaf_value=-0.0047272428871743041 -0.012870674072206021 0.01857688243711187 0.033902604574043503 -0.021678071943196386 0.0064682015520746558
leaf_weight=151 125 93 19 33 103
leaf_count=151 125 93 19 33 103
internal_value=0 0.00415507 -0.00362084 0.0038387 -0.000361409
internal_weight=0 244 280 155 136
internal_count=524 244 280 155 136
is_linear=0
shrinkage=0.1


Tree=74
num_leaves=6
num_cat=0
split_feature=117 103 67 57 125
split_gain=0.751728 2.70388 1.7054 1.61118 1.96097
threshold=1.700598690831078 1.8688348091416844 1.386294361119891 3.6082248300317588e-16 6.1663998560113074e-19
decision_type=2 2 2 2 2
left_child=1 -1 -3 -2 -5
right_child=3 2 -4 4 -6
leaf_value=-0.0010288189586819979 -0.028723745210015257 0.046282471174543559 0.0069077562964098022 -0.031324533745646477 0.0011929288419767047
leaf_weight=182 23 22 22 20 255
leaf_count=182 23 22 22 20 255
internal_value=0 0.00434929 0.0265951 -0.00329846 -0.00117198
internal_weight=0 226 44 298 275
internal_count=524 226 44 298 275
is_linear=0
shrinkage=0.1


Tree=75
num_leaves=6
num_cat=0
split_feature=20 74 108 18 72
split_gain=0.762555 1.30932 1.5127 2.63875 1.02626
threshold=1.0000000180025095e-35 2.7755575615628914e-16 3.2196467714129488e-15 4.3876306667772767e-19 4.4940981604975292
decision_type=2 2 2 2 2
left_child=-1 -2 3 -3 -4
right_child=1 2 4 -5 -6
leaf_value=0.014958132756873965 -0.024816846051676708 0.036634362318777834 -0.0054495249224871195 -5.7259421856676946e-06 0.0069192408150511578
leaf_weight=32 22 29 293 61 87
leaf_count=32 22 29 293 61 87
internal_value=0 -0.000972887 0.000143214 0.0118005 -0.00261773
internal_weight=0 492 470 90 380
internal_count=524 492 470 90 380
is_linear=0
shrinkage=0.1


Tree=76
num_leaves=6
num_cat=0
split_feature=134 23 28 124 109
split_gain=0.733913 2.09779 2.74263 0.995054 2.45973
threshold=3.795426061844291 2.249904835165133 2.524928003624769 9.1072982488782385e-17 1.8873791418627649e-15
decision_type=2 2 2 2 2
left_child=3 -2 -3 -1 -5
right_child=1 2 -4 4 -6
leaf_value=-0.022949012899438719 0.030938228238041383 -0.025286010120596204 0.016703490370086262 0.0236069571815039 -0.0030963084257063385
leaf_weight=21 28 28 35 38 374
leaf_count=21 28 28 35 38 374
internal_value=0 0.00816356 -0.00195851 -0.00171567 -0.000633386
internal_weight=0 91 63 433 412
internal_count=524 91 63 433 412
is_linear=0
shrinkage=0.1


Tree=77
num_leaves=6
num_cat=0
split_feature=76 6 69 19 50
split_gain=0.702376 0.818904 1.77709 2.63213 2.1094
threshold=3.7726948748059121 2.9174053685313033 2.9700856263602162 3.9796379800581989 3.8606743063089755
decision_type=2 2 2 2 2
left_child=1 2 4 -4 -1
right_child=-2 -3 3 -5 -6
leaf_value=-0.00022313136175820011 -0.014600296594923543 0.0088486856591064953 -0.021255069759619587 0.006376039264081367 0.024376360335875126
leaf_weight=205 31 103 85 58 42
leaf_count=205 31 103 85 58 42
internal_value=0 0.000918071 -0.00117642 -0.010048 0.00395978
internal_weight=0 493 390 143 247
internal_count=524 493 390 143 247
is_linear=0
shrinkage=0.1


Tree=78
num_leaves=6
num_cat=0
split_feature=51 68 111 113 129
split_gain=0.653754 1.05475 1.08934 1.70178 1.61301
threshold=4.7915722689223941 5.2390944889447963 2.524928003624769 3.3140206880897671 3.0677824455408698
decision_type=2 2 2 2 2
left_child=1 2 3 -1 -4
right_child=-2 -3 4 -5 -6
leaf_value=0.00077460400738515144 -0.0182100212397544 0.019200536782114669 -0.034703267806846842 0.02844427102439416 -0.003540010732522757
leaf_weight=301 19 29 19 24 132
leaf_count=301 19 29 19 24 132
internal_value=0 0.000685129 -0.00044291 0.0028179 -0.00746122
internal_weight=0 505 476 325 151
internal_count=524 505 476 325 151
is_linear=0
shrinkage=0.1


Tree=79
num_leaves=6
num_cat=0
split_feature=134 45 38 75 122
split_gain=0.588617 1.85013 1.16646 0.932892 1.8146
threshold=3.795426061844291 0.69314718055994518 2.524928003624769 6.1663998560113074e-19 1.5612511283791266e-16
decision_type=2 2 2 2 2
left_child=3 -2 -3 4 -1
right_child=1 2 -4 -5 -6
leaf_value=0.0098846596008276243 0.027147908468220024 -0.016423978582925856 0.01147776440042874 0.0012052699824870563 -0.017798295516807301
leaf_weight=34 31 31 29 321 78
leaf_count=34 31 31 29 321 78
internal_value=0 0.00731096 -0.00293814 -0.00153648 -0.00939454
internal_weight=0 91 60 433 112
internal_count=524 91 60 433 112
is_linear=0
shrinkage=0.1


Tree=80
num_leaves=6
num_cat=0
split_feature=46 33 17 18 117
split_gain=0.588888 0.81113 0.757138 2.34427 1.27439
threshold=4.0428973506407848 4.7184590100123378 3.4175922930736511 4.3241107269113215 1.700598690831078
decision_type=2 2 2 2 2
left_child=1 2 3 -1 -4
right_child=-2 -3 4 -5 -6
leaf_value=-0.00010689782300634717 -0.016828713486902416 0.020936419569740169 0.013376815146766603 0.034217613771380412 -0.015489378344142235
leaf_weight=379 20 19 20 21 65
leaf_count=379 20 19 20 21 65
internal_value=0 0.000667806 -0.000126222 0.00169514 -0.00869733
internal_weight=0 504 485 400 85
internal_count=524 504 485 400 85
is_linear=0
shrinkage=0.1


Tree=81
num_leaves=6
num_cat=0
split_feature=128 120 5 8 80
split_gain=0.569573 1.28083 0.995563 1.01872 0.457678
threshold=5.2857353797162627 5.5429906625924703 3.8499212036984933 2.8029010331479989 5.2203412156610947
decision_type=2 2 2 2 2
left_child=1 2 3 -1 -2
right_child=4 -3 -4 -5 -6
leaf_value=-0.0012746661865653901 -0.022185137774795295 0.023457608583460875 -0.0196445776745677 0.011743643302017721 -0.00051206508161205991
leaf_weight=364 20 24 25 72 19
leaf_count=364 20 24 25 72 19
internal_value=0 0.000934911 -0.000237637 0.000875146 -0.0116265
internal_weight=0 485 461 436 39
internal_count=524 485 461 436 39
is_linear=0
shrinkage=0.1


Tree=82
num_leaves=6
num_cat=0
split_feature=20 74 108 18 115
split_gain=0.5536 1.07712 1.00288 2.15416 0.981475
threshold=1.0000000180025095e-35 2.7755575615628914e-16 3.2196467714129488e-15 4.3876306667772767e-19 0.8958797346140277
decision_type=2 2 2 2 2
left_child=-1 -2 3 -3 -4
right_child=1 2 4 -5 -6
leaf_value=0.012744999618735165 -0.022455503757704387 0.032113110274076463 -0.00919556281187397 -0.00099213393557755669 0.0015573535048927639
leaf_weight=32 22 29 128 61 252
leaf_count=32 22 29 128 61 252
internal_value=0 -0.000828943 0.000183364 0.00967511 -0.00206468
internal_weight=0 492 470 90 380
internal_count=524 492 470 90 380
is_linear=0
shrinkage=0.1


Tree=83
num_leaves=6
num_cat=0
split_feature=80 126 90 93 84
split_gain=0.565405 2.39303 1.54787 1.83899 1.51974
threshold=3.7256208424938388 1.7005986908310782 4.4005842009683471 2.8617925509761908 1.8688348091416844
decision_type=2 2 2 2 2
left_child=1 -1 3 -2 -3
right_child=2 4 -4 -5 -6
leaf_value=-0.0042531624131077368 -0.00087552633954257511 -0.0043828839006332249 0.0014717508271774827 -0.032083858549594883 0.02410114821630405
leaf_weight=151 41 26 204 35 67
leaf_count=151 41 26 204 35 67
internal_value=0 0.00351883 -0.00306641 -0.0152478 0.0161379
internal_weight=0 244 280 76 93
internal_count=524 244 280 76 93
is_linear=0
shrinkage=0.1


Tree=84
num_leaves=6
num_cat=0
split_feature=22 37 22 33 71
split_gain=0.54074 2.54212 2.40129 1.94821 1.67899
threshold=1.386294361119891 0.69314718055994573 3.7947076036992663e-18 5.1608023410310023e-17 4.7433845046240829e-19
decision_type=2 2 2 2 2
left_child=1 2 3 -1 -2
right_child=4 -3 -4 -5 -6
leaf_value=0.0061735343276744801 0.022466594990141489 -0.020077666348185055 -0.010484917959131833 0.044764137013178128 -9.4702789743008147e-05
leaf_weight=42 37 66 56 19 304
leaf_count=42 37 66 56 19 304
internal_value=0 -0.00438511 0.00446711 0.0181936 0.0023533
internal_weight=0 183 117 61 341
internal_count=524 183 117 61 341
is_linear=0
shrinkage=0.1


Tree=85
num_leaves=6
num_cat=0
split_feature=58 50 53 94 23
split_gain=0.538572 1.95618 1.52779 1.19551 1.15488
threshold=1.2424533248940006 2.4414009612931857 0.8958797346140277 2.740319461670996 2.249904835165133
decision_type=2 2 2 2 2
left_child=4 -2 -3 -4 -1
right_child=1 2 3 -5 -6
leaf_value=0.00029131436691157462 0.025039604130913232 -0.022951850357586175 0.021558753465900998 -0.00017660147676017745 -0.018352053571078514
leaf_weight=127 34 27 28 263 45
leaf_count=127 34 27 28 263 45
internal_value=0 0.00224104 -0.000196544 0.00191477 -0.00458631
internal_weight=0 352 318 291 172
internal_count=524 352 318 291 172
is_linear=0
shrinkage=0.1


Tree=86
num_leaves=6
num_cat=0
split_feature=67 90 17 28 17
split_gain=0.511846 0.910102 0.63831 2.15751 0.988038
threshold=4.8359983798670454 5.7333203298832158 3.4175922930736511 3.9981586158983733 4.135134555718313
decision_type=2 2 2 2 2
left_child=1 2 3 -1 -4
right_child=-2 -3 4 -5 -6
leaf_value=-0.00087495430171427807 -0.015689321875106545 0.020055527031502648 -0.015759165015627154 0.025475096302654817 0.0069133437192468936
leaf_weight=361 20 23 57 34 29
leaf_count=361 20 23 57 34 29
internal_value=0 0.000622592 -0.000306633 0.00139315 -0.00811378
internal_weight=0 504 481 395 86
internal_count=524 504 481 395 86
is_linear=0
shrinkage=0.1


Tree=87
num_leaves=6
num_cat=0
split_feature=134 23 28 26 22
split_gain=0.503071 1.51184 1.73392 0.876208 1.64997
threshold=3.795426061844291 2.249904835165133 2.524928003624769 1.2424533248940006 3.7947076036992663e-18
decision_type=2 2 2 2 2
left_child=3 -2 -3 4 -1
right_child=1 2 -4 -5 -6
leaf_value=0.0071797016468322416 0.026092937312621092 -0.020382175907226546 0.013004382316555298 0.0014614290862491337 -0.016824637585115144
leaf_weight=44 28 28 35 307 82
leaf_count=44 28 28 35 307 82
internal_value=0 0.00675884 -0.00183409 -0.00142045 -0.00844217
internal_weight=0 91 63 433 126
internal_count=524 91 63 433 126
is_linear=0
shrinkage=0.1


Tree=88
num_leaves=6
num_cat=0
split_feature=56 65 69 58 101
split_gain=0.498056 0.925611 1.43717 1.23423 0.97486
threshold=3.7726948748059121 2.4414009612931857 4.6298509007569537 4.8116552897850609 3.1567740231385479
decision_type=2 2 2 2 2
left_child=1 3 -3 4 -1
right_child=-2 2 -4 -5 -6
leaf_value=0.0025510764086241334 -0.012294652165784951 0.034420319403870962 0.00024867120373528451 -0.025646917669004517 -0.010370244450334992
leaf_weight=352 31 20 32 19 70
leaf_count=352 31 20 32 19 70
internal_value=0 0.000773092 0.0133916 -0.000714806 0.000407729
internal_weight=0 493 52 441 422
internal_count=524 493 52 441 422
is_linear=0
shrinkage=0.1


Tree=89
num_leaves=6
num_cat=0
split_feature=22 37 122 44 71
split_gain=0.50152 2.03466 2.08034 2.14202 1.30239
threshold=1.386294361119891 0.69314718055994573 1.0000000180025095e-35 2.524928003624769 4.7433845046240829e-19
decision_type=2 2 2 2 2
left_child=1 2 -1 -4 -2
right_child=4 -3 3 -5 -6
leaf_value=0.031405695815655318 0.019980878246998467 -0.018262266513016639 -0.011207290485294329 0.023847144655883314 0.00011030391155815635
leaf_weight=22 37 66 72 23 304
leaf_count=22 37 66 72 23 304
internal_value=0 -0.00422309 0.00369645 -0.00272043 0.00226635
internal_weight=0 183 117 95 341
internal_count=524 183 117 95 341
is_linear=0
shrinkage=0.1


Tree=90
num_leaves=6
num_cat=0
split_feature=68 123 57 75 46
split_gain=0.525764 2.00342 1.76507 1.3054 1.02634
threshold=3.6998399136067854e-18 2.3502401828962087 7.1150767569361241e-20 9.2644228605939118e-22 0.34657359027997348
decision_type=2 2 2 2 2
left_child=1 2 -1 -4 -2
right_child=4 -3 3 -5 -6
leaf_value=0.024675818484114567 0.014394867023522105 -0.0310350993424654 -0.026986483694054188 0.0058288244970349807 -0.00035566965423289678
leaf_weight=23 54 25 22 27 373
leaf_count=23 54 25 22 27 373
internal_value=0 -0.00664596 0.00182249 -0.00890458 0.00150974
internal_weight=0 97 72 49 427
internal_count=524 97 72 49 427
is_linear=0
shrinkage=0.1


Tree=91
num_leaves=6
num_cat=0
split_feature=93 94 16 68 70
split_gain=0.493918 1.66562 2.15857 1.66881 1.25621
threshold=0.8958797346140277 2.6735537653587347 1.2424533248940006 3.6998399136067854e-18 2.9174053685313033
decision_type=2 2 2 2 2
left_child=-1 2 -2 -3 -5
right_child=1 3 -4 4 -6
leaf_value=-0.0046516774485836614 -0.0068250491470098502 -0.027255543727766385 0.035312840217093543 0.02068831316040208 -0.00091453349081806504
leaf_weight=159 20 22 31 30 262
leaf_count=159 20 22 31 30 262
internal_value=0 0.00202635 0.0187882 -0.000696116 0.00130494
internal_weight=0 365 51 314 292
internal_count=524 365 51 314 292
is_linear=0
shrinkage=0.1


Tree=92
num_leaves=6
num_cat=0
split_feature=130 89 130 69 72
split_gain=0.473312 1.55307 1.22882 1.15893 0.987715
threshold=5.2203412156610947 3.7726948748059121 5.0336528188827625 4.0859410030639109 4.4367340276668159
decision_type=2 2 2 2 2
left_child=2 -2 4 -3 -1
right_child=1 3 -4 -5 -6
leaf_value=-0.0017399820562026453 0.031205590988975018 -0.021419499304733778 -0.024910806261357808 0.0081331134890206165 0.014424805040471257
leaf_weight=378 20 19 21 44 42
leaf_count=378 20 19 21 44 42
internal_value=0 0.00692769 -0.00130385 -0.000779579 -0.000123503
internal_weight=0 83 441 63 420
internal_count=524 83 441 63 420
is_linear=0
shrinkage=0.1


Tree=93
num_leaves=6
num_cat=0
split_feature=120 134 41 109 17
split_gain=0.449116 0.825577 1.80172 1.05081 1.4395
threshold=1.2424533248940004 3.7726948748059121 1.2424533248940006 1.8873791418627649e-15 1.0000000180025095e-35
decision_type=2 2 2 2 2
left_child=-1 3 -3 -2 -5
right_child=1 2 -4 4 -6
leaf_value=-0.0075812596952720707 0.017061944089589581 0.033327139324198167 -0.0011715999372848651 -0.014772504178593713 0.0010361456609138664
leaf_weight=68 31 24 41 72 288
leaf_count=68 31 24 41 72 288
internal_value=0 0.00113054 0.0115664 -0.000604322 -0.00212558
internal_weight=0 456 65 391 360
internal_count=524 456 65 391 360
is_linear=0
shrinkage=0.1


Tree=94
num_leaves=6
num_cat=0
split_feature=76 129 53 130 9
split_gain=0.456345 0.620394 1.93441 1.54966 1.53459
threshold=3.7726948748059121 2.4414009612931857 3.0677824455408698 3.0677824455408698 7.2164496600635165e-16
decision_type=2 2 2 2 2
left_child=1 2 -1 -3 -5
right_child=-2 3 -4 4 -6
leaf_value=0.00015999881766399758 -0.011768573421502351 0.023431519294556766 -0.029556191146373752 -0.015997547859495337 0.0045245268342594775
leaf_weight=177 31 35 25 44 212
leaf_count=177 31 35 25 44 212
internal_value=0 0.000740012 -0.00351775 0.00369557 0.000997295
internal_weight=0 493 202 291 256
internal_count=524 493 202 291 256
is_linear=0
shrinkage=0.1


Tree=95
num_leaves=6
num_cat=0
split_feature=128 120 5 7 3
split_gain=0.426129 0.891475 0.734807 0.759955 0.327245
threshold=5.2857353797162627 5.5429906625924703 3.8499212036984933 2.524928003624769 2.8617925509761908
decision_type=2 2 2 2 2
left_child=1 2 3 -1 -2
right_child=4 -3 -4 -5 -6
leaf_value=-0.0014023315357534509 -0.018984660403802991 0.019598734479707978 -0.016842393433675173 0.0087498725595031978 -0.00065827402041146628
leaf_weight=342 20 24 25 94 19
leaf_count=342 20 24 25 94 19
internal_value=0 0.000808661 -0.000169564 0.000786446 -0.0100564
internal_weight=0 485 461 436 39
internal_count=524 485 461 436 39
is_linear=0
shrinkage=0.1


Tree=96
num_leaves=6
num_cat=0
split_feature=51 68 53 3 132
split_gain=0.441957 0.711976 0.816189 1.03373 0.993149
threshold=4.7915722689223941 5.2390944889447963 3.9019216517693867 3.1132683346437333 2.249904835165133
decision_type=2 2 2 2 2
left_child=1 2 4 -4 -1
right_child=-2 -3 3 -5 -6
leaf_value=0.016387430451905879 -0.01497246092675548 0.01577550364690351 -0.026284522076065728 0.00037704651159319014 -0.00037345931870741504
leaf_weight=39 19 29 26 33 378
leaf_count=39 19 29 26 33 378
internal_value=0 0.00056332 -0.000363472 -0.0113721 0.00119411
internal_weight=0 505 476 59 417
internal_count=524 505 476 59 417
is_linear=0
shrinkage=0.1


Tree=97
num_leaves=6
num_cat=0
split_feature=23 96 54 50 35
split_gain=0.43441 1.65579 0.983636 1.45241 1.05124
threshold=1.0000000180025095e-35 0.89587973461402781 2.740319461670996 2.4414009612931857 6.1663998560113074e-19
decision_type=2 2 2 2 2
left_child=1 -1 -2 -4 -5
right_child=2 -3 3 4 -6
leaf_value=0.025410186176498734 -0.0092478196585975732 -0.0039895054405414557 0.026354137503288012 -0.0230280245605268 0.0012626960722996587
leaf_weight=30 114 53 22 19 286
leaf_count=30 114 53 22 19 286
internal_value=0 0.00663689 -0.00124912 0.00153942 -0.000250496
internal_weight=0 83 441 327 305
internal_count=524 83 441 327 305
is_linear=0
shrinkage=0.1


Tree=98
num_leaves=6
num_cat=0
split_feature=20 54 80 126 100
split_gain=0.414743 0.78974 0.503978 1.41968 1.38995
threshold=1.0000000180025095e-35 2.7755575615628914e-16 3.7256208424938388 1.7005986908310782 4.70043904177074
decision_type=2 2 2 2 2
left_child=-1 -2 3 -3 -4
right_child=1 2 4 -5 -6
leaf_value=0.011031420651124791 -0.020707519195581739 -0.0024685676002668012 -0.010764202941427357 0.015134024580422395 0.0035711711588045283
leaf_weight=32 19 126 120 72 155
leaf_count=32 19 126 120 72 155
internal_value=0 -0.000717491 8.54914e-05 0.00393238 -0.00268426
internal_weight=0 492 473 198 275
internal_count=524 492 473 198 275
is_linear=0
shrinkage=0.1


Tree=99
num_leaves=6
num_cat=0
split_feature=44 100 109 49 2
split_gain=0.402974 0.79946 0.937619 1.00303 0.955071
threshold=1.0000000180025095e-35 9.1940344226770776e-17 0.8958797346140277 1.8873791418627649e-15 3.6429192995512961e-17
decision_type=2 2 2 2 2
left_child=-1 -2 4 -4 -3
right_child=1 2 3 -5 -6
leaf_value=0.010873783539864235 -0.016526137691301606 0.030344425905495881 -0.021924490058286627 1.2959413516459838e-05 0.00075589092448353774
leaf_weight=32 30 20 22 396 24
leaf_count=32 30 20 22 396 24
internal_value=0 -0.000707238 0.000319963 -0.00114164 0.0142052
internal_weight=0 492 462 418 44
internal_count=524 492 462 418 44
is_linear=0
shrinkage=0.1


end of trees

feature_importances:
Column_0=24
Column_130=21
Column_3=14
Column_67=13
Column_14=12
Column_19=11
Column_133=11
Column_80=10
Column_12=9
Column_17=9
Column_111=9
Column_126=9
Column_135=9
Column_18=8
Column_38=8
Column_50=8
Column_69=8
Column_76=8
Column_122=8
Column_124=8
Column_7=7
Column_58=7
Column_68=7
Column_1=6
Column_34=6
Column_53=6
Column_72=6
Column_110=6
Column_129=6
Column_20=5
Column_22=5
Column_23=5
Column_28=5
Column_37=5
Column_46=5
Column_60=5
Column_66=5
Column_94=5
Column_108=5
Column_117=5
Column_134=5
Column_8=4
Column_51=4
Column_56=4
Column_70=4
Column_75=4
Column_87=4
Column_89=4
Column_93=4
Column_100=4
Column_101=4
Column_109=4
Column_116=4
Column_120=4
Column_128=4
Column_5=3
Column_6=3
Column_16=3
Column_21=3
Column_24=3
Column_35=3
Column_57=3
Column_74=3
Column_78=3
Column_82=3
Column_107=3
Column_113=3
Column_132=3
Column_2=2
Column_13=2
Column_26=2
Column_27=2
Column_30=2
Column_33=2
Column_40=2
Column_44=2
Column_47=2
Column_54=2
Column_71=2
Column_73=2
Column_77=2
Column_90=2
Column_98=2
Column_103=2
Column_104=2
Column_112=2
Column_118=2
Column_127=2
Column_131=2
Column_4=1
Column_9=1
Column_10=1
Column_11=1
Column_15=1
Column_25=1
Column_41=1
Column_45=1
Column_49=1
Column_64=1
Column_65=1
Column_79=1
Column_81=1
Column_83=1
Column_84=1
Column_86=1
Column_91=1
Column_95=1
Column_96=1
Column_97=1
Column_106=1
Column_114=1
Column_115=1
Column_119=1
Column_121=1
Column_123=1
Column_125=1

parameters:
[boosting: gbdt]
[objective: regression]
[metric: l1]
[tree_learner: serial]
[device_type: cpu]
[data_sample_strategy: bagging]
[data: ]
[valid: ]
[num_iterations: 100]
[learning_rate: 0.1]
[num_leaves: 6]
[num_threads: 16]
[seed: 0]
[deterministic: 0]
[force_col_wise: 0]
[force_row_wise: 0]
[histogram_pool_size: -1]
[max_depth: 4]
[min_data_in_leaf: 19]
[min_sum_hessian_in_leaf: 0.001]
[bagging_fraction: 1]
[pos_bagging_fraction: 1]
[neg_bagging_fraction: 1]
[bagging_freq: 0]
[bagging_seed: 3]
[feature_fraction: 1]
[feature_fraction_bynode: 1]
[feature_fraction_seed: 2]
[extra_trees: 0]
[extra_seed: 6]
[early_stopping_round: 0]
[first_metric_only: 0]
[max_delta_step: 0]
[lambda_l1: 0]
[lambda_l2: 0]
[linear_lambda: 0]
[min_gain_to_split: 0]
[drop_rate: 0.1]
[max_drop: 50]
[skip_drop: 0.5]
[xgboost_dart_mode: 0]
[uniform_drop: 0]
[drop_seed: 4]
[top_rate: 0.2]
[other_rate: 0.1]
[min_data_per_group: 100]
[max_cat_threshold: 32]
[cat_l2: 10]
[cat_smooth: 10]
[max_cat_to_onehot: 4]
[top_k: 20]
[monotone_constraints: ]
[monotone_constraints_method: basic]
[monotone_penalty: 0]
[feature_contri: ]
[forcedsplits_filename: ]
[refit_decay_rate: 0.9]
[cegb_tradeoff: 1]
[cegb_penalty_split: 0]
[cegb_penalty_feature_lazy: ]
[cegb_penalty_feature_coupled: ]
[path_smooth: 0]
[interaction_constraints: ]
[verbosity: -1]
[saved_feature_importance_type: 0]
[use_quantized_grad: 0]
[num_grad_quant_bins: 4]
[quant_train_renew_leaf: 0]
[stochastic_rounding: 1]
[linear_tree: 0]
[max_bin: 255]
[max_bin_by_feature: ]
[min_data_in_bin: 3]
[bin_construct_sample_cnt: 200000]
[data_random_seed: 1]
[is_enable_sparse: 1]
[enable_bundle: 1]
[use_missing: 1]
[zero_as_missing: 0]
[feature_pre_filter: 1]
[pre_partition: 0]
[two_round: 0]
[header: 0]
[label_column: ]
[weight_column: ]
[group_column: ]
[ignore_column: ]
[categorical_feature: ]
[forcedbins_filename: ]
[precise_float_parser: 0]
[parser_config_file: ]
[objective_seed: 5]
[num_class: 1]
[is_unbalance: 0]
[scale_pos_weight: 1]
[sigmoid: 1]
[boost_from_average: 1]
[reg_sqrt: 0]
[alpha: 0.9]
[fair_c: 1]
[poisson_max_delta_step: 0.7]
[tweedie_variance_power: 1.5]
[lambdarank_truncation_level: 30]
[lambdarank_norm: 1]
[label_gain: ]
[lambdarank_position_bias_regularization: 0]
[eval_at: ]
[multi_error_top_k: 1]
[auc_mu_weights: ]
[num_machines: 1]
[local_listen_port: 12400]
[time_out: 120]
[machine_list_filename: ]
[machines: ]
[gpu_platform_id: -1]
[gpu_device_id: -1]
[gpu_use_dp: 0]
[num_gpu: 1]

end of parameters

pandas_categorical:null
