tree
version=v4
num_class=1
num_tree_per_iteration=1
label_index=0
max_feature_idx=103
objective=regression
feature_names=Column_0 Column_1 Column_2 Column_3 Column_4 Column_5 Column_6 Column_7 Column_8 Column_9 Column_10 Column_11 Column_12 Column_13 Column_14 Column_15 Column_16 Column_17 Column_18 Column_19 Column_20 Column_21 Column_22 Column_23 Column_24 Column_25 Column_26 Column_27 Column_28 Column_29 Column_30 Column_31 Column_32 Column_33 Column_34 Column_35 Column_36 Column_37 Column_38 Column_39 Column_40 Column_41 Column_42 Column_43 Column_44 Column_45 Column_46 Column_47 Column_48 Column_49 Column_50 Column_51 Column_52 Column_53 Column_54 Column_55 Column_56 Column_57 Column_58 Column_59 Column_60 Column_61 Column_62 Column_63 Column_64 Column_65 Column_66 Column_67 Column_68 Column_69 Column_70 Column_71 Column_72 Column_73 Column_74 Column_75 Column_76 Column_77 Column_78 Column_79 Column_80 Column_81 Column_82 Column_83 Column_84 Column_85 Column_86 Column_87 Column_88 Column_89 Column_90 Column_91 Column_92 Column_93 Column_94 Column_95 Column_96 Column_97 Column_98 Column_99 Column_100 Column_101 Column_102 Column_103
feature_infos=[0:7.0166096838942194] [0:7.0166096838942194] [0:7.0166096838942194] [0:7.0166096838942194] [0:7.0166096838942194] [0:7.0166096838942194] [0:7.0166096838942194] [0:7.0166096838942194] [0:7.0166096838942194] [0:7.0166096838942194] [0:6.253828811575473] [0:8.0484687436688827] [0:6.2897155709089976] [0:7.2619270927027513] [0:10.923741824752311] [0:5.3132059790417872] [0:8.427706024914702] [0:6.2878585601617845] [0:6.5708829623395841] [0:6.253828811575473] [0:8.0484687436688827] [0:6.2897155709089976] [0:7.2619270927027513] [0:10.923741824752311] [0:5.3132059790417872] [0:8.427706024914702] [0:6.2878585601617845] [0:6.5708829623395841] [0:6.253828811575473] [0:8.0484687436688827] [0:6.2897155709089976] [0:7.2619270927027513] [0:10.923741824752311] [0:5.3132059790417872] [0:8.427706024914702] [0:6.2878585601617845] [0:6.5708829623395841] [0:6.253828811575473] [0:8.0484687436688827] [0:6.2897155709089976] [0:7.2619270927027513] [0:10.923741824752311] [0:5.3132059790417872] [0:8.427706024914702] [0:6.2878585601617845] [0:6.5708829623395841] [0:6.253828811575473] [0:8.0484687436688827] [0:6.2897155709089976] [0:7.2619270927027513] [0:10.923741824752311] [0:5.3132059790417872] [0:8.427706024914702] [0:6.2878585601617845] [0:6.5708829623395841] [0:6.253828811575473] [0:8.0484687436688827] [0:6.2897155709089976] [0:7.2619270927027513] [0:10.923741824752311] [0:5.3132059790417872] [0:8.427706024914702] [0:6.2878585601617845] [0:6.5708829623395841] [0:6.253828811575473] [0:8.0484687436688827] [0:6.2897155709089976] [0:7.2619270927027513] [0:10.923741824752311] [0:5.3132059790417872] [0:8.427706024914702] [0:6.2878585601617845] [0:6.5708829623395841] [0:6.253828811575473] [0:8.0484687436688827] [0:6.2897155709089976] [0:7.2619270927027513] [0:10.923741824752311] [0:5.3132059790417872] [0:8.427706024914702] [0:6.2878585601617845] [0:6.5708829623395841] [0:6.253828811575473] [0:8.0484687436688827] [0:6.2897155709089976] [0:7.2619270927027513] [0:10.923741824752311] [0:5.3132059790417872] [0:8.427706024914702] [0:6.2878585601617845] [0:6.5708829623395841] [0:6.253828811575473] [0:8.0484687436688827] [0:6.2897155709089976] [0:7.2619270927027513] [0:10.923741824752311] [0:5.3132059790417872] [0:8.427706024914702] [0:6.2878585601617845] [0:6.5708829623395841] [0.69314718055994529:3.970291913552122] [0.69314718055994529:3.970291913552122] [0.69314718055994529:3.970291913552122] [0.69314718055994529:3.970291913552122]
tree_sizes=792 816 817 815 716 801 828 832 811 810 813 823 839 830 826 839 738 826 807 840 823 827 845 818 832 833 796 846 836 861 854 728 817 843 850 827 523 860 516 769 517 884 844 600 504 861 790 808 519 791 587 508 806 683 620 803 517 765 697 807 521 684 806 764 813 616 521 849 787 892 665 686 826 689 585 857 596 506 781 602 588 606 520 783 775 732 843 865 781 853 518 602 775 672 703 675 745 868 586 818

Tree=0
num_leaves=8
num_cat=0
split_feature=17 0 93 17 59 27 9
split_gain=791.703 171.128 75.4993 68.3912 35.2638 34.5225 21.5354
threshold=3.0677824455408698 1.3862943611198915 4.0517471391904856 4.0163424379838117 3.8267474548306271 3.1132683346437333 3.795426061844291
decision_type=2 2 2 2 2 2 2
left_child=1 4 -3 5 -1 -2 -5
right_child=3 2 -4 6 -6 -7 -8
leaf_value=2.801268562756178 2.8261182527426865 2.8484682396500611 2.7002347555067803 3.102038315248449 2.6334087347517317 2.9623859859511263 3.0018475253146755
leaf_weight=13.999999999999998 22 115 49 45 118 120 41
leaf_count=14 22 115 49 45 118 120 41
internal_value=2.84384 2.73596 2.80418 2.9839 2.65121 2.94127 3.05427
internal_weight=0 296 164 228 132 142 86
internal_count=524 296 164 228 132 142 86
is_linear=0
shrinkage=1


Tree=1
num_leaves=8
num_cat=0
split_feature=0 100 92 14 0 18 0
split_gain=648.896 183.591 61.6261 57.5306 39.2707 33.9598 31.5632
threshold=3.4498615536424366 3.5972184255501678 5.3399131619914195 6.9167145292333103 1.3862943611198915 4.7664292796317111 3.7494348669884658
decision_type=2 2 2 2 2 2 2
left_child=1 4 5 -3 -1 -2 -4
right_child=2 3 6 -5 -6 -7 -8
leaf_value=-0.19420657697381505 0.13748351298883313 -0.058647130735873902 -0.097782132402062419 0.092661709997287789 -0.10382311065183131 0.25049567608272327 0.079878213535994294
leaf_weight=109 122 54 11.999999999999998 47 86 34 60
leaf_count=109 122 54 12 47 86 34 60
internal_value=0 -0.097666 0.126795 0.0117639 -0.154345 0.162114 0.0502682
internal_weight=0 296 228 101 195 156 72
internal_count=524 296 228 101 195 156 72
is_linear=0
shrinkage=0.1


Tree=2
num_leaves=8
num_cat=0
split_feature=18 0 96 91 18 100 14
split_gain=535.62 93.8121 77.4739 55.5565 36.6318 34.8359 22.7902
threshold=3.4175922930736511 1.8688348091416844 2.8617925509761908 3.6762205501217919 4.4942230200312032 3.5114340430413216 7.9667588953124477
decision_type=2 2 2 2 2 2 2
left_child=1 5 4 -3 -2 -1 -4
right_child=2 3 6 -5 -6 -7 -8
leaf_value=-0.18411127414667247 0.10429500468637949 0.0068830085009516737 -0.094952842220664024 -0.14587566675618291 0.19573682296103326 -0.082379479720896376 0.044415355916664179
leaf_weight=99 120 93 15.999999999999998 32 69 51 44
leaf_count=99 120 93 16 32 69 51 44
internal_value=0 -0.0962046 0.10625 -0.0322232 0.137679 -0.149522 0.0072505
internal_weight=0 275 249 125 189 150 60
internal_count=524 275 249 125 189 150 60
is_linear=0
shrinkage=0.1


Tree=3
num_leaves=8
num_cat=0
split_feature=0 100 84 98 14 18 18
split_gain=439.55 122.219 43.7914 29.5513 28.7037 27.1256 25.3085
threshold=3.4498615536424366 3.6505739029280164 4.0163424379838117 1.2424533248940002 6.1002787324210326 3.4811217321331038 4.8481086751891054
decision_type=2 2 2 2 2 2 2
left_child=1 3 6 -1 -3 -4 -2
right_child=2 4 5 -5 -6 -7 -8
leaf_value=-0.038506726804818661 0.11431379169812353 -0.073179117827252907 -0.1051716948774728 -0.13672591070042861 0.060657154758050405 0.065651373825967307 0.21643612464269002
leaf_weight=37 127 22 10.999999999999998 178 59 60 30
leaf_count=37 127 22 11 178 59 60 30
internal_value=0 -0.0803822 0.104356 -0.119823 0.0243066 0.0391858 0.133828
internal_weight=0 296 228 215 81 71 157
internal_count=524 296 228 215 81 71 157
is_linear=0
shrinkage=0.1


Tree=4
num_leaves=7
num_cat=0
split_feature=17 0 84 88 17 103
split_gain=363.48 92.6916 45.3757 29.9574 28.8398 23.2516
threshold=3.1567740231385479 1.9459101490553139 3.5408542930527882 3.9219243190762363 5.3028591759145582 2.602003343538398
decision_type=2 2 2 2 2 2
left_child=1 3 -3 -1 5 -2
right_child=4 2 -4 -5 -6 -7
leaf_value=-0.072628447308338118 0.12635913964949158 0.033717896859423162 -0.07523567033514604 -0.16006775235108447 0.22708707907620598 0.056755869477247992
leaf_weight=70 95 89 67 89 17 97
leaf_count=70 95 89 67 89 17 97
internal_value=0 -0.067841 -0.0130763 -0.121572 0.102248 0.091195
internal_weight=0 315 156 159 209 192
internal_count=524 315 156 159 209 192
is_linear=0
shrinkage=0.1


Tree=5
num_leaves=8
num_cat=0
split_feature=0 93 100 26 18 14 63
split_gain=302.77 75.523 44.1005 40.6438 29.4708 21.2297 14.3139
threshold=2.6735537653587351 4.0517471391904856 3.4811217321331038 3.0677824455408698 4.1971736807086968 6.5560373146472513 3.5972184255501678
decision_type=2 2 2 2 2 2 2
left_child=2 4 6 -3 -2 -4 -1
right_child=1 3 5 -5 -6 -7 -8
leaf_value=-0.1475390248912542 0.064706029543274299 -0.10865534872844303 -0.07453177595052167 0.034405758533449397 0.13998169363025698 0.020198997223956718 -0.054544600993394858
leaf_weight=96 118 29 69 63 93 36 20
leaf_count=96 118 29 69 63 93 36 20
internal_value=0 0.064918 -0.0890053 -0.0106896 0.0978844 -0.0420527 -0.131506
internal_weight=0 303 221 92 211 105 116
internal_count=524 303 221 92 211 105 116
is_linear=0
shrinkage=0.1


Tree=6
num_leaves=8
num_cat=0
split_feature=18 93 96 35 23 17 43
split_gain=250.027 53.0727 33.8624 29.7334 20.5033 19.9716 6.78032
threshold=3.4498615536424366 9.7144514654701178e-16 3.1132683346437333 2.8029010331479989 5.8860885991132372 5.1975193047787114 5.3181079790900982
decision_type=2 2 2 2 2 2 2
left_child=1 4 5 -3 -1 -2 -4
right_child=2 3 6 -5 -6 -7 -8
leaf_value=-0.052222055997009631 0.082279630488612587 -0.11069054341224849 -0.070532797006043521 -0.025390536930750718 0.061749110674779666 0.19567057525410372 0.018890071343127136
leaf_weight=27 180 159 10.999999999999998 55 38 17 37
leaf_count=27 180 159 11 55 38 17 37
internal_value=0 -0.0647305 0.0737135 -0.0887676 0.0144072 0.0920646 -0.00160267
internal_weight=0 279 245 214 65 197 48
internal_count=524 279 245 214 65 197 48
is_linear=0
shrinkage=0.1


Tree=7
num_leaves=8
num_cat=0
split_feature=26 100 0 6 32 17 17
split_gain=205.378 56.0468 28.4589 22.1546 15.0901 12.0388 4.16954
threshold=3.1567740231385479 3.6505739029280164 3.7494348669884658 4.70043904177074 5.8860885991132372 5.3028591759145582 3.9607678160667752
decision_type=2 2 2 2 2 2 2
left_child=1 2 -1 5 -3 -2 -5
right_child=3 4 -4 6 -6 -7 -8
leaf_value=-0.085868636413018229 0.088010745091758075 -0.06026043219491839 0.072389295821388575 0.0070607707744873155 0.03839065915621493 0.18536521068641121 0.065964318110662348
leaf_weight=214 137 20 11.999999999999998 41 69 13.999999999999998 17
leaf_count=214 137 20 12 41 69 14 17
internal_value=0 -0.0509951 -0.0774656 0.0768587 0.0162219 0.097037 0.0243256
internal_weight=0 315 226 209 89 151 58
internal_count=524 315 226 209 89 151 58
is_linear=0
shrinkage=0.1


Tree=8
num_leaves=8
num_cat=0
split_feature=0 92 14 100 18 67 63
split_gain=171.724 46.7108 28.0389 26.6439 15.5108 12.3105 10.6849
threshold=2.6735537653587351 5.2781016436508681 7.7796760412644241 3.4811217321331038 4.2972622671762819 1.0000000180025095e-35 3.5972184255501678
decision_type=2 2 2 2 2 2 2
left_child=3 4 -3 6 -2 -5 -1
right_child=1 2 -4 5 -6 -7 -8
leaf_value=-0.11391823949137081 0.054337345723781676 -0.092120910132372835 0.025549640805520874 0.032368727866560219 0.11156943135055496 -0.04917391978008788 -0.033572437344118959
leaf_weight=96 114 27 81 24 81 81 20
leaf_count=96 114 27 81 24 81 81 20
internal_value=0 0.0488906 -0.003868 -0.0670309 0.0781107 -0.0305356 -0.100066
internal_weight=0 303 108 221 195 105 116
internal_count=524 303 108 221 195 105 116
is_linear=0
shrinkage=0.1


Tree=9
num_leaves=8
num_cat=0
split_feature=26 94 18 103 17 100 98
split_gain=139.235 43.3907 24.175 18.3361 16.6393 15.9065 8.96856
threshold=3.0201273556387074 2.1383330595080285 1.8688348091416846 2.6735537653587347 1.8688348091416844 3.7726948748059121 4.0163424379838117
decision_type=2 2 2 2 2 2 2
left_child=1 2 -1 6 -3 -5 -2
right_child=3 4 -4 5 -6 -7 -8
leaf_value=-0.062569637205451722 0.10064370920986272 -0.11509618039579235 0.033260187037385903 0.0030154199984211189 -0.052049032957991584 0.082629102851087988 0.038187415843769432
leaf_weight=40 89 72 77 78 100 37 31
leaf_count=40 89 72 77 78 100 37 31
internal_value=0 -0.046483 0.000497854 0.0571642 -0.0784409 0.0286303 0.0845092
internal_weight=0 289 117 235 172 115 120
internal_count=524 289 117 235 172 115 120
is_linear=0
shrinkage=0.1


Tree=10
num_leaves=8
num_cat=0
split_feature=18 93 17 35 23 17 0
split_gain=115.774 29.5181 16.5998 15.0453 10.5855 8.37402 6.24573
threshold=3.4498615536424366 9.7144514654701178e-16 3.5114340430413216 2.8029010331479989 6.0037773156930498 5.3028591759145582 3.0677824455408698
decision_type=2 2 2 2 2 2 2
left_child=1 4 6 -3 -1 -4 -2
right_child=2 3 5 -5 -6 -7 -8
leaf_value=-0.027291074461273608 -0.016441731967709282 -0.077568463572306831 0.063255139302817134 -0.016890983547676694 0.053505378260331998 0.13802476770737593 0.036452734536504834
leaf_weight=31 33 159 126 55 34 17 69
leaf_count=31 33 159 126 55 34 17 69
internal_value=0 -0.0440474 0.0501601 -0.0619738 0.0149717 0.0721438 0.0193398
internal_weight=0 279 245 214 65 143 102
internal_count=524 279 245 214 65 143 102
is_linear=0
shrinkage=0.1


Tree=11
num_leaves=8
num_cat=0
split_feature=0 93 65 18 26 18 79
split_gain=95.4116 30.5316 19.4549 17.0038 14.8031 10.7361 5.67033
threshold=2.6735537653587351 4.1026092131977068 4.8441560854355483 1.8688348091416846 2.8617925509761908 4.7317931335534196 5.5664324555418956
decision_type=2 2 2 2 2 2 2
left_child=2 5 3 -1 -3 -2 -4
right_child=1 4 6 -5 -6 -7 -8
leaf_value=-0.063579582803872201 0.045368804029007066 -0.082645696620254422 -0.12055714097691746 -4.9875937402248387e-05 0.011087061257825957 0.10117004416709724 -0.039700169454921379
leaf_weight=89 174 23 41 80 63 43 10.999999999999998
leaf_count=89 174 23 41 80 63 43 11
internal_value=0 0.0364426 -0.0499643 -0.0335063 -0.013981 0.0564262 -0.103453
internal_weight=0 303 221 169 86 217 52
internal_count=524 303 221 169 86 217 52
is_linear=0
shrinkage=0.1


Tree=12
num_leaves=8
num_cat=0
split_feature=13 94 97 14 13 89 27
split_gain=78.9025 27.0986 20.2512 13.373 10.546 6.92974 5.8781
threshold=3.7256208424938388 1.7917594692280558 5.3913496380844323 6.2996043646344653 2.524928003624769 4.5642939350519631 3.4811217321331038
decision_type=2 2 2 2 2 2 2
left_child=1 3 5 -1 -3 -2 -4
right_child=2 4 6 -5 -6 -7 -8
leaf_value=-0.028268767109042719 0.068788750887829431 -0.081567777970767752 -0.052402558410540229 0.043370408619133133 -0.03263541301363148 -0.013498385792428798 0.015059583025824615
leaf_weight=57 147 98 15.999999999999998 48 80 10.999999999999998 67
leaf_count=57 147 98 16 48 80 11 67
internal_value=0 -0.0358092 0.0420499 0.00448057 -0.0595757 0.0630599 0.00205483
internal_weight=0 283 241 105 178 158 83
internal_count=524 283 241 105 178 158 83
is_linear=0
shrinkage=0.1


Tree=13
num_leaves=8
num_cat=0
split_feature=18 92 42 26 87 18 95
split_gain=64.75 21.2711 21.1803 11.8224 10.5255 8.17034 0.883842
threshold=3.4498615536424366 5.0304165616299539 4.7433845046240829e-19 3.0677824455408698 3.4175922930736511 4.1190041246092024 9.2532926005160707
decision_type=2 2 2 2 2 2 2
left_child=1 2 -1 -3 5 -2 -6
right_child=4 3 -4 -5 6 -7 -8
leaf_value=-0.040303501502577485 0.021614301197782713 -0.088424432495391225 0.029214816336106099 0.0015943917135397595 -0.032013225641388164 0.062322083705415338 0.00013355246558785437
leaf_weight=112 81 77 72 18 12.999999999999998 126 25
leaf_count=112 81 77 72 18 13 126 25
internal_value=0 -0.0329409 -0.0131007 -0.0713682 0.0375123 0.046393 -0.010864
internal_weight=0 279 184 95 245 207 38
internal_count=524 279 184 95 245 207 38
is_linear=0
shrinkage=0.1


Tree=14
num_leaves=8
num_cat=0
split_feature=13 85 98 10 95 11 0
split_gain=53.8058 20.78 14.9898 9.84247 8.27151 6.8828 5.31217
threshold=3.7256208424938388 1.0986122886681102 3.7494348669884658 4.649058915617843e-16 7.3041795858689307 6.4583333698469207 4.5053345884235583
decision_type=2 2 2 2 2 2 2
left_child=1 4 5 -3 -1 -2 -4
right_child=2 3 6 -5 -6 -7 -8
leaf_value=0.026226906184373157 0.045720677695467948 -0.076819629222154628 -0.016594191051070701 -0.030471413934396376 -0.055602112285171951 0.10450931989277404 0.029585292935371401
leaf_weight=70 117 72 53 126 14.999999999999998 24 47
leaf_count=70 117 72 53 126 15 24 47
internal_value=0 -0.0295709 0.0347243 -0.0473253 0.0117865 0.0557273 0.00511017
internal_weight=0 283 241 198 85 141 100
internal_count=524 283 241 198 85 141 100
is_linear=0
shrinkage=0.1


Tree=15
num_leaves=8
num_cat=0
split_feature=0 93 65 18 26 11 13
split_gain=44.335 14.2489 13.3997 11.7383 8.90482 6.78005 1.28664
threshold=2.602003343538398 4.1026092131977068 4.8441560854355483 1.8688348091416846 2.602003343538398 5.9583946458557104 2.7058230259275202
decision_type=2 2 2 2 2 2 2
left_child=2 5 3 -1 -3 -2 -4
right_child=1 4 6 -5 -6 -7 -8
leaf_value=-0.045976661968002604 0.026876819455794183 -0.083369090780615815 -0.089167133756937134 0.0082625168618069948 0.0036018275583833085 0.066343235691725205 -0.050442750142379249
leaf_weight=88 166 13.999999999999998 39 73 74 59 10.999999999999998
leaf_count=88 166 14 39 73 74 59 11
internal_value=0 0.0238823 -0.0354274 -0.0213837 -0.0102345 0.0372258 -0.0806478
internal_weight=0 313 211 161 88 225 50
internal_count=524 313 211 161 88 225 50
is_linear=0
shrinkage=0.1


Tree=16
num_leaves=7
num_cat=0
split_feature=18 84 42 17 17 103
split_gain=36.5796 14.6323 15.1548 8.10982 6.65649 5.95323
threshold=3.4498615536424366 3.2769667020129059 4.7433845046240829e-19 2.6735537653587351 5.3028591759145582 2.740319461670996
decision_type=2 2 2 2 2 2
left_child=1 2 -1 -3 5 -2
right_child=4 3 -4 -5 -6 -7
leaf_value=-0.029582936699702363 0.040139005507028619 -0.070178222896448705 0.031933418277549211 -0.008347399224495065 0.088559686786988209 0.007816434053077909
leaf_weight=107 112 79 64 29 17 116
leaf_count=107 112 79 64 29 17 116
internal_value=0 -0.0247591 -0.00655927 -0.0535755 0.0281951 0.0236942
internal_weight=0 279 171 108 245 228
internal_count=524 279 171 108 245 228
is_linear=0
shrinkage=0.1


Tree=17
num_leaves=8
num_cat=0
split_feature=13 85 98 100 95 100 18
split_gain=30.1167 14.4474 10.3861 7.14288 5.42234 4.32893 3.19232
threshold=3.7256208424938388 1.0986122886681102 3.7494348669884658 3.7012257604091228 7.3041795858689307 2.1383330595080281 3.4498615536424366
decision_type=2 2 2 2 2 2 2
left_child=1 4 5 -3 -1 -2 -4
right_child=2 3 6 -5 -6 -7 -8
leaf_value=0.024052910363035543 0.069054039584265814 -0.045575582570532652 -0.034405664708465337 0.0047869847265674791 -0.042200475316494707 0.03146526919220681 0.010261964090168477
leaf_weight=70 45 164 20 34 14.999999999999998 96 80
leaf_count=70 45 164 20 34 15 96 80
internal_value=0 -0.0221235 0.025979 -0.0369275 0.0123611 0.0434617 0.00132844
internal_weight=0 283 241 198 85 141 100
internal_count=524 283 241 198 85 141 100
is_linear=0
shrinkage=0.1


Tree=18
num_leaves=8
num_cat=0
split_feature=0 93 88 29 67 4 18
split_gain=25.1381 10.1794 7.82389 11.9535 8.2917 6.36792 4.07025
threshold=2.6735537653587351 4.1026092131977068 3.9219243190762363 1.7005986908310777 2.0126758453675753 4.007167868649713 4.7664292796317111
decision_type=2 2 2 2 2 2 2
left_child=2 6 4 -4 -1 -3 -2
right_child=1 5 3 -5 -6 -7 -8
leaf_value=0.019509954736086316 0.02363427417151627 -0.063298720742265377 -0.10157020892258045 -0.025896437526882993 -0.038058094421020622 0.0035906962341601574 0.058620100185593098
leaf_weight=58 176 18 27 92 44 68 41
leaf_count=58 176 18 27 92 44 68 41
internal_value=0 0.0187058 -0.0256464 -0.0430661 -0.00532332 -0.0104094 0.0302445
internal_weight=0 303 221 119 102 86 217
internal_count=524 303 221 119 102 86 217
is_linear=0
shrinkage=0.1


Tree=19
num_leaves=8
num_cat=0
split_feature=26 85 98 29 95 13 59
split_gain=20.5853 11.0928 5.58536 5.36567 4.98242 3.85288 2.07763
threshold=3.0201273556387074 1.0986122886681102 4.4187680230537838 0.89587973461402781 7.3041795858689307 3.0201273556387074 9.2532926005160707
decision_type=2 2 2 2 2 2 2
left_child=1 4 5 -3 -1 -2 -4
right_child=2 3 6 -5 -6 -7 -8
leaf_value=0.022459933859589575 -0.019846308343112469 -0.070537550696011239 0.012349100553223656 -0.024057625212862744 -0.042666080780327326 0.032893173427717214 -0.033949781861156228
leaf_weight=73 14.999999999999998 29 18 173 13.999999999999998 181 21
leaf_count=73 15 29 18 173 14 181 21
internal_value=0 -0.017873 0.02198 -0.0307305 0.0119799 0.028857 -0.0125811
internal_weight=0 289 235 202 87 196 39
internal_count=524 289 235 202 87 196 39
is_linear=0
shrinkage=0.1


Tree=20
num_leaves=8
num_cat=0
split_feature=18 1 88 30 80 100 17
split_gain=17.3454 7.40025 9.40334 5.44804 5.00954 4.87647 2.22784
threshold=4.1190041246092024 3.5694334999727624 3.9219243190762363 2.740319461670996 3.9019216517693867 1.7005986908310777 4.0163424379838117
decision_type=2 2 2 2 2 2 2
left_child=1 2 -1 -3 5 -2 -6
right_child=4 3 -4 -5 6 -7 -8
leaf_value=0.00041984349070477861 0.091128411557939326 0.078556135838682012 -0.036289586951974533 0.004003489625950654 -0.023872292334871259 0.032682854187526353 0.019679645752828375
leaf_weight=129 18 10.999999999999998 152 90 17 69 38
leaf_count=129 18 11 152 90 17 69 38
internal_value=0 -0.0110927 -0.0194372 0.0121231 0.029841 0.044775 0.00621814
internal_weight=0 382 281 101 142 87 55
internal_count=524 382 281 101 142 87 55
is_linear=0
shrinkage=0.1


Tree=21
num_leaves=8
num_cat=0
split_feature=35 85 97 54 42 4 0
split_gain=14.4482 9.24244 5.4346 4.19793 4.18853 3.73646 2.8368
threshold=2.8029010331479989 1.0986122886681102 5.3913496380844323 3.6505739029280164 4.7433845046240829e-19 5.0937313815282925 4.5591125415341898
decision_type=2 2 2 2 2 2 2
left_child=1 4 5 -3 -1 -2 -4
right_child=2 3 6 -5 -6 -7 -8
leaf_value=-0.010071240796083736 0.029316575445191957 -0.036114084696557545 -0.015453215302841272 0.014975932918282021 0.035123726410942302 -0.028376209301253161 0.026172516765919602
leaf_weight=46 174 151 64 18 37 11.999999999999998 22
leaf_count=46 174 151 64 18 37 12 22
internal_value=0 -0.0172514 0.0159829 -0.0306725 0.0100759 0.0255945 -0.00480477
internal_weight=0 252 272 169 83 186 86
internal_count=524 252 272 169 83 186 86
is_linear=0
shrinkage=0.1


Tree=22
num_leaves=8
num_cat=0
split_feature=13 49 2 17 98 18 1
split_gain=12.5775 11.2555 6.37929 4.88475 4.33004 2.09734 1.42145
threshold=2.524928003624769 2.7058230259275202 1.700598690831078 2.1383330595080281 3.7726948748059121 1.8688348091416846 0.69314718055994551
decision_type=2 2 2 2 2 2 2
left_child=1 2 -1 6 -5 -3 -2
right_child=3 5 -4 4 -6 -7 -8
leaf_value=-0.022980170718541273 -0.052671784348785881 -0.039217404725163114 0.023442469901123711 0.023121091529122284 -0.0018910630866636532 -0.087920525856316101 -0.0098855943715369168
leaf_weight=95 11.999999999999998 13.999999999999998 43 211 103 24 22
leaf_count=95 12 14 43 211 103 24 22
internal_value=0 -0.0217854 -0.00851515 0.0110179 0.0149165 -0.0699773 -0.0249866
internal_weight=0 176 138 348 314 38 34
internal_count=524 176 138 348 314 38 34
is_linear=0
shrinkage=0.1


Tree=23
num_leaves=8
num_cat=0
split_feature=18 15 66 42 89 100 17
split_gain=10.7581 4.6728 7.76937 4.75036 3.47315 3.44388 1.42053
threshold=4.1190041246092024 1.7455654977016628e-17 4.1430087342023825 4.7433845046240829e-19 3.9019216517693867 1.7005986908310777 4.1510089048756029
decision_type=2 2 2 2 2 2 2
left_child=1 3 -3 -1 5 -2 -6
right_child=4 2 -4 -5 6 -7 -8
leaf_value=-0.03281738932628446 0.071371897310018542 0.01526934810844845 -0.025877985000050209 0.0015757288333148726 -0.021828161358066343 0.024669367482730499 0.014353521615266802
leaf_weight=114 20 137 69 62 17 75 30
leaf_count=114 20 137 69 62 17 75 30
internal_value=0 -0.00873604 0.00148699 -0.0207016 0.0235012 0.0345015 0.00126653
internal_weight=0 382 206 176 142 95 47
internal_count=524 382 206 176 142 95 47
is_linear=0
shrinkage=0.1


Tree=24
num_leaves=8
num_cat=0
split_feature=44 98 27 42 64 4 100
split_gain=9.01208 8.00109 6.79792 5.69495 4.70321 4.86249 1.86975
threshold=2.8029010331479989 1.8688348091416844 2.9174053685313028 4.7433845046240829e-19 3.795426061844291 4.007167868649713 2.602003343538398
decision_type=2 2 2 2 2 2 2
left_child=1 3 -3 -1 6 -6 -2
right_child=4 2 -4 -5 5 -7 -8
leaf_value=-0.011489757127128542 0.038592548623974265 -0.045339180956311204 -0.00064265405828202221 0.03589988576603078 -0.066499668969349432 0.0036189296995574726 0.015837622403995982
leaf_weight=64 54 92 54 42 10.999999999999998 98 109
leaf_count=64 54 92 54 42 11 98 109
internal_value=0 -0.0136248 -0.0288076 0.00728727 0.012623 -0.00345726 0.0233761
internal_weight=0 252 146 106 272 109 163
internal_count=524 252 146 106 272 109 163
is_linear=0
shrinkage=0.1


Tree=25
num_leaves=8
num_cat=0
split_feature=18 88 20 60 71 100 17
split_gain=7.4997 3.77251 10.9463 3.69334 2.76569 3.24515 1.35363
threshold=4.1190041246092024 3.9219243190762363 1.2424533248940004 2.2768245622195597e-18 3.8606743063089755 2.0126758453675748 3.9607678160667752
decision_type=2 2 2 2 2 2 2
left_child=1 3 -3 -1 5 -2 -6
right_child=4 2 -4 -5 6 -7 -8
leaf_value=-0.0053542116210086362 0.071012077086112083 -0.076453454563250922 -0.0075762706952987287 0.028625863922112017 -0.020821617229375991 0.021516900751739742 0.012678659568559758
leaf_weight=105 17 26 205 46 15.999999999999998 60 49
leaf_count=105 17 26 205 46 16 60 49
internal_value=0 -0.00729405 -0.0153287 0.00499733 0.019622 0.0324444 0.00443244
internal_weight=0 382 231 151 142 77 65
internal_count=524 382 231 151 142 77 65
is_linear=0
shrinkage=0.1


Tree=26
num_leaves=7
num_cat=0
split_feature=13 49 90 18 49 18
split_gain=6.46784 8.58914 5.05409 3.51753 3.96283 1.91171
threshold=2.524928003624769 2.7058230259275202 3.6242520361853052 5.797565991880604 6.2155951235621965 1.8688348091416846
decision_type=2 2 2 2 2 2
left_child=1 2 -1 4 -2 -3
right_child=3 5 -4 -5 -6 -7
leaf_value=-0.0099359713886524488 0.0079989563160645337 -0.028353788437587873 0.05798206940914194 0.061100584889451665 -0.053029791502790018 -0.074851646227762109
leaf_weight=126 325 13.999999999999998 11.999999999999998 11.999999999999998 10.999999999999998 24
leaf_count=126 325 14 12 12 11 24
internal_value=0 -0.0156224 -0.00403005 0.00790098 0.00600099 -0.0577209
internal_weight=0 176 138 348 336 38
internal_count=524 176 138 348 336 38
is_linear=0
shrinkage=0.1


Tree=27
num_leaves=8
num_cat=0
split_feature=44 57 15 64 4 46 30
split_gain=5.80664 6.67937 5.4189 3.29075 3.60927 2.15136 1.8382
threshold=2.8029010331479989 3.7839313027319412 1.7455654977016628e-17 3.795426061844291 4.007167868649713 2.4414009612931857 1.2424533248940006
decision_type=2 2 2 2 2 2 2
left_child=1 2 -1 6 -5 -3 -2
right_child=3 5 -4 4 -6 -7 -8
leaf_value=-0.016129129705384711 0.049267475286291711 -0.087098240604003285 0.016875793649593393 -0.057632408291101458 0.0027782385256521561 -0.033540049549192194 0.015385439754624307
leaf_weight=144 18 11.999999999999998 76 10.999999999999998 98 20 145
leaf_count=144 18 12 76 11 98 20 145
internal_value=0 -0.0109366 -0.00472743 0.0101324 -0.00331825 -0.0536244 0.019127
internal_weight=0 252 220 272 109 32 163
internal_count=524 252 220 272 109 32 163
is_linear=0
shrinkage=0.1


Tree=28
num_leaves=8
num_cat=0
split_feature=18 98 13 42 57 88 100
split_gain=4.83912 3.11883 4.94623 3.66553 2.29058 2.92324 2.00345
threshold=4.1190041246092024 2.0126758453675753 1.7917594692280558 4.7433845046240829e-19 2.6735537653587347 3.2769667020129059 2.3502401828962087
decision_type=2 2 2 2 2 2 2
left_child=1 3 -3 -1 5 -2 -6
right_child=4 2 -4 -5 6 -7 -8
leaf_value=-0.0071963407571287198 0.001154756916609282 -0.034594098252939506 -0.0035915792633948681 0.027744463975449992 0.022852684622975412 0.064199062711314148 -0.0040265385956062298
leaf_weight=73 12.000000000000002 71 187 51 54 19 57
leaf_count=73 12 71 187 51 54 19 57
internal_value=0 -0.00585909 -0.0121233 0.00717447 0.0157618 0.0397948 0.00904984
internal_weight=0 382 258 124 142 31 111
internal_count=524 382 258 124 142 31 111
is_linear=0
shrinkage=0.1


Tree=29
num_leaves=8
num_cat=0
split_feature=44 57 81 39 13 14 46
split_gain=4.17676 5.1148 4.69405 2.73677 2.27185 2.09307 1.73644
threshold=2.8029010331479989 3.7839313027319412 3.7494348669884658 2.6735537653587347 3.7256208424938388 10.16997194717421 2.4414009612931857
decision_type=2 2 2 2 2 2 2
left_child=1 2 -1 4 -2 -5 -3
right_child=3 6 -4 5 -6 -7 -8
leaf_value=-0.0075026126106602607 0.0084577446546534023 -0.076703821619351714 0.054445566351597134 0.0011375475004908866 0.048392336469675813 0.045919123088771649 -0.028586785783991223
leaf_weight=207 29 11.999999999999998 12.999999999999998 204 28 10.999999999999998 20
leaf_count=207 29 12 13 204 28 11 20
internal_value=0 -0.00927552 -0.00384204 0.00859349 0.0280747 0.0034287 -0.0466307
internal_weight=0 252 220 272 57 215 32
internal_count=524 252 220 272 57 215 32
is_linear=0
shrinkage=0.1


Tree=30
num_leaves=8
num_cat=0
split_feature=10 67 44 98 57 13 97
split_gain=3.66325 5.74709 4.60825 3.53177 3.41678 4.1493 2.14337
threshold=1.2424533248940006 1.5681900222830328e-15 2.8029010331479989 1.8688348091416844 3.9019216517693867 2.3502401828962087 1.8688348091416842
decision_type=2 2 2 2 2 2 2
left_child=1 3 -3 -1 6 -6 -2
right_child=4 2 -4 -5 5 -7 -8
leaf_value=0.031043566541913422 -0.0071957854516300802 -0.030692954024261532 0.025284802322002021 -0.033114716579968277 -0.057325092383793422 -0.00013118496751067816 0.01947999050108469
leaf_weight=39 37 109 17 10.999999999999998 13.999999999999998 135 162
leaf_count=39 37 109 17 11 14 135 162
internal_value=0 -0.0117571 -0.0231404 0.0169287 0.00594613 -0.00550511 0.0145202
internal_weight=0 176 126 50 348 149 199
internal_count=524 176 126 50 348 149 199
is_linear=0
shrinkage=0.1


Tree=31
num_leaves=7
num_cat=0
split_feature=100 102 67 41 58 91
split_gain=3.18075 4.63296 3.9134 2.71029 2.39419 1.29741
threshold=2.524928003624769 3.795426061844291 1.0000000180025095e-35 6.7917791619343353 5.9475439137542798 3.0677824455408698
decision_type=2 2 2 2 2 2
left_child=4 2 -2 -3 5 -1
right_child=1 3 -4 -5 -6 -7
leaf_value=0.038968868100823006 0.016622046279371718 0.043041705528202544 -0.014339843319367357 0.005003037725561368 -0.019391578961821164 0.013471731809113409
leaf_weight=29 48 26 273 67 17 64
leaf_count=29 48 26 273 67 17 64
internal_value=0 -0.00401602 -0.00971003 0.0156375 0.0151148 0.0214225
internal_weight=0 414 321 93 110 93
internal_count=524 414 321 93 110 93
is_linear=0
shrinkage=0.1


Tree=32
num_leaves=8
num_cat=0
split_feature=15 30 18 34 65 91 73
split_gain=2.88472 3.7062 3.62617 3.12166 5.64349 3.75106 1.53845
threshold=1.7455654977016628e-17 2.1383330595080285 3.4498615536424366 3.4175922930736511 2.6735537653587351 5.2041704279304219e-17 1.8688348091416844
decision_type=2 2 2 2 2 2 2
left_child=3 6 -3 5 -5 -1 -2
right_child=1 2 -4 4 -6 -7 -8
leaf_value=-0.025681607867591084 0.017821912824486693 -0.019233942593813742 0.0070161847343870425 -0.05734039845410735 -0.0041577111679252307 0.016361373739080535 0.053132653740399029
leaf_weight=32 45 70 212 32 53 63 17
leaf_count=32 45 70 212 32 53 63 17
internal_value=0 0.00536714 0.000500196 -0.0102572 -0.0241794 0.00219953 0.0275039
internal_weight=0 344 282 180 85 95 62
internal_count=524 344 282 180 85 95 62
is_linear=0
shrinkage=0.1


Tree=33
num_leaves=8
num_cat=0
split_feature=11 83 13 34 48 86 69
split_gain=2.62416 2.92134 3.54022 2.9524 2.35795 1.81409 1.12212
threshold=5.9583946458557104 4.912546742554059 2.3502401828962087 1.0000000180025095e-35 4.0517471391904856 8.3890118165967387 0.69314718055994573
decision_type=2 2 2 2 2 2 2
left_child=1 3 -3 -1 6 -6 -2
right_child=4 2 -4 -5 5 -7 -8
leaf_value=0.038581460188808189 0.013107056769409351 -0.037495416371112172 -0.0039410960513755295 -0.0003605548075564016 -0.031968399199346707 0.01169062635415922 0.04932269845157862
leaf_weight=21 13.999999999999998 47 95 267 11.999999999999998 46 22
leaf_count=21 14 47 95 267 12 46 22
internal_value=0 -0.00330871 -0.0150471 0.00247897 0.0151356 0.00265772 0.0352388
internal_weight=0 430 142 288 94 58 36
internal_count=524 430 142 288 94 58 36
is_linear=0
shrinkage=0.1


Tree=34
num_leaves=8
num_cat=0
split_feature=10 49 44 92 30 103 11
split_gain=2.30615 4.02876 3.67245 3.06289 2.61227 3.43853 2.28923
threshold=1.2424533248940006 1.3755815063409839e-18 2.8029010331479989 4.9904094477362264 1.8688348091416846 3.4498615536424366 5.9583946458557104
decision_type=2 2 2 2 2 2 2
left_child=1 3 -3 -1 5 -2 -6
right_child=4 2 -4 -5 6 -7 -8
leaf_value=0.027833616824295276 0.074322685565460817 -0.025601510389989941 0.024370341052246447 -0.031914154220033776 -0.0053761798244429376 0.012336404852491495 0.013622037818695002
leaf_weight=39 10.999999999999998 109 17 10.999999999999998 195 48 94
leaf_count=39 11 109 17 11 195 48 94
internal_value=0 -0.00932849 -0.0188593 0.0146891 0.00471785 0.0238932 0.000803171
internal_weight=0 176 126 50 348 59 289
internal_count=524 176 126 50 348 59 289
is_linear=0
shrinkage=0.1


Tree=35
num_leaves=8
num_cat=0
split_feature=102 65 97 83 77 88 20
split_gain=2.11949 3.25363 5.43995 3.54793 2.2607 3.29141 0.848333
threshold=3.795426061844291 2.9174053685313028 3.6762205501217919 4.8441560854355483 6.5359075343019937 3.1567740231385479 3.9796379800581989
decision_type=2 2 2 2 2 2 2
left_child=1 2 -1 -3 5 -2 -6
right_child=4 3 -4 -5 6 -7 -8
leaf_value=8.3347868399116505e-05 0.003599354216740245 0.015035733360610905 -0.048594046967398184 -0.0062429741988446388 -0.024811992963606661 0.060283083338290459 0.0064629594582451006
leaf_weight=58 21 125 38 210 10.999999999999998 20 41
leaf_count=58 21 125 38 210 11 20 41
internal_value=0 -0.00295429 -0.0191848 0.00169684 0.0136914 0.03125 -0.000152896
internal_weight=0 431 96 335 93 41 52
internal_count=524 431 96 335 93 41 52
is_linear=0
shrinkage=0.1


Tree=36
num_leaves=4
num_cat=0
split_feature=18 49 15
split_gain=2.00931 2.46399 1.83259
threshold=5.797565991880604 6.2155951235621965 1.7455654977016628e-17
decision_type=2 2 2
left_child=1 2 -1
right_child=-2 -3 -4
leaf_value=-0.0079967049131583843 0.040448484569787981 -0.047765355997464877 0.0046088598557781271
leaf_weight=180 11.999999999999998 10.999999999999998 321
leaf_count=180 12 11 321
internal_value=0 -0.000948011 7.99144e-05
internal_weight=0 512 501
internal_count=524 512 501
is_linear=0
shrinkage=0.1


Tree=37
num_leaves=8
num_cat=0
split_feature=102 100 67 41 90 58 20
split_gain=1.65688 2.5869 2.47645 1.97363 2.42012 1.66587 1.33738
threshold=3.795426061844291 2.524928003624769 1.0000000180025095e-35 6.7917791619343353 2.0126758453675753 5.9475439137542798 3.5259278114779478
decision_type=2 2 2 2 2 2 2
left_child=1 5 -3 4 -2 -1 -5
right_child=3 2 -4 6 -6 -7 -8
leaf_value=0.015883900502556433 0.0093639774248003935 0.013799837161786855 -0.010830239362881654 -0.028847278366712012 0.071117703007026162 -0.018160881578703138 0.0092921617432563976
leaf_weight=93 15.000000000000002 48 273 10.999999999999998 10.999999999999998 17 56
leaf_count=93 15 48 273 11 11 17 56
internal_value=0 -0.00261205 -0.00714724 0.0121053 0.0354906 0.0106224 0.00303046
internal_weight=0 431 321 93 26 110 67
internal_count=524 431 321 93 26 110 67
is_linear=0
shrinkage=0.1


Tree=38
num_leaves=4
num_cat=0
split_feature=18 80 44
split_gain=1.65777 2.01396 1.60698
threshold=5.797565991880604 5.3028591759145582 2.8029010331479989
decision_type=2 2 2
left_child=1 2 -1
right_child=-2 -3 -4
leaf_value=-0.005467066095055392 0.036740102424907189 -0.039718088507652287 0.005883216963155264
leaf_weight=252 11.999999999999998 12.999999999999998 247
leaf_count=252 12 13 247
internal_value=0 -0.000861096 0.00015121
internal_weight=0 512 499
internal_count=524 512 499
is_linear=0
shrinkage=0.1


Tree=39
num_leaves=7
num_cat=0
split_feature=9 90 25 10 65 39
split_gain=1.42517 2.49827 3.02216 1.74703 1.62156 2.26942
threshold=6.4510029262887529e-18 1.2424533248940004 3.4175922930736511 5.2041704279304219e-17 4.4425820475484112 0.69314718055994562
decision_type=2 2 2 2 2 2
left_child=4 2 -2 -3 5 -1
right_child=1 3 -4 -5 -6 -7
leaf_value=-0.013527552919605605 -0.0021167305111885071 -0.016420367519286546 -0.061495658829808231 0.0026677076204276503 0.049199832637201658 0.029595013076196549
leaf_weight=26 20 55 14.999999999999998 374 10.999999999999998 23
leaf_count=26 20 55 15 374 11 23
internal_value=0 -0.00187536 -0.0275648 0.000220518 0.0145028 0.00671365
internal_weight=0 464 35 429 60 49
internal_count=524 464 35 429 60 49
is_linear=0
shrinkage=0.1


Tree=40
num_leaves=4
num_cat=0
split_feature=18 48 63
split_gain=1.3032 1.75054 1.2429
threshold=5.797565991880604 5.0172579074712669 1.0000000180025095e-35
decision_type=2 2 2
left_child=1 2 -1
right_child=-2 -3 -4
leaf_value=-0.01803059084074838 0.032574927931030589 -0.038507277735819419 0.0015102341156252612
leaf_weight=35 11.999999999999998 11.999999999999998 465
leaf_count=35 12 12 465
internal_value=0 -0.000763475 0.000142376
internal_weight=0 512 500
internal_count=524 512 500
is_linear=0
shrinkage=0.1


Tree=41
num_leaves=8
num_cat=0
split_feature=9 20 42 88 45 15 2
split_gain=1.24783 2.34242 1.70594 1.70315 1.5859 1.31159 1.22009
threshold=7.6327832942979524e-17 0.89587973461402781 1.778769189234031e-20 4.0517471391904856 2.7755575615628914e-16 6.8304736866586787e-18 2.524928003624769
decision_type=2 2 2 2 2 2 2
left_child=2 3 5 -2 -3 -1 -4
right_child=1 4 6 -5 -6 -7 -8
leaf_value=-0.01523521727261444 -0.003775114417076111 0.036216712991396588 0.052246262558868939 -0.044550139173155742 -0.00067154604035435416 0.024203507014765188 0.011198848426962893
leaf_weight=24 20 11.999999999999998 14.000000000000002 21 405 12.999999999999998 14.999999999999998
leaf_count=24 20 12 14 21 405 13 15
internal_value=0 -0.00185247 0.012855 -0.0246599 0.000389987 -0.00137837 0.0310148
internal_weight=0 458 66 41 417 37 29
internal_count=524 458 66 41 417 37 29
is_linear=0
shrinkage=0.1


Tree=42
num_leaves=8
num_cat=0
split_feature=11 30 28 13 71 16 88
split_gain=1.17595 2.05326 3.22566 2.32332 1.54482 1.21731 0.99452
threshold=5.9583946458557104 2.1383330595080285 1.7005986908310777 2.3502401828962087 3.8606743063089755 5.7975752026129497 4.7492611597348082
decision_type=2 2 2 2 2 2 2
left_child=1 2 -1 -3 5 -2 -6
right_child=4 3 -4 -5 6 -7 -8
leaf_value=-0.0016066688544336049 0.050863131536887242 -0.031560281301407443 0.028502411409798596 -0.004308475134894252 -0.02118340698652901 0.012579229899236691 0.0081144654934178113
leaf_weight=170 12.999999999999998 38 45 177 15.999999999999998 23 42
leaf_count=170 13 38 45 177 16 23 42
internal_value=0 -0.00221492 0.00469523 -0.00912507 0.0101321 0.026404 3.22938e-05
internal_weight=0 430 215 215 94 36 58
internal_count=524 430 215 215 94 36 58
is_linear=0
shrinkage=0.1


Tree=43
num_leaves=5
num_cat=0
split_feature=49 100 85 88
split_gain=1.12658 1.41818 1.68583 0.933909
threshold=6.4684600766364726 2.524928003624769 2.524928003624769 4.2121001622835372
decision_type=2 2 2 2
left_child=1 3 -3 -1
right_child=-2 2 -4 -5
leaf_value=-0.012728405557572842 -0.030287277298824241 0.0056277150715982847 -0.0073663777968784637 0.01507813543642194
leaf_weight=13.999999999999998 11.999999999999998 172 238 88
leaf_count=14 12 172 238 88
internal_value=0 0.000709858 -0.0019152 0.0112616
internal_weight=0 512 410 102
internal_count=524 512 410 102
is_linear=0
shrinkage=0.1


Tree=44
num_leaves=4
num_cat=0
split_feature=26 40 63
split_gain=1.11104 1.7147 1.07657
threshold=5.3028591759145582 6.2155951235621965 1.0000000180025095e-35
decision_type=2 2 2
left_child=1 2 -1
right_child=-2 -3 -4
leaf_value=-0.016885329729744367 0.025146553651703631 -0.039894348687746307 0.0013065791003498979
leaf_weight=35 17 10.999999999999998 461
leaf_count=35 17 11 461
internal_value=0 -0.000843178 2.28759e-05
internal_weight=0 507 496
internal_count=524 507 496
is_linear=0
shrinkage=0.1


Tree=45
num_leaves=8
num_cat=0
split_feature=102 65 34 83 4 95 61
split_gain=1.02027 1.85693 3.81085 2.44341 1.69594 1.84713 0.759049
threshold=3.795426061844291 2.9174053685313028 3.4175922930736511 4.8441560854355483 2.1383330595080285 5.5391444897808926 4.6820883583455251
decision_type=2 2 2 2 2 2 2
left_child=1 2 -1 -3 5 -2 -6
right_child=4 3 -4 -5 6 -7 -8
leaf_value=0.0028909742713651874 0.0025417216388242581 0.012533596771210432 -0.037387522046522396 -0.0051249778294558861 0.0057775190208922142 0.052279402129352094 -0.021346150768490939
leaf_weight=55 14.000000000000002 125 41 210 50 15.999999999999998 12.999999999999998
leaf_count=55 14 125 41 210 50 16 13
internal_value=0 -0.00204972 -0.0143113 0.00146404 0.00949925 0.0290685 0.000180571
internal_weight=0 431 96 335 93 30 63
internal_count=524 431 96 335 93 30 63
is_linear=0
shrinkage=0.1


Tree=46
num_leaves=7
num_cat=0
split_feature=45 67 23 48 13 89
split_gain=1.08773 3.88502 2.42216 1.05013 1.00319 0.574197
threshold=2.7755575615628914e-16 4.250072516143178e-17 5.4616545636185885 0.69314718055994562 1.7917594692280558 2.8460307027744495e-18
decision_type=2 2 2 2 2 2
left_child=1 5 3 -2 -4 -1
right_child=2 -3 4 -5 -6 -7
leaf_value=0.057997371753056831 -0.041944823814556005 -0.019158375263214112 -0.0094459445653028978 -0.0045259208728869764 0.0027821758404868811 0.026366762308911846
leaf_weight=12.000000000000002 20 18 82 11.999999999999998 369 10.999999999999998
leaf_count=12 20 18 82 12 369 11
internal_value=0 0.0156379 -0.00132744 -0.0279127 0.000558881 0.0428697
internal_weight=0 41 483 32 451 23
internal_count=524 41 483 32 451 23
is_linear=0
shrinkage=0.1


Tree=47
num_leaves=7
num_cat=0
split_feature=45 49 36 4 30 19
split_gain=0.881064 3.23577 1.99949 1.90278 1.34436 1.08649
threshold=2.7755575615628914e-16 4.250072516143178e-17 1.4978661367769959 7.6327832942979524e-17 1.8688348091416846 1.0000000180025095e-35
decision_type=2 2 2 2 2 2
left_child=1 5 3 -2 -4 -1
right_child=2 -3 4 -5 -6 -7
leaf_value=0.052914748660155699 -0.04992754672964414 -0.027155091799795628 0.010148921491912544 -0.0073578882031142719 -0.0023988020107521429 0.013517614014978922
leaf_weight=14.000000000000002 14.999999999999998 12.999999999999998 117 35 316 13.999999999999998
leaf_count=14 15 13 117 35 316 14
internal_value=0 0.0140741 -0.00119469 -0.0201288 0.000991691 0.0332162
internal_weight=0 41 483 50 433 28
internal_count=524 41 483 50 433 28
is_linear=0
shrinkage=0.1


Tree=48
num_leaves=4
num_cat=0
split_feature=18 40 44
split_gain=0.889505 1.2047 0.973969
threshold=5.797565991880604 6.1047708108344603 2.8029010331479989
decision_type=2 2 2
left_child=1 2 -1
right_child=-2 -3 -4
leaf_value=-0.0042217407021708491 0.026912427988524241 -0.030683448251623377 0.0046146330267175855
leaf_weight=252 11.999999999999998 12.999999999999998 247
leaf_count=252 12 13 247
internal_value=0 -0.00063076 0.000152176
internal_weight=0 512 499
internal_count=524 512 499
is_linear=0
shrinkage=0.1


Tree=49
num_leaves=7
num_cat=0
split_feature=63 62 43 66 10 23
split_gain=0.808449 2.43961 1.95632 1.3633 1.34032 1.29838
threshold=1.0000000180025095e-35 0.69314718055994518 3.7494348669884658 9.7144514654701178e-16 1.2424533248940006 2.953193245502864e-14
decision_type=2 2 2 2 2 2
left_child=2 3 5 -2 -3 -1
right_child=1 4 -4 -5 -6 -7
leaf_value=-0.057149150019342232 0.0083422642201185226 -0.010157350864003895 0.016073815688455048 0.046435993740006405 0.0022457448269209796 -0.0085621829737316489
leaf_weight=11.000000000000002 21 118 12.999999999999998 17 333 10.999999999999998
leaf_count=11 21 118 13 17 333 11
internal_value=0 0.00105085 -0.0146819 0.0253842 -0.000999411 -0.0328557
internal_weight=0 489 35 38 451 22
internal_count=524 489 35 38 451 22
is_linear=0
shrinkage=0.1


Tree=50
num_leaves=5
num_cat=0
split_feature=49 11 30 99
split_gain=0.795512 0.990079 1.49795 0.967927
threshold=6.4684600766364726 5.9583946458557104 2.1383330595080285 3.5972184255501678
decision_type=2 2 2 2
left_child=1 2 -1 -3
right_child=-2 3 -4 -5
leaf_value=0.0045367703389722945 -0.025450844348718721 0.031077683763578536 -0.0072953095429788995 0.0049167747454096876
leaf_weight=215 11.999999999999998 18 213 66
leaf_count=215 12 18 213 66
internal_value=0 0.000596504 -0.00135162 0.0105227
internal_weight=0 512 428 84
internal_count=524 512 428 84
is_linear=0
shrinkage=0.1


Tree=51
num_leaves=4
num_cat=0
split_feature=101 17 103
split_gain=0.767991 1.33557 0.844388
threshold=1.2424533248940004 5.3682852866967963 3.0201273556387074
decision_type=2 2 2
left_child=-1 2 -2
right_child=1 -3 -4
leaf_value=-0.019218201041221621 0.0058287124996158207 0.035224939019165256 -0.0029416094015908955
leaf_weight=20 165 10.999999999999998 328
leaf_count=20 165 11 328
internal_value=0 0.000762627 -6.30897e-06
internal_weight=0 504 493
internal_count=524 504 493
is_linear=0
shrinkage=0.1


Tree=52
num_leaves=7
num_cat=0
split_feature=45 67 23 47 90 68
split_gain=0.780068 2.47573 1.57363 0.997717 0.837897 0.365417
threshold=2.7755575615628914e-16 4.250072516143178e-17 5.4616545636185885 4.0342014792848504 1.4978661367769959 5.8860885991132372
decision_type=2 2 2 2 2 2
left_child=1 5 4 -4 -2 -1
right_child=2 -3 3 -5 -6 -7
leaf_value=0.047049498806397111 -0.0063710657646879557 -0.014534237825622163 0.0062211667415764437 -0.0034016170360074609 -0.038734186277724805 0.021816373819654639
leaf_weight=12.000000000000002 15.999999999999998 18 178 273 15.999999999999998 10.999999999999998
leaf_count=12 16 18 178 273 16 11
internal_value=0 0.0132429 -0.00112414 0.000396289 -0.0225526 0.0349815
internal_weight=0 41 483 451 32 23
internal_count=524 41 483 451 32 23
is_linear=0
shrinkage=0.1


Tree=53
num_leaves=6
num_cat=0
split_feature=63 71 65 83 90
split_gain=0.70969 1.9737 1.61146 1.59765 1.45687
threshold=1.0000000180025095e-35 1.4978661367769959 0.89587973461402781 4.976709960642169 1.2424533248940004
decision_type=2 2 2 2 2
left_child=2 3 -1 -2 -3
right_child=1 4 -4 -5 -6
leaf_value=-0.040035659907984418 0.024554108631498411 -0.024416671585864747 0.0037639308366037554 -0.017324907434257596 1.3775434747646402e-05
leaf_weight=13.999999999999998 53 26 21 10.999999999999998 399
leaf_count=14 53 26 21 11 399
internal_value=0 0.000984574 -0.0137559 0.0173562 -0.00148079
internal_weight=0 489 35 64 425
internal_count=524 489 35 64 425
is_linear=0
shrinkage=0.1


Tree=54
num_leaves=5
num_cat=0
split_feature=49 53 56 36
split_gain=0.674258 0.895184 4.07736 1.54542
threshold=6.4684600766364726 3.1567740231385479 5.6629544519360282 2.9174053685313028
decision_type=2 2 2 2
left_child=1 2 -1 -3
right_child=-2 3 -4 -5
leaf_value=-0.00059338518013215722 -0.023431058993931705 0.040613010091086227 -0.0625676644204015 0.0035808109016963159
leaf_weight=304 11.999999999999998 11.999999999999998 10.999999999999998 185
leaf_count=304 12 12 11 185
internal_value=0 0.000549165 -0.00275757 0.00583658
internal_weight=0 512 315 197
internal_count=524 512 315 197
is_linear=0
shrinkage=0.1


Tree=55
num_leaves=7
num_cat=0
split_feature=45 49 13 26 30 37
split_gain=0.675267 1.9493 1.3427 1.66482 0.921248 0.808384
threshold=2.7755575615628914e-16 4.250072516143178e-17 1.7917594692280558 2.6735537653587351 2.740319461670996 1.0000000180025095e-35
decision_type=2 2 2 2 2 2
left_child=1 5 3 -2 -4 -1
right_child=2 -3 4 -5 -6 -7
leaf_value=0.040846428231281387 -0.0066546367558961116 -0.019679146861800782 0.008361453277272328 -0.046473530121147633 -0.0019302350160889511 0.0060554161329161036
leaf_weight=17.000000000000004 84 12.999999999999998 132 11.999999999999998 255 10.999999999999998
leaf_count=17 84 13 132 12 255 11
internal_value=0 0.0123212 -0.0010459 -0.011632 0.00158011 0.0271785
internal_weight=0 41 483 96 387 28
internal_count=524 41 483 96 387 28
is_linear=0
shrinkage=0.1


Tree=56
num_leaves=4
num_cat=0
split_feature=18 31 90
split_gain=0.675319 0.900802 0.707424
threshold=5.797565991880604 6.1047708108344603 4.4942230200312032
decision_type=2 2 2
left_child=1 2 -1
right_child=-2 -3 -4
leaf_value=-0.0013149756653825478 0.0234494823225153 -0.027624944597482683 0.010097820736512903
leaf_weight=438 11.999999999999998 11.999999999999998 62
leaf_count=438 12 12 62
internal_value=0 -0.000549597 0.000100211
internal_weight=0 512 500
internal_count=524 512 500
is_linear=0
shrinkage=0.1


Tree=57
num_leaves=7
num_cat=0
split_feature=102 36 18 83 34 83
split_gain=0.637299 1.41938 1.46846 1.14699 1.7285 1.49855
threshold=3.795426061844291 2.1383330595080281 4.7317931335534196 3.0677824455408698 3.5694334999727624 4.8441560854355483
decision_type=2 2 2 2 2 2
left_child=3 -2 -3 4 -1 -5
right_child=1 2 -4 5 -6 -7
leaf_value=0.0008867117762565613 0.041237802960147917 -0.0028257368071733613 0.033813070620481785 0.010196319239178846 -0.025540258387724557 -0.0038256104980630558
leaf_weight=55 10.999999999999998 69 12.999999999999998 119 45 212
leaf_count=55 11 69 13 119 45 212
internal_value=0 0.00750763 0.00298285 -0.00161998 -0.0110054 0.00121551
internal_weight=0 93 82 431 100 331
internal_count=524 93 82 431 100 331
is_linear=0
shrinkage=0.1


Tree=58
num_leaves=6
num_cat=0
split_feature=99 55 98 85 4
split_gain=0.613575 1.35107 1.32286 2.01601 1.11152
threshold=5.1817677692072932 4.6395599436855051 4.4187680230537838 5.3682852866967963 4.007167868649713
decision_type=2 2 2 2 2
left_child=2 -2 4 -4 -1
right_child=1 -3 3 -5 -6
leaf_value=-0.002274989933472674 0.041595654866912135 -0.0045450678002089259 -0.052890610561007627 0.00064349169705939647 0.0090410277624007156
leaf_weight=354 11.000000000000002 14.999999999999998 12.000000000000002 17 115
leaf_count=354 11 15 12 17 115
internal_value=0 0.014976 -0.00078188 -0.0215086 0.000499727
internal_weight=0 26 498 29 469
internal_count=524 26 498 29 469
is_linear=0
shrinkage=0.1


Tree=59
num_leaves=7
num_cat=0
split_feature=45 1 67 23 16 48
split_gain=0.61125 1.57675 2.20703 1.22737 0.856257 0.74928
threshold=2.7755575615628914e-16 1.0000000180025095e-35 4.250072516143178e-17 5.4616545636185885 3.0677824455408698 0.69314718055994562
decision_type=2 2 2 2 2 2
left_child=1 2 -1 5 -5 -2
right_child=3 -3 -4 4 -6 -7
leaf_value=0.029554038494825352 -0.03177260683849454 0.036235843104077507 -0.030302835648555113 0.010779068413287846 -0.0014723790856654281 -0.00016500788430372877
leaf_weight=11.000000000000002 20 15.999999999999998 13.999999999999998 67 384 11.999999999999998
leaf_count=11 20 16 14 67 384 12
internal_value=0 0.0117226 -0.00396581 -0.000995089 0.000347681 -0.0199198
internal_weight=0 41 25 483 451 32
internal_count=524 41 25 483 451 32
is_linear=0
shrinkage=0.1


Tree=60
num_leaves=4
num_cat=0
split_feature=18 101 59
split_gain=0.566506 0.786214 0.701531
threshold=5.797565991880604 1.2424533248940004 9.6029313730913604
decision_type=2 2 2
left_child=1 -1 -3
right_child=-2 2 -4
leaf_value=-0.021032126516931589 0.021477363514713944 0.00086416092636453369 -0.022677804142809833
leaf_weight=18 11.999999999999998 481 12.999999999999998
leaf_count=18 12 481 13
internal_value=0 -0.000503376 0.000244636
internal_weight=0 512 494
internal_count=524 512 494
is_linear=0
shrinkage=0.1


Tree=61
num_leaves=6
num_cat=0
split_feature=11 99 56 15 102
split_gain=0.570046 1.28012 1.92067 0.995736 0.737206
threshold=5.9583946458557104 5.1817677692072932 5.5853724835909757 2.9174053685313028 1.4978661367769956
decision_type=2 2 2 2 2
left_child=1 2 -1 -2 -5
right_child=3 -3 -4 4 -6
leaf_value=0.00028763389196088848 0.028958682847373626 0.032132394357838413 -0.019317328856840475 -0.021749234080859672 0.0062129829382298121
leaf_weight=361 17 10.999999999999998 58 10.999999999999998 66
leaf_count=361 17 11 58 11 66
internal_value=0 -0.00154212 -0.00242618 0.00705439 0.00221838
internal_weight=0 430 419 94 77
internal_count=524 430 419 94 77
is_linear=0
shrinkage=0.1


Tree=62
num_leaves=7
num_cat=0
split_feature=63 35 83 43 13 8
split_gain=0.550925 1.49568 3.72282 1.24781 1.06807 0.976633
threshold=1.0000000180025095e-35 1.5543122344752182e-15 4.976709960642169 3.7494348669884658 2.524928003624769 6.4510029262887529e-18
decision_type=2 2 2 2 2 2
left_child=3 2 -2 5 -3 -1
right_child=1 4 -4 -5 -6 -7
leaf_value=-0.047703907063061525 0.040565528833367691 -0.0095566789076536162 -0.024569175621637934 0.012442955575310269 0.0019280943954984573 -0.0055648982524871826
leaf_weight=11.000000000000002 27 106 12.999999999999998 12.999999999999998 343 10.999999999999998
leaf_count=11 27 106 13 13 343 11
internal_value=0 0.000867481 0.0193967 -0.01212 -0.000783233 -0.0266344
internal_weight=0 489 40 35 449 22
internal_count=524 489 40 35 449 22
is_linear=0
shrinkage=0.1


Tree=63
num_leaves=7
num_cat=0
split_feature=30 81 14 2 79 28
split_gain=0.51733 2.41307 1.75762 1.6962 1.59701 1.34521
threshold=2.1383330595080285 3.7494348669884658 7.7796760412644241 2.3502401828962087 5.6364958721742733 2.524928003624769
decision_type=2 2 2 2 2 2
left_child=1 3 4 -1 -2 -4
right_child=2 -3 5 -5 -6 -7
leaf_value=-0.0037512599183127091 -0.019785723305092411 0.049389937520027162 0.027706629525575982 0.017745405676153802 0.016894916657890596 -0.00014919540715507335
leaf_weight=156 78 10.999999999999998 19 48 13.999999999999998 198
leaf_count=156 78 11 19 48 14 198
internal_value=0 0.00376685 -0.00262095 0.00130678 -0.0142039 0.00228979
internal_weight=0 215 309 204 92 217
internal_count=524 215 309 204 92 217
is_linear=0
shrinkage=0.1


Tree=64
num_leaves=7
num_cat=0
split_feature=45 49 10 35 95 19
split_gain=0.523299 1.24969 0.99693 1.3304 1.21158 0.575928
threshold=2.7755575615628914e-16 4.250072516143178e-17 1.2902005852577504e-17 1.5543122344752182e-15 5.7364422077165234 1.0000000180025095e-35
decision_type=2 2 2 2 2 2
left_child=1 5 4 -4 -2 -1
right_child=2 -3 3 -5 -6 -7
leaf_value=0.037084436735936567 0.0029132548868656162 -0.014775719722876182 0.029978249420722327 -0.00034050576469931045 -0.026674994604001124 0.0084007358976772844
leaf_weight=14.000000000000002 25 12.999999999999998 14.999999999999998 412 31 13.999999999999998
leaf_count=14 25 13 15 412 31 14
internal_value=0 0.0108465 -0.000920721 0.000724556 -0.013466 0.0227426
internal_weight=0 41 483 427 56 28
internal_count=524 41 483 427 56 28
is_linear=0
shrinkage=0.1


Tree=65
num_leaves=5
num_cat=0
split_feature=2 1 2 30
split_gain=0.49652 0.695322 2.15911 1.18575
threshold=5.7838204485795197 3.5972184255501678 3.7256208424938388 2.524928003624769
decision_type=2 2 2 2
left_child=1 2 -1 -3
right_child=-2 3 -4 -5
leaf_value=-0.00068682512337851862 -0.017931467395586275 0.034339626892828025 -0.042322787567256742 0.003100753671074066
leaf_weight=297 14.999999999999998 12.999999999999998 12.999999999999998 186
leaf_count=297 15 13 13 186
internal_value=0 0.000528432 -0.00243285 0.00514148
internal_weight=0 509 310 199
internal_count=524 509 310 199
is_linear=0
shrinkage=0.1


Tree=66
num_leaves=4
num_cat=0
split_feature=18 101 59
split_gain=0.488666 0.648029 0.584521
threshold=5.797565991880604 1.2424533248940004 9.6029313730913604
decision_type=2 2 2
left_child=1 -1 -3
right_child=-2 2 -4
leaf_value=-0.019105093615750472 0.019947330198374403 0.00077709075441756317 -0.020712070496609579
leaf_weight=18 11.999999999999998 481 12.999999999999998
leaf_count=18 12 481 13
internal_value=0 -0.000467516 0.000211587
internal_weight=0 512 494
internal_count=524 512 494
is_linear=0
shrinkage=0.1


Tree=67
num_leaves=8
num_cat=0
split_feature=44 53 99 57 34 70 18
split_gain=0.453913 1.62195 2.14885 1.56934 1.20258 1.2347 0.58893
threshold=2.8029010331479989 2.602003343538398 2.0126758453675753 3.8393944990995772 4.4248287033199567 4.135134555718313 3.4498615536424366
decision_type=2 2 2 2 2 2 2
left_child=1 3 -3 -1 5 -2 -6
right_child=4 2 -4 -5 6 -7 -8
leaf_value=0.0037965689199864049 0.0078381074715734422 -0.057948678698052064 -0.0082986000579174813 -0.027973945033462611 -0.0098690100527387501 0.045148435172935326 0.0025189988736042199
leaf_weight=182 34 10.999999999999998 42 17 49 11.999999999999998 177
leaf_count=182 34 11 42 17 49 12 177
internal_value=0 -0.00305777 -0.0186033 0.0010825 0.00283293 0.0175712 -0.000166897
internal_weight=0 252 53 199 272 46 226
internal_count=524 252 53 199 272 46 226
is_linear=0
shrinkage=0.1


Tree=68
num_leaves=7
num_cat=0
split_feature=63 71 74 90 15 8
split_gain=0.468121 1.16314 1.25169 1.11437 1.0167 1.04076
threshold=1.0000000180025095e-35 1.4978661367769959 3.9510587731382243 1.2424533248940004 6.8304736866586787e-18 6.4510029262887529e-18
decision_type=2 2 2 2 2 2
left_child=4 2 -2 -3 5 -1
right_child=1 3 -4 -5 -6 -7
leaf_value=-0.045349033921957001 0.023140772345454197 -0.02115241255467901 -0.006643958560501536 0.00021417358190516816 0.014003063975410027 -0.003555147521770918
leaf_weight=11.000000000000002 43 26 21 399 10.999999999999998 12.999999999999998
leaf_count=11 43 26 21 399 11 13
internal_value=0 0.000799637 0.0133677 -0.00109296 -0.0111721 -0.0227107
internal_weight=0 489 64 425 35 24
internal_count=524 489 64 425 35 24
is_linear=0
shrinkage=0.1


Tree=69
num_leaves=8
num_cat=0
split_feature=9 90 34 39 42 69 6
split_gain=0.430212 1.27193 1.29598 1.08983 0.845708 0.607188 0.555435
threshold=7.6327832942979524e-17 1.2424533248940004 3.5694334999727624 1.7005986908310782 1.778769189234031e-20 1.2332799712022615e-18 1.2424533248940006
decision_type=2 2 2 2 2 2 2
left_child=4 2 -2 -3 5 -1 -6
right_child=1 3 -4 -5 6 -7 -8
leaf_value=0.0064017571508884433 -0.0025673934465481178 0.008877192641480465 -0.043134465281452455 -0.0026458597663671728 0.031153003912832995 -0.020963642994562784 0.0026307954177768392
leaf_weight=25 18 111 13.999999999999998 315 18.000000000000004 11.999999999999998 10.999999999999998
leaf_count=25 18 111 14 315 18 12 11
internal_value=0 -0.00108771 -0.0203155 0.000356626 0.00754808 -0.00247351 0.0203342
internal_weight=0 458 32 426 66 37 29
internal_count=524 458 32 426 66 37 29
is_linear=0
shrinkage=0.1


Tree=70
num_leaves=6
num_cat=0
split_feature=11 99 56 99 88
split_gain=0.43622 0.973078 1.29958 0.808207 0.818077
threshold=5.9583946458557104 5.1817677692072932 5.5853724835909757 3.5972184255501678 4.7094896185437563
decision_type=2 2 2 2 2
left_child=1 2 -1 -2 -5
right_child=3 -3 -4 4 -6
leaf_value=0.0001125172516244007 0.025224224146869447 0.02801059111952782 -0.016013991029868866 -0.017669798981617479 0.0072275734455245783
leaf_weight=361 18 10.999999999999998 58 17 59
leaf_count=361 18 11 58 17 59
internal_value=0 -0.00134901 -0.00211979 0.00617102 0.00165842
internal_weight=0 430 419 94 76
internal_count=524 430 419 94 76
is_linear=0
shrinkage=0.1


Tree=71
num_leaves=6
num_cat=0
split_feature=27 23 16 14 38
split_gain=0.409753 1.8902 1.74553 1.69874 0.777809
threshold=2.9174053685313028 6.8442418396666911 4.6394665817208978 6.7604140197338749 1.7005986908310777
decision_type=2 2 2 2 2
left_child=2 -2 3 -1 -3
right_child=1 4 -4 -5 -6
leaf_value=-0.0057169140086700335 0.03198140487074852 0.02417054021587739 -0.042274738818576393 0.018951311861233347 -0.00083216899136836033
leaf_weight=156 20 12.999999999999998 10.999999999999998 34 290
leaf_count=156 20 13 11 34 290
internal_value=0 0.00220593 -0.00354486 -0.0013026 0.000240555
internal_weight=0 323 201 190 303
internal_count=524 323 201 190 303
is_linear=0
shrinkage=0.1


Tree=72
num_leaves=7
num_cat=0
split_feature=45 27 67 23 90 23
split_gain=0.436012 0.975271 1.26947 0.864607 0.678293 0.514879
threshold=2.7755575615628914e-16 0.69314718055994551 4.250072516143178e-17 5.4616545636185885 1.4978661367769959 5.7120799114421201
decision_type=2 2 2 2 2 2
left_child=1 2 -1 4 -2 -5
right_child=3 -3 -4 5 -6 -7
leaf_value=0.019214110126097993 -0.0021649679169058801 0.032535561374746835 -0.023480447890380257 0.014234156250255182 -0.031283109914511442 -0.00053195490525322726
leaf_weight=15.000000000000002 15.999999999999998 12.999999999999998 12.999999999999998 25 15.999999999999998 426
leaf_count=15 16 13 13 25 16 426
internal_value=0 0.00990069 -0.000608363 -0.000840431 -0.016724 0.000286566
internal_weight=0 41 28 483 32 451
internal_count=524 41 28 483 32 451
is_linear=0
shrinkage=0.1


Tree=73
num_leaves=6
num_cat=0
split_feature=53 56 93 36 18
split_gain=0.425124 2.35092 1.85497 1.17683 0.676531
threshold=3.1567740231385479 5.6629544519360282 4.3107766033702406 2.9174053685313028 3.4811217321331038
decision_type=2 2 2 2 2
left_child=1 2 -1 -2 -5
right_child=3 -3 -4 4 -6
leaf_value=-0.0028586104451530079 0.033900515983502071 -0.047735591368241743 0.027290111322971905 -0.012752276672316449 0.0040301462262042264
leaf_weight=282 11.999999999999998 10.999999999999998 22 28 169
leaf_count=282 12 11 22 28 169
internal_value=0 -0.00232012 -0.000676795 0.00349683 0.00164483
internal_weight=0 315 304 209 197
internal_count=524 315 304 209 197
is_linear=0
shrinkage=0.1


Tree=74
num_leaves=5
num_cat=0
split_feature=2 1 28 16
split_gain=0.415914 0.583896 1.60977 0.85155
threshold=5.7838204485795197 3.5972184255501678 2.602003343538398 4.4484992763719129
decision_type=2 2 2 2
left_child=1 2 -1 -3
right_child=-2 3 -4 -5
leaf_value=0.00077798598193277784 -0.016411548166846236 0.02484530929083887 -0.019493312036375637 0.0025856466808020038
leaf_weight=264 14.999999999999998 19 46 180
leaf_count=264 15 19 46 180
internal_value=0 0.000483641 -0.00223001 0.00471094
internal_weight=0 509 310 199
internal_count=524 509 310 199
is_linear=0
shrinkage=0.1


Tree=75
num_leaves=8
num_cat=0
split_feature=51 28 13 28 9 9 61
split_gain=0.369946 1.08752 1.59413 1.44431 0.974332 1.76022 1.46359
threshold=1.0000000180025095e-35 2.524928003624769 3.9981586158983733 1.4978661367769954 3.1132683346437333 2.602003343538398 3.4811217321331038
decision_type=2 2 2 2 2 2 2
left_child=4 3 -3 -2 5 -1 -6
right_child=1 2 -4 -5 6 -7 -8
leaf_value=-0.0040838846617366215 -0.00038872922363225376 -0.018787065730430187 0.0016534659637874292 0.019854618775998319 -0.049361769414760837 0.037942992692643951 -0.0035268339794129137
leaf_weight=106 80 48 186 63 11.000000000000002 10.999999999999998 19
leaf_count=106 80 48 186 63 11 11 19
internal_value=0 0.00165917 -0.00253946 0.00852967 -0.00425516 -0.00013264 -0.020333
internal_weight=0 377 234 143 147 117 30
internal_count=524 377 234 143 147 117 30
is_linear=0
shrinkage=0.1


Tree=76
num_leaves=5
num_cat=0
split_feature=45 34 36 81
split_gain=0.379968 0.888149 0.740976 0.674852
threshold=2.7755575615628914e-16 3.5694334999727624 3.2634485391813696e-17 1.8688348091416846
decision_type=2 2 2 2
left_child=1 -1 -2 -4
right_child=2 -3 3 -5
leaf_value=0.023605865825499811 -0.026441393792629244 -0.0058390425005927686 -0.0084942930830027453 0.0015344008747727941
leaf_weight=21 10.999999999999998 20 81 391
leaf_count=21 11 20 81 391
internal_value=0 0.0092425 -0.00078456 -0.000186625
internal_weight=0 41 483 472
internal_count=524 41 483 472
is_linear=0
shrinkage=0.1


Tree=77
num_leaves=4
num_cat=0
split_feature=101 17 1
split_gain=0.360931 0.605465 0.406076
threshold=1.2424533248940004 5.3682852866967963 3.5972184255501678
decision_type=2 2 2
left_child=-1 2 -2
right_child=1 -3 -4
leaf_value=-0.013174874037504197 -0.0022384896342569562 0.023726473926481875 0.0036763855354501845
leaf_weight=20 306 10.999999999999998 187
leaf_count=20 306 11 187
internal_value=0 0.000522812 5.08371e-06
internal_weight=0 504 493
internal_count=524 504 493
is_linear=0
shrinkage=0.1


Tree=78
num_leaves=7
num_cat=0
split_feature=30 81 20 0 11 9
split_gain=0.393506 1.34777 1.28735 1.42549 1.20172 1.06447
threshold=1.8688348091416846 3.7494348669884658 3.5259278114779478 0.69314718055994551 3.6885668564169776 3.1132683346437333
decision_type=2 2 2 2 2 2
left_child=1 5 3 -2 -4 -1
right_child=2 -3 4 -5 -6 -7
leaf_value=0.0049023221499444325 0.012455758850344202 0.03754278042099693 0.029984059872535558 -0.029445745271720714 -0.0011379397482824394 -0.015396740216942085
leaf_weight=155 10.999999999999998 10.999999999999998 12.999999999999998 31 272 31
leaf_count=155 11 11 13 31 272 31
internal_value=0 0.00353062 -0.00212701 -0.0184715 0.00028166 0.00151915
internal_weight=0 197 327 42 285 186
internal_count=524 197 327 42 285 186
is_linear=0
shrinkage=0.1


Tree=79
num_leaves=5
num_cat=0
split_feature=2 13 27 13
split_gain=0.378356 0.475464 0.871985 0.723083
threshold=5.7838204485795197 4.9663289649179552 4.3882378946731615 4.8121513051691478
decision_type=2 2 2 2
left_child=1 3 -3 -1
right_child=-2 2 -4 -5
leaf_value=0.00012855917068512273 -0.015653009725113711 0.02955226466059685 0.0021841735552208356 -0.019812966015582023
leaf_weight=423 14.999999999999998 14.999999999999998 52 19
leaf_count=423 15 15 52 19
internal_value=0 0.000461287 0.00831136 -0.000728656
internal_weight=0 509 67 442
internal_count=524 509 67 442
is_linear=0
shrinkage=0.1


Tree=80
num_leaves=5
num_cat=0
split_feature=99 93 93 84
split_gain=0.345499 0.735024 1.51379 1.40049
threshold=5.3795149524680932 4.5379471377116305 4.3107766033702406 4.6491756246494491
decision_type=2 2 2 2
left_child=1 2 -1 -3
right_child=-2 3 -4 -5
leaf_value=-0.00070041247731719714 0.012890156066277997 -0.037632432679335276 0.024146126583218575 -0.00060119210247648884
leaf_weight=431 20 14.999999999999998 26 32
leaf_count=431 20 15 26 32
internal_value=0 -0.000511514 0.000713176 -0.0124197
internal_weight=0 504 457 47
internal_count=524 504 457 47
is_linear=0
shrinkage=0.1


Tree=81
num_leaves=5
num_cat=0
split_feature=49 53 56 22
split_gain=0.335987 0.396375 1.7837 0.921328
threshold=6.4684600766364726 3.1567740231385479 5.6629544519360282 4.1510089048756029
decision_type=2 2 2 2
left_child=1 2 -1 -3
right_child=-2 3 -4 -5
leaf_value=-0.00038129764388462433 -0.016540178877767178 0.018618897497653962 -0.04137175597927787 0.00072731213611090719
leaf_weight=304 11.999999999999998 35 10.999999999999998 162
leaf_count=304 12 35 11 162
internal_value=0 0.000387661 -0.00181271 0.00390602
internal_weight=0 512 315 197
internal_count=524 512 315 197
is_linear=0
shrinkage=0.1


Tree=82
num_leaves=4
num_cat=0
split_feature=18 22 90
split_gain=0.352207 0.457871 0.348226
threshold=5.797565991880604 6.1047708108344603 4.4942230200312032
decision_type=2 2 2
left_child=1 2 -1
right_child=-2 -3 -4
leaf_value=-0.00097174105369816997 0.01693471290385181 -0.020578677173365246 0.0068742763551955036
leaf_weight=436 11.999999999999998 10.999999999999998 65
leaf_count=436 12 11 65
internal_value=0 -0.000396907 4.62053e-05
internal_weight=0 512 501
internal_count=524 512 501
is_linear=0
shrinkage=0.1


Tree=83
num_leaves=7
num_cat=0
split_feature=30 55 32 0 36 9
split_gain=0.346203 1.12988 1.06093 2.16823 0.98673 0.918765
threshold=1.8688348091416846 2.3502401828962087 6.8864893846226494 1.700598690831078 2.602003343538398 3.1132683346437333
decision_type=2 2 2 2 2 2
left_child=1 5 3 -2 -4 -1
right_child=2 -3 4 -5 -6 -7
leaf_value=0.0040719425386742912 0.0093654654242775626 0.02649180606791848 0.025501356320455672 -0.052099710206190745 -0.0016801107735302829 -0.015120075202236575
leaf_weight=148 11.000000000000002 19 13.999999999999998 11.999999999999998 290 30
leaf_count=148 11 19 14 12 290 30
internal_value=0 0.00331162 -0.00199508 -0.0227033 -0.000428333 0.000837333
internal_weight=0 197 327 23 304 178
internal_count=524 197 327 23 304 178
is_linear=0
shrinkage=0.1


Tree=84
num_leaves=7
num_cat=0
split_feature=97 47 95 77 101 49
split_gain=0.317946 1.27421 0.767671 1.89398 1.16572 0.577596
threshold=1.8688348091416842 4.3639137442541561e-18 6.5560373146472513 6.8690139103842105 3.7256208424938388 1.0986122886681102
decision_type=2 2 2 2 2 2
left_child=1 -1 4 -4 -2 -3
right_child=2 5 3 -5 -6 -7
leaf_value=0.019131646777192753 -0.00078653019940247762 -0.030511031119773786 -0.023744729025672904 0.0010869421524291494 0.020372462634037695 -0.0071549316069447538
leaf_weight=14.999999999999998 60 14.999999999999998 34 318 46 36
leaf_count=15 60 15 34 318 46 36
internal_value=0 -0.00648891 0.000935084 -0.00131157 0.00839567 -0.0140244
internal_weight=0 66 458 352 106 51
internal_count=524 66 458 352 106 51
is_linear=0
shrinkage=0.1


Tree=85
num_leaves=6
num_cat=0
split_feature=45 1 67 36 81
split_gain=0.357344 0.823936 1.11639 0.602418 0.524784
threshold=2.7755575615628914e-16 1.0000000180025095e-35 4.250072516143178e-17 3.2634485391813696e-17 1.8688348091416846
decision_type=2 2 2 2 2
left_child=1 2 -1 -2 -5
right_child=3 -3 -4 4 -6
leaf_value=0.021462268788706166 -0.02389480175281113 0.026683167816372588 -0.021109129315508263 -0.0075476750595470671 0.0012959505230083568
leaf_weight=11.000000000000002 10.999999999999998 15.999999999999998 13.999999999999998 81 391
leaf_count=11 11 16 14 81 391
internal_value=0 0.00896312 -0.00237771 -0.000760844 -0.000221706
internal_weight=0 41 25 483 472
internal_count=524 41 25 483 472
is_linear=0
shrinkage=0.1


Tree=86
num_leaves=8
num_cat=0
split_feature=30 73 28 69 13 0 94
split_gain=0.355586 0.949465 2.19197 1.2375 0.918256 1.49216 0.934322
threshold=2.1383330595080285 2.1383330595080285 1.2424533248940006 3.035766082959413e-17 2.3502401828962087 1.3862943611198915 4.8402344967050359
decision_type=2 2 2 2 2 2 2
left_child=1 3 -3 -1 5 -2 -6
right_child=4 2 -4 -5 6 -7 -8
leaf_value=0.0038778101255892653 0.00016842562737028031 -0.011093647076803097 0.035448589764535431 -0.017904902697773652 -0.0038644010300320992 -0.039967055106535559 0.0091046132033881857
leaf_weight=141 22 17 25 32 193 15.999999999999998 78
leaf_count=141 22 17 25 32 193 16 78
internal_value=0 0.00312296 0.0166101 -0.000151362 -0.00217294 -0.0167307 -0.000131622
internal_weight=0 215 42 173 309 38 271
internal_count=524 215 42 173 309 38 271
is_linear=0
shrinkage=0.1


Tree=87
num_leaves=8
num_cat=0
split_feature=80 94 81 17 42 66 42
split_gain=0.328444 1.20014 1.12001 1.01786 0.799602 0.729146 0.422582
threshold=4.0517471391904856 4.6959141240107813 4.2972622671762819 4.2835627800822236 2.602003343538398 4.6051201834879256 3.0201273556387074
decision_type=2 2 2 2 2 2 2
left_child=2 3 4 -2 -1 -3 -4
right_child=1 5 6 -5 -6 -7 -8
leaf_value=0.00089491970548406243 -0.045099619341393303 0.016468551473967221 0.031859413587621281 -0.0047117568552494053 -0.016071418435312807 -0.0064074326980564939 0.0092069239491684145
leaf_weight=375 12.000000000000002 22 13.999999999999998 12.999999999999998 30 38 20
leaf_count=375 12 22 14 13 30 38 20
internal_value=0 -0.00568968 0.00110165 -0.0240979 -0.000361846 0.00198043 0.0185344
internal_weight=0 85 439 25 405 60 34
internal_count=524 85 439 25 405 60 34
is_linear=0
shrinkage=0.1


Tree=88
num_leaves=7
num_cat=0
split_feature=9 90 30 39 63 26
split_gain=0.312112 0.83124 0.90008 0.808073 0.545338 0.555623
threshold=7.6327832942979524e-17 1.2424533248940004 3.3393426912553537e-16 1.7005986908310782 1.0000000180025095e-35 1.2424533248940002
decision_type=2 2 2 2 2 2
left_child=4 2 -2 -3 -1 -6
right_child=1 3 -4 -5 5 -7
leaf_value=-0.0084147057677101764 -0.0025976948047939101 0.0075780829473457365 -0.036745838813770276 -0.0023442411266400348 0.031727668439800093 0.0061292210593819618
leaf_weight=18 19 111 12.999999999999998 315 10.999999999999998 37
leaf_count=18 19 111 13 315 11 37
internal_value=0 -0.000926465 -0.0164704 0.000241153 0.0064291 0.0119955
internal_weight=0 458 32 426 66 48
internal_count=524 458 32 426 66 48
is_linear=0
shrinkage=0.1


Tree=89
num_leaves=8
num_cat=0
split_feature=29 97 1 32 23 83 52
split_gain=0.298617 1.1403 1.03145 0.979997 1.13426 1.09972 0.572401
threshold=2.3502401828962087 4.0517471391904856 2.4286128663675272e-15 6.3438557239305915 6.5359075343019937 4.8441560854355483 4.0517471391904856
decision_type=2 2 2 2 2 2 2
left_child=1 2 -1 5 -5 -2 -3
right_child=3 6 -4 4 -6 -7 -8
leaf_value=0.021662930566817524 0.022909008956661352 -0.033627326018176973 -0.0046153135029441223 -0.024384524751650663 0.00072205975223743526 -0.0098768966804657667 -0.0076321138366539452
leaf_weight=20 38 15.999999999999998 59 19 340 13.999999999999998 18
leaf_count=20 38 16 59 19 340 14 18
internal_value=0 -0.00455274 0.00203741 0.00125173 -0.000606701 0.014082 -0.0198652
internal_weight=0 113 79 411 359 52 34
internal_count=524 113 79 411 359 52 34
is_linear=0
shrinkage=0.1


Tree=90
num_leaves=4
num_cat=0
split_feature=18 59 99
split_gain=0.277749 0.432226 0.5385
threshold=5.797565991880604 9.6029313730913604 5.0592994660765376
decision_type=2 2 2
left_child=1 2 -1
right_child=-2 -3 -4
leaf_value=-0.00053707884593147046 0.015038525794322292 -0.018353558894999039 0.016627990199547065
leaf_weight=480 11.999999999999998 12.999999999999998 19
leaf_count=480 12 13 19
internal_value=0 -0.000352465 0.000116501
internal_weight=0 512 499
internal_count=524 512 499
is_linear=0
shrinkage=0.1


Tree=91
num_leaves=5
num_cat=0
split_feature=2 20 27 29
split_gain=0.272849 0.384125 0.980653 0.93232
threshold=5.7838204485795197 5.6869523739098851 3.7012257604091228 5.5853724835909757
decision_type=2 2 2 2
left_child=1 3 -3 -1
right_child=-2 2 -4 -5
leaf_value=0.00012239792440259069 -0.013292559441179037 0.033965633741833944 0.002476443980502117 -0.021054159054024656
leaf_weight=378 14.999999999999998 10.999999999999998 98 22
leaf_count=378 15 11 98 22
internal_value=0 0.000391726 0.00565425 -0.00104231
internal_weight=0 509 109 400
internal_count=524 509 109 400
is_linear=0
shrinkage=0.1


Tree=92
num_leaves=7
num_cat=0
split_feature=99 96 39 57 57 92
split_gain=0.261815 2.30259 1.12112 1.11931 1.00452 0.929041
threshold=1.8688348091416846 6.4184768611141875e-17 0.69314718055994562 1.8688348091416846 2.3502401828962087 4.9557278610926536
decision_type=2 2 2 2 2 2
left_child=1 2 -1 5 -5 -2
right_child=3 -3 -4 4 -6 -7
leaf_value=-0.0055555622680240301 0.014343365373843836 -0.043854089367848181 0.018294172018283494 -0.020536114905889219 -1.5087557310451172e-05 -0.015402239405860505
leaf_weight=73 84 12.999999999999998 27 26 289 11.999999999999998
leaf_count=73 84 13 27 26 289 12
internal_value=0 -0.00426298 0.000883866 0.00117206 -0.00170889 0.0106252
internal_weight=0 113 100 411 315 96
internal_count=524 113 100 411 315 96
is_linear=0
shrinkage=0.1


Tree=93
num_leaves=6
num_cat=0
split_feature=45 11 36 13 49
split_gain=0.251188 0.640398 0.534099 0.93046 0.469453
threshold=2.7755575615628914e-16 1.8688348091416842 1.4978661367769959 2.7058230259275202 2.7058230259275202
decision_type=2 2 2 2 2
left_child=1 -1 3 -2 -4
right_child=2 -3 4 -5 -6
leaf_value=-0.0046818219213968235 -0.018509710215132785 0.020321190292015675 0.0060001131571960041 0.012590350912740599 -0.0014762813450555467
leaf_weight=21 37 20 114 12.999999999999998 319
leaf_count=21 37 20 114 13 319
internal_value=0 0.00751477 -0.0006379 -0.0104237 0.0004921
internal_weight=0 41 483 50 433
internal_count=524 41 483 50 433
is_linear=0
shrinkage=0.1


Tree=94
num_leaves=6
num_cat=0
split_feature=11 30 46 90 42
split_gain=0.261225 0.626483 0.573716 0.530773 0.342042
threshold=6.4583333698469207 4.3107766033702406 4.9451504953659766 4.516324041782946 3.2769667020129059
decision_type=2 2 2 2 2
left_child=2 -2 3 -1 -3
right_child=1 4 -4 -5 -6
leaf_value=-0.0012656395264815153 0.023970981724560261 -0.015091951792551709 -0.023258285461501643 0.010046438230505295 0.0070658738332751549
leaf_weight=422 14.999999999999998 11.000000000000002 10.999999999999998 46 19
leaf_count=422 15 11 11 46 19
internal_value=0 0.00728455 -0.000684353 -0.000153769 -0.00105866
internal_weight=0 45 479 468 30
internal_count=524 45 479 468 30
is_linear=0
shrinkage=0.1


Tree=95
num_leaves=6
num_cat=0
split_feature=103 13 44 53 16
split_gain=0.24463 0.487871 0.293631 1.11807 0.938727
threshold=3.9219243190762363 3.7494348669884658 2.8029010331479989 2.602003343538398 4.4484992763719129
decision_type=2 2 2 2 2
left_child=2 -2 3 -1 -4
right_child=1 -3 4 -5 -6
leaf_value=0.00039082259205749042 0.025532661141319708 -0.00046422362128006558 0.014587525377406719 -0.016523916597421074 -0.0010959660568162157
leaf_weight=193 10.999999999999998 21 47 49 203
leaf_count=193 11 21 47 49 203
internal_value=0 0.00847221 -0.000551038 -0.00303406 0.00185253
internal_weight=0 32 492 242 250
internal_count=524 32 492 242 250
is_linear=0
shrinkage=0.1


Tree=96
num_leaves=6
num_cat=0
split_feature=97 47 61 49 14
split_gain=0.243347 0.618861 0.528242 0.444153 0.422009
threshold=0.69314718055994562 4.3639137442541561e-18 1.2143064331837653e-17 1.0986122886681102 1.0000000180025095e-35
decision_type=2 2 2 2 2
left_child=1 -1 -2 -3 -4
right_child=2 3 4 -5 -6
leaf_value=0.011196093508400597 0.020535499745836627 -0.027160044685006136 -0.01586094656959176 -0.0032080645207315686 0.00066517546997269298
leaf_weight=12.999999999999998 12.999999999999998 15.000000000000002 15.999999999999998 15.999999999999998 451
leaf_count=13 13 15 16 16 451
internal_value=0 -0.00711774 0.000652459 -0.0147977 9.897e-05
internal_weight=0 44 480 31 467
internal_count=524 44 480 31 467
is_linear=0
shrinkage=0.1


Tree=97
num_leaves=8
num_cat=0
split_feature=80 94 81 35 42 66 42
split_gain=0.242551 0.890509 0.836586 0.806296 0.585809 0.490482 0.324825
threshold=4.0517471391904856 4.6959141240107813 4.2972622671762819 4.6395599436855051 2.602003343538398 4.4248287033199567 3.0201273556387074
decision_type=2 2 2 2 2 2 2
left_child=2 3 4 -2 -1 -3 -4
right_child=1 5 6 -5 -6 -7 -8
leaf_value=0.00075757447229698311 -0.04100648535584861 0.015528528826932113 0.027695660239883832 -0.0048274505218224868 -0.013764522538209957 -0.0042014252510853113 0.0078354014712385834
leaf_weight=375 11.000000000000002 18 13.999999999999998 13.999999999999998 30 42 20
leaf_count=375 11 18 14 14 30 42 20
internal_value=0 -0.00488944 0.000946702 -0.0207462 -0.000318136 0.00171756 0.0160132
internal_weight=0 85 439 25 405 60 34
internal_count=524 85 439 25 405 60 34
is_linear=0
shrinkage=0.1


Tree=98
num_leaves=5
num_cat=0
split_feature=101 11 33 29
split_gain=0.239809 0.362391 0.647711 0.62136
threshold=1.2424533248940004 5.905358135785149 2.602003343538398 5.9738063745441989
decision_type=2 2 2 2
left_child=-1 3 -3 -2
right_child=1 2 -4 -5
leaf_value=-0.010739078395417892 6.4204974846677514e-05 0.026943592017946334 0.0026646595077694096 -0.018443269164938676
leaf_weight=20 401 12.999999999999998 71 19
leaf_count=20 401 13 71 19
internal_value=0 0.000426154 0.00642211 -0.000773038
internal_weight=0 504 84 420
internal_count=524 504 84 420
is_linear=0
shrinkage=0.1


Tree=99
num_leaves=7
num_cat=0
split_feature=45 1 67 10 35 95
split_gain=0.222205 0.591666 0.692034 0.43676 0.842796 0.591874
threshold=2.7755575615628914e-16 1.0000000180025095e-35 4.250072516143178e-17 1.2902005852577504e-17 1.5543122344752182e-15 5.7364422077165234
decision_type=2 2 2 2 2 2
left_child=1 2 -1 5 -5 -2
right_child=3 -3 -4 4 -6 -7
leaf_value=0.016227525946768843 0.0025444508139044046 0.022084004106000067 -0.017290103794740781 0.023772639582554503 -0.00035867406040072914 -0.018135889933534689
leaf_weight=11.000000000000002 25 15.999999999999998 13.999999999999998 14.999999999999998 412 31
leaf_count=11 25 16 14 15 412 31
internal_value=0 0.00706794 -0.00254235 -0.00059997 0.00048903 -0.00890359
internal_weight=0 41 25 483 427 56
internal_count=524 41 25 483 427 56
is_linear=0
shrinkage=0.1


end of trees

feature_importances:
Column_18=38
Column_13=22
Column_0=19
Column_17=19
Column_100=17
Column_30=15
Column_49=15
Column_42=13
Column_11=12
Column_45=12
Column_90=12
Column_67=11
Column_14=10
Column_23=10
Column_26=10
Column_88=10
Column_93=10
Column_98=10
Column_1=9
Column_9=9
Column_44=9
Column_63=9
Column_99=9
Column_2=8
Column_36=8
Column_83=8
Column_95=8
Column_4=7
Column_10=7
Column_15=7
Column_27=7
Column_34=7
Column_35=7
Column_57=7
Column_65=7
Column_81=7
Column_97=7
Column_20=6
Column_28=6
Column_85=6
Column_101=6
Column_102=6
Column_103=6
Column_16=5
Column_29=5
Column_39=5
Column_53=5
Column_56=5
Column_59=5
Column_92=5
Column_94=5
Column_48=4
Column_66=4
Column_71=4
Column_80=4
Column_84=4
Column_32=3
Column_43=3
Column_46=3
Column_47=3
Column_61=3
Column_69=3
Column_89=3
Column_91=3
Column_96=3
Column_6=2
Column_8=2
Column_19=2
Column_22=2
Column_40=2
Column_41=2
Column_55=2
Column_58=2
Column_64=2
Column_73=2
Column_77=2
Column_79=2
Column_25=1
Column_31=1
Column_33=1
Column_37=1
Column_38=1
Column_51=1
Column_52=1
Column_54=1
Column_60=1
Column_62=1
Column_68=1
Column_70=1
Column_74=1
Column_86=1
Column_87=1

parameters:
[boosting: gbdt]
[objective: regression]
[metric: l1]
[tree_learner: serial]
[device_type: cpu]
[data_sample_strategy: bagging]
[data: ]
[valid: ]
[num_iterations: 100]
[learning_rate: 0.1]
[num_leaves: 8]
[num_threads: 16]
[seed: 0]
[deterministic: 0]
[force_col_wise: 0]
[force_row_wise: 0]
[histogram_pool_size: -1]
[max_depth: 3]
[min_data_in_leaf: 11]
[min_sum_hessian_in_leaf: 0.001]
[bagging_fraction: 1]
[pos_bagging_fraction: 1]
[neg_bagging_fraction: 1]
[bagging_freq: 0]
[bagging_seed: 3]
[feature_fraction: 1]
[feature_fraction_bynode: 1]
[feature_fraction_seed: 2]
[extra_trees: 0]
[extra_seed: 6]
[early_stopping_round: 0]
[first_metric_only: 0]
[max_delta_step: 0]
[lambda_l1: 0]
[lambda_l2: 0]
[linear_lambda: 0]
[min_gain_to_split: 0]
[drop_rate: 0.1]
[max_drop: 50]
[skip_drop: 0.5]
[xgboost_dart_mode: 0]
[uniform_drop: 0]
[drop_seed: 4]
[top_rate: 0.2]
[other_rate: 0.1]
[min_data_per_group: 100]
[max_cat_threshold: 32]
[cat_l2: 10]
[cat_smooth: 10]
[max_cat_to_onehot: 4]
[top_k: 20]
[monotone_constraints: ]
[monotone_constraints_method: basic]
[monotone_penalty: 0]
[feature_contri: ]
[forcedsplits_filename: ]
[refit_decay_rate: 0.9]
[cegb_tradeoff: 1]
[cegb_penalty_split: 0]
[cegb_penalty_feature_lazy: ]
[cegb_penalty_feature_coupled: ]
[path_smooth: 0]
[interaction_constraints: ]
[verbosity: -1]
[saved_feature_importance_type: 0]
[use_quantized_grad: 0]
[num_grad_quant_bins: 4]
[quant_train_renew_leaf: 0]
[stochastic_rounding: 1]
[linear_tree: 0]
[max_bin: 255]
[max_bin_by_feature: ]
[min_data_in_bin: 3]
[bin_construct_sample_cnt: 200000]
[data_random_seed: 1]
[is_enable_sparse: 1]
[enable_bundle: 1]
[use_missing: 1]
[zero_as_missing: 0]
[feature_pre_filter: 1]
[pre_partition: 0]
[two_round: 0]
[header: 0]
[label_column: ]
[weight_column: ]
[group_column: ]
[ignore_column: ]
[categorical_feature: ]
[forcedbins_filename: ]
[precise_float_parser: 0]
[parser_config_file: ]
[objective_seed: 5]
[num_class: 1]
[is_unbalance: 0]
[scale_pos_weight: 1]
[sigmoid: 1]
[boost_from_average: 1]
[reg_sqrt: 0]
[alpha: 0.9]
[fair_c: 1]
[poisson_max_delta_step: 0.7]
[tweedie_variance_power: 1.5]
[lambdarank_truncation_level: 30]
[lambdarank_norm: 1]
[label_gain: ]
[lambdarank_position_bias_regularization: 0]
[eval_at: ]
[multi_error_top_k: 1]
[auc_mu_weights: ]
[num_machines: 1]
[local_listen_port: 12400]
[time_out: 120]
[machine_list_filename: ]
[machines: ]
[gpu_platform_id: -1]
[gpu_device_id: -1]
[gpu_use_dp: 0]
[num_gpu: 1]

end of parameters

pandas_categorical:null
