tree
version=v4
num_class=1
num_tree_per_iteration=1
label_index=0
max_feature_idx=92
objective=regression
feature_names=Column_0 Column_1 Column_2 Column_3 Column_4 Column_5 Column_6 Column_7 Column_8 Column_9 Column_10 Column_11 Column_12 Column_13 Column_14 Column_15 Column_16 Column_17 Column_18 Column_19 Column_20 Column_21 Column_22 Column_23 Column_24 Column_25 Column_26 Column_27 Column_28 Column_29 Column_30 Column_31 Column_32 Column_33 Column_34 Column_35 Column_36 Column_37 Column_38 Column_39 Column_40 Column_41 Column_42 Column_43 Column_44 Column_45 Column_46 Column_47 Column_48 Column_49 Column_50 Column_51 Column_52 Column_53 Column_54 Column_55 Column_56 Column_57 Column_58 Column_59 Column_60 Column_61 Column_62 Column_63 Column_64 Column_65 Column_66 Column_67 Column_68 Column_69 Column_70 Column_71 Column_72 Column_73 Column_74 Column_75 Column_76 Column_77 Column_78 Column_79 Column_80 Column_81 Column_82 Column_83 Column_84 Column_85 Column_86 Column_87 Column_88 Column_89 Column_90 Column_91 Column_92
feature_infos=[0:7.1308988302963465] [0:7.1308988302963465] [0:7.1308988302963465] [0:7.1308988302963465] [0:7.1308988302963465] [0:7.1308988302963465] [0:7.1308988302963465] [0:7.1308988302963465] [0:7.1308988302963465] [0:7.2254814727822945] [0:5.9610053396232736] [0:6.5998704992128365] [0:5.3612921657094255] [0:7.9540210872780372] [0:5.5606816310155276] [0:4.9052747784384296] [0:5.4467373716663099] [0:6.6174029779744776] [0:7.2254814727822945] [0:5.9610053396232736] [0:6.5998704992128365] [0:5.3612921657094255] [0:7.9540210872780372] [0:5.5606816310155276] [0:4.9052747784384296] [0:5.4467373716663099] [0:6.6174029779744776] [0:7.2254814727822945] [0:5.9610053396232736] [0:6.5998704992128365] [0:5.3612921657094255] [0:7.9540210872780372] [0:5.5606816310155276] [0:4.9052747784384296] [0:5.4467373716663099] [0:6.6174029779744776] [0:7.2254814727822945] [0:5.9610053396232736] [0:6.5998704992128365] [0:5.3612921657094255] [0:7.9540210872780372] [0:5.5606816310155276] [0:4.9052747784384296] [0:5.4467373716663099] [0:6.6174029779744776] [0:7.2254814727822945] [0:5.9610053396232736] [0:6.5998704992128365] [0:5.3612921657094255] [0:7.9540210872780372] [0:5.5606816310155276] [0:4.9052747784384296] [0:5.4467373716663099] [0:6.6174029779744776] [0:7.2254814727822945] [0:5.9610053396232736] [0:6.5998704992128365] [0:5.3612921657094255] [0:7.9540210872780372] [0:5.5606816310155276] [0:4.9052747784384296] [0:5.4467373716663099] [0:6.6174029779744776] [0:7.2254814727822945] [0:5.9610053396232736] [0:6.5998704992128365] [0:5.3612921657094255] [0:7.9540210872780372] [0:5.5606816310155276] [0:4.9052747784384296] [0:5.4467373716663099] [0:6.6174029779744776] [0:7.2254814727822945] [0:5.9610053396232736] [0:6.5998704992128365] [0:5.3612921657094255] [0:7.9540210872780372] [0:5.5606816310155276] [0:4.9052747784384296] [0:5.4467373716663099] [0:6.6174029779744776] [0:7.2254814727822945] [0:5.9610053396232736] [0:6.5998704992128365] [0:5.3612921657094255] [0:7.9540210872780372] [0:5.5606816310155276] [0:4.9052747784384296] [0:5.4467373716663099] [0:6.6174029779744776] [0.69314718055994529:3.970291913552122] [0.69314718055994529:3.970291913552122] [0.69314718055994529:3.970291913552122]
tree_sizes=1002 1044 1126 1048 1218 971 1140 1057 1047 1142 1056 965 1061 1141 889 980 1053 894 811 1061 1077 816 981 894 986 991 899 910 986 814 656 976 895 658 726 1075 650 895 891 730 732 816 993 1153 817 908 894 571 906 815 993 567 740 813 660 651 1068 815 730 839 570 1152 736 901 830 815 583 835 828 1070 743 748 736 731 659 822 994 573 819 904 913 916 827 825 843 649 741 652 656 657 911 828 921 827 822 826 911 828 742 580

Tree=0
num_leaves=11
num_cat=0
split_feature=0 0 0 74 0 9 82 81 89 92
split_gain=514.131 72.9286 72.4382 20.1526 19.7176 18.9365 13.4764 8.22232 7.51083 2.75385
threshold=3.3842466058243152 5.030352476867086 2.602003343538398 3.9415346756528771 4.2483931908192885 1.7347234759768071e-16 2.740319461670996 2.3502401828962087 1.4978661367769959 3.7494348669884658
decision_type=2 2 2 2 2 2 2 2 2 2
left_child=2 4 5 8 6 -1 -2 -7 -4 -6
right_child=1 -3 3 -5 9 7 -8 -9 -10 -11
leaf_value=3.0677381978223268 3.3486563776651925 3.4916650248054184 3.216032110814921 3.1477528010583704 3.3683220300353356 3.1100428855155466 3.2892796011560739 3.1724950633035833 3.2759880226799512 3.405063376468437
leaf_weight=49 89 39 37 25 51 37 67 49 48 34
leaf_count=49 89 39 37 25 51 37 67 49 48 34
internal_value=3.27223 3.3648 3.16644 3.22668 3.34427 3.11736 3.32315 3.14563 3.24989 3.38302
internal_weight=0 280 245 110 241 135 156 86 85 85
internal_count=525 280 245 110 241 135 156 86 85 85
is_linear=0
shrinkage=1


Tree=1
num_leaves=11
num_cat=0
split_feature=0 0 0 0 81 9 77 82 86 15
split_gain=416.446 60.6179 58.6749 20.2678 16.9718 15.3386 12.9886 10.9927 8.43668 3.65698
threshold=3.3842466058243152 5.2573732868116956 2.602003343538398 4.3693677306817369 3.5694334999727624 1.7347234759768071e-16 1.8688348091416844 2.740319461670996 1.700598690831078 0.34657359027997292
decision_type=2 2 2 2 2 2 2 2 2 2
left_child=2 3 5 7 -4 -1 -6 -2 -7 -5
right_child=1 -3 4 9 6 8 -8 -9 -10 -11
leaf_value=-0.18404325468807806 0.069609736112877726 0.22574074312492654 0.002827610796298452 0.13580406087060129 -0.0308094828840225 -0.077031897329207927 -0.12311026307443779 0.017941133505664768 -0.14052094240486621 0.092411243600340989
leaf_weight=49 100 27 49 31 31 36 30 70 50 52
leaf_count=49 100 27 49 31 31 36 30 70 50 52
internal_value=0 0.0833113 -0.0952129 0.0681113 -0.0409986 -0.139388 -0.0762033 0.0483344 -0.113944 0.108618
internal_weight=0 280 245 253 110 135 61 170 86 83
internal_count=525 280 245 253 110 135 61 170 86 83
is_linear=0
shrinkage=0.1


Tree=2
num_leaves=12
num_cat=0
split_feature=0 0 0 83 11 40 0 56 84 86 92
split_gain=337.849 59.2794 44.5605 17.1288 13.4955 18.1206 11.9389 10.9093 8.43807 6.5186 3.00099
threshold=3.5408542930527882 2.602003343538398 5.2573732868116956 4.0689902272260703 0.69314718055994573 2.8029010331479989 4.3693677306817369 3.9415346756528771 2.2499048351651334 2.249904835165133 3.7256208424938388
decision_type=2 2 2 2 2 2 2 2 2 2 2
left_child=1 4 6 8 5 -1 9 -6 -3 -2 -8
right_child=2 3 -4 -5 7 -7 10 -9 -10 -11 -12
leaf_value=-0.22582235431671141 0.0644675392785347 0.012019033569457202 0.20316667203549987 -0.10572914424538614 -0.064268302027309362 -0.11435239072356905 0.082308637619018563 -0.14137979726074265 -0.044344899521501231 0.019122595987890081 0.12116204735004542
leaf_weight=25 102 58 27 25 43 35 50 32 49 46 33
leaf_count=25 102 58 27 25 43 35 50 32 49 46 33
internal_value=0 -0.0788562 0.081607 -0.0312047 -0.125449 -0.160798 0.0673987 -0.0971692 -0.0137925 0.0503738 0.0977564
internal_weight=0 267 258 132 135 60 231 75 107 148 83
internal_count=525 267 258 132 135 60 231 75 107 148 83
is_linear=0
shrinkage=0.1


Tree=3
num_leaves=11
num_cat=0
split_feature=0 0 0 10 52 39 86 90 63 0
split_gain=274.278 39.8191 38.1795 13.4514 12.0693 11.6806 12.9729 11.5255 9.60922 2.87353
threshold=3.3842466058243152 5.030352476867086 2.602003343538398 1.0269562977782696e-15 1.7005986908310782 2.602003343538398 1.700598690831078 3.5972184255501678 4.9971894463620989 3.9219243190762367
decision_type=2 2 2 2 2 2 2 2 2 2
left_child=2 7 5 -4 -5 6 -1 8 -2 -9
right_child=1 -3 3 4 -6 -7 -8 9 -10 -11
leaf_value=-0.083306348541887801 0.014778542833832595 0.16135522853105497 -0.098018085755407824 0.013977599269020613 -0.064306408647567995 -0.054074209666362519 -0.15472329964221859 0.053972454921853152 0.068341766888240604 0.090882189210617192
leaf_weight=41 91 39 25 54 31 27 67 31 53 66
leaf_count=41 91 39 25 54 31 27 67 31 53 66
internal_value=0 0.0676114 -0.0772701 -0.0335378 -0.014573 -0.112904 -0.127611 0.0524412 0.0344928 0.0790863
internal_weight=0 280 245 110 85 135 108 241 144 97
internal_count=525 280 245 110 85 135 108 241 144 97
is_linear=0
shrinkage=0.1


Tree=4
num_leaves=13
num_cat=0
split_feature=0 0 0 83 33 9 69 29 22 26 31 92
split_gain=223.308 38.407 30.3781 13.4423 10.4693 22.4868 8.38254 8.59458 7.59646 7.06429 5.76098 3.85473
threshold=3.5408542930527882 2.602003343538398 5.2573732868116956 3.3497501700808394 1.4978661367769959 1.7347234759768071e-16 1.7005986908310782 3.1132683346437333 4.4307459321434584 3.4498615536424366 2.8029010331479989 3.7726948748059121
decision_type=2 2 2 2 2 2 2 2 2 2 2 2
left_child=1 4 6 10 5 -1 11 -8 -5 -6 -3 -2
right_child=2 3 -4 8 9 -7 7 -9 -10 -11 -12 -13
leaf_value=-0.18916567085543648 0.058273553645497633 0.032713894663112503 0.16671448283725315 -0.10112642473183001 -0.027716272316873077 -0.083005790820099276 -0.017537621900439265 0.049736097094284587 -0.029767253640373904 -0.10289228865504266 -0.024262141156941655 0.094204191677272328
leaf_weight=32 79 35 27 26 25 53 25 79 35 25 36 48
leaf_count=32 79 35 27 26 25 53 25 79 35 25 36 48
internal_value=0 -0.0641102 0.0663466 -0.0257545 -0.101613 -0.122972 0.0546153 0.0335645 -0.0601826 -0.0653043 0.00382464 0.0718536
internal_weight=0 267 258 132 135 85 231 104 61 50 71 127
internal_count=525 267 258 132 135 85 231 104 61 50 71 127
is_linear=0
shrinkage=0.1


Tree=5
num_leaves=10
num_cat=0
split_feature=0 0 0 30 10 43 0 86 15
split_gain=180.88 31.7965 24.6063 18.3621 17.7365 18.2948 7.50636 4.42623 2.4228
threshold=3.5408542930527882 1.8688348091416842 5.2573732868116956 2.1383330595080285 7.5894152073985326e-18 1.7005986908310782 4.3693677306817369 2.249904835165133 0.34657359027997292
decision_type=2 2 2 2 2 2 2 2 2
left_child=1 3 6 -1 -3 -6 7 -2 -8
right_child=2 4 -4 -5 5 -7 8 -9 -10
leaf_value=-0.14846918668826015 0.047267795240480283 -0.087285705000006916 0.15004303212519046 -0.051075525538180955 0.0098761525768269274 -0.066570955583786909 0.095353000538964436 0.0099024664570132037 0.060033445834862788
leaf_weight=49 102 48 27 32 90 48 31 46 52
leaf_count=49 102 48 27 32 90 48 31 46 52
internal_value=0 -0.0576991 0.0597119 -0.109993 -0.0349262 -0.0167141 0.0491537 0.0356542 0.0732251
internal_weight=0 267 258 81 186 138 231 148 83
internal_count=525 267 258 81 186 138 231 148 83
is_linear=0
shrinkage=0.1


Tree=6
num_leaves=12
num_cat=0
split_feature=2 0 0 82 9 60 90 74 63 44 22
split_gain=147.819 35.2177 22.3251 16.6609 14.1234 7.28097 7.20207 6.51675 6.1907 5.98734 1.6036
threshold=3.5114340430413216 2.602003343538398 5.030352476867086 2.0126758453675753 1.7347234759768071e-16 1.4978661367769959 3.4811217321331038 2.3245294578089215e-16 4.9971894463620989 8.7430063189231058e-16 2.9700856263602158
decision_type=2 2 2 2 2 2 2 2 2 2 2
left_child=1 4 6 9 -1 -5 8 -6 -2 -3 -8
right_child=2 3 -4 5 7 -7 10 -9 -10 -11 -12
leaf_value=-0.13592240869660269 0.0091254953560564907 -0.015806421466171741 0.12532765883700669 -0.013270199898943248 -0.10387482965985935 -0.076918851799990362 0.076414072173445133 -0.046117115180407259 0.052946292550337538 0.047896683754192461 0.049710869742557409
leaf_weight=44 80 25 37 32 30 41 46 56 54 36 44
leaf_count=44 80 25 37 32 30 41 46 56 54 36 44
internal_value=0 -0.0527598 0.0533662 -0.0167851 -0.0898415 -0.0490181 0.0414798 -0.0662652 0.0267846 0.0217889 0.0633592
internal_weight=0 264 261 134 130 73 224 86 134 61 90
internal_count=525 264 261 134 130 73 224 86 134 61 90
is_linear=0
shrinkage=0.1


Tree=7
num_leaves=11
num_cat=0
split_feature=0 10 16 77 0 8 11 87 37 92
split_gain=120.829 23.4874 20.2286 17.9697 15.3605 9.48514 6.74546 6.52283 4.73676 2.46314
threshold=3.6505739029280164 7.02563007770607e-17 2.1383330595080285 0.89587973461402759 5.2573732868116956 2.524928003624769 0.69314718055994573 2.3502401828962087 3.7256208424938388 3.8393944990995772
decision_type=2 2 2 2 2 2 2 2 2 2
left_child=1 3 6 -1 7 -5 -3 9 -9 -2
right_child=4 2 -4 5 -6 -7 -8 8 -10 -11
leaf_value=-0.026403224891559648 0.045718388594686993 -0.048795464095370528 -0.081970905110685402 -0.15423859225755387 0.12279275054181066 -0.0743180221705525 0.0052205383696944637 -0.013730206144973637 0.045207242682576185 0.074109015268523523
leaf_weight=33 120 29 46 33 27 27 114 30 25 41
leaf_count=33 120 29 46 33 27 27 114 30 25 41
internal_value=0 -0.0445332 -0.0242888 -0.0856749 0.0516805 -0.118274 -0.00573376 0.0427914 0.0130595 0.0529483
internal_weight=0 282 189 93 243 60 143 216 55 161
internal_count=525 282 189 93 243 60 143 216 55 161
is_linear=0
shrinkage=0.1


Tree=8
num_leaves=11
num_cat=0
split_feature=2 9 92 0 13 83 51 90 54 22
split_gain=100.658 24.2009 17.1815 14.8994 13.6511 10.5489 9.03424 5.01835 4.47739 1.41631
threshold=3.5114340430413216 1.4978661367769956 3.795426061844291 5.030352476867086 1.2424533248940004 4.3107766033702406 0.69314718055994573 3.4811217321331038 5.07203900872703 2.9700856263602158
decision_type=2 2 2 2 2 2 2 2 2 2
left_child=1 4 5 7 -1 -3 -6 8 -2 -9
right_child=3 2 -4 -5 6 -7 -8 9 -10 -11
leaf_value=-0.14358947553804943 0.0077320452860881947 -0.023472820111428913 0.044432716945084397 0.10282558051466539 -0.10590221314132214 -0.092929976709462986 -0.028085879108088241 0.064859909710028904 0.045379962246207634 0.039764424815604632
leaf_weight=28 83 115 32 37 25 27 37 46 51 44
leaf_count=28 83 115 32 37 25 27 37 46 51 44
internal_value=0 -0.0435374 -0.0217623 0.0440378 -0.085636 -0.0366795 -0.0594634 0.0343274 0.0220607 0.052591
internal_weight=0 264 174 261 90 142 62 224 134 90
internal_count=525 264 174 261 90 142 62 224 134 90
is_linear=0
shrinkage=0.1


Tree=9
num_leaves=12
num_cat=0
split_feature=0 0 77 51 79 13 68 87 15 1 1
split_gain=83.7233 16.8152 14.911 10.2412 7.98474 7.42918 7.03425 6.75099 8.04283 4.15271 1.18495
threshold=3.1567740231385479 4.4942230200312032 0.89587973461402759 8.0637536578609402e-19 1.1858461261560207e-19 5.583149928442249 2.3502401828962087 2.3502401828962087 2.1383330595080281 3.6505739029280164 4.6298509007569537
decision_type=2 2 2 2 2 2 2 2 2 2 2
left_child=2 7 4 -4 -1 10 -5 9 -9 -2 -3
right_child=1 5 3 6 -6 -7 -8 8 -10 -11 -12
leaf_value=-0.057459200933002511 0.0076300696607251644 0.031453692037612203 -0.12779661720991137 -0.087388283094729902 0.012149988666383758 0.10902907165388268 -0.035280313824732151 -0.047772802632922932 0.021902728381541534 0.040494511122792926 0.059958705657294824
leaf_weight=26 61 25 25 44 45 30 63 30 37 104 35
leaf_count=26 61 25 25 44 45 30 63 30 37 104 35
internal_value=0 0.0317076 -0.0502948 -0.0701717 -0.0133407 0.0683974 -0.0567079 0.0174745 -0.00929527 0.0283446 0.0480816
internal_weight=0 322 203 132 71 90 107 232 67 165 60
internal_count=525 322 203 132 71 90 107 232 67 165 60
is_linear=0
shrinkage=0.1


Tree=10
num_leaves=11
num_cat=0
split_feature=1 10 16 77 1 13 8 87 20 63
split_gain=68.4658 16.0839 19.3482 10.2753 9.73085 6.58141 6.36718 6.07931 4.18371 3.0814
threshold=3.5114340430413216 7.02563007770607e-17 2.249904835165133 0.89587973461402759 5.2573732868116956 4.70043904177074 2.524928003624769 2.1383330595080281 3.1132683346437333 2.249904835165133
decision_type=2 2 2 2 2 2 2 2 2 2
left_child=1 3 5 -1 7 -3 -5 9 -9 -2
right_child=4 2 -4 6 -6 -7 -8 8 -10 -11
leaf_value=-0.023293544672008965 0.073361178219318396 -0.010809153601646833 -0.081038119403743433 -0.12268283779130262 0.094243590247172576 0.046079894196242095 -0.056943865406971717 -0.026662945650517939 0.02281678068899998 0.035072806769643319
leaf_weight=31 25 109 38 34 26 25 26 25 54 132
leaf_count=31 25 109 38 34 26 25 26 25 54 132
internal_value=0 -0.0360437 -0.0180561 -0.0700424 0.0361813 -0.000195525 -0.0941959 0.0297846 0.00715864 0.0411697
internal_weight=0 263 172 91 262 134 60 236 79 157
internal_count=525 263 172 91 262 134 60 236 79 157
is_linear=0
shrinkage=0.1


Tree=11
num_leaves=10
num_cat=0
split_feature=2 9 14 92 22 0 73 81 89
split_gain=56.3279 16.6377 12.64 14.2507 10.1794 8.31428 3.49665 4.61154 2.50317
threshold=3.5114340430413216 1.4978661367769956 2.3502401828962087 3.795426061844291 3.1132683346437333 5.030352476867086 3.1567740231385479 4.8401720006109601 2.4414009612931857
decision_type=2 2 2 2 2 2 2 2 2
left_child=1 4 3 -3 -1 6 8 -8 -2
right_child=5 2 -4 -5 -6 -7 7 -9 -10
leaf_value=-0.10424040153440906 0.026152736486013357 -0.01452137640118599 -0.057562346619610884 0.069890311390161525 -0.036711194064962316 0.076858298626501828 -0.024541800814094367 0.025771890015208295 0.0547360631906324
leaf_weight=41 96 100 49 25 49 37 27 56 45
leaf_count=41 96 100 49 25 49 37 27 56 45
internal_value=0 -0.0325687 -0.014514 0.00236096 -0.0674745 0.0329431 0.0256892 0.00940479 0.0352751
internal_weight=0 264 174 125 90 261 224 83 141
internal_count=525 264 174 125 90 261 224 83 141
is_linear=0
shrinkage=0.1


Tree=12
num_leaves=11
num_cat=0
split_feature=0 0 2 54 77 13 82 39 26 9
split_gain=46.8995 9.63566 9.55995 11.8191 9.2805 4.96182 4.63829 5.23456 3.63072 0.769436
threshold=3.1567740231385479 4.4942230200312032 3.0201273556387074 3.794707603699266e-19 1.8688348091416844 5.583149928442249 2.740319461670996 2.9700856263602162 6.5503158452884023e-15 4.2625806805327082
decision_type=2 2 2 2 2 2 2 2 2 2
left_child=2 6 3 -1 -5 9 8 -8 -2 -3
right_child=1 5 -4 4 -6 -7 7 -9 -10 -11
leaf_value=-0.099147467556837454 -0.0086258117007091649 0.045145564481164469 0.00082874708709173976 -0.0058993293004560065 -0.062229182546705765 0.084711092212237424 -0.031745480532901216 0.01473133761464851 0.033817011858403793 0.022382903619910834
leaf_weight=37 25 33 49 58 59 30 39 64 104 27
leaf_count=37 25 33 49 58 59 30 39 64 104 27
internal_value=0 0.0237315 -0.037643 -0.049884 -0.034305 0.0515053 0.0129571 -0.00286668 0.0255917 0.0349024
internal_weight=0 322 203 154 117 90 232 103 129 60
internal_count=525 322 203 154 117 90 232 103 129 60
is_linear=0
shrinkage=0.1


Tree=13
num_leaves=12
num_cat=0
split_feature=0 77 59 14 0 79 87 10 13 1 91
split_gain=37.9886 8.02861 8.37943 9.52831 7.80488 5.42378 4.05388 5.21468 4.01907 1.70624 0.789473
threshold=3.1567740231385479 0.89587973461402759 2.9700856263602158 2.3502401828962087 4.4942230200312032 1.1858461261560207e-19 2.3502401828962087 2.4414009612931857 5.583149928442249 3.6505739029280164 3.7256208424938388
decision_type=2 2 2 2 2 2 2 2 2 2 2
left_child=1 5 3 -3 6 -1 9 -8 10 -2 -6
right_child=4 2 -4 -5 8 -7 7 -9 -10 -11 -12
leaf_value=-0.04312389030192907 0.0068068951475204996 -0.040068357421114344 -0.0048243576152758169 -0.10496189537857259 0.020317543874825202 0.014246413583298111 -0.041017933735816643 0.015288840359272927 0.076239982446034749 0.027872824635974566 0.043271861328133224
leaf_weight=26 61 64 33 35 31 45 29 38 30 104 29
leaf_count=26 61 64 33 35 31 45 29 38 30 104 29
internal_value=0 -0.0338787 -0.048464 -0.0630105 0.0213583 -0.00676243 0.0116614 -0.00908275 0.0463547 0.0200848 0.0314121
internal_weight=0 203 132 99 322 71 232 67 90 165 60
internal_count=525 203 132 99 322 71 232 67 90 165 60
is_linear=0
shrinkage=0.1


Tree=14
num_leaves=9
num_cat=0
split_feature=2 9 13 92 6 0 54 1
split_gain=31.375 11.5448 9.55577 8.86308 7.63515 4.78588 2.6938 2.36705
threshold=3.5114340430413216 1.7347234759768071e-16 2.1383330595080281 3.795426061844291 2.1383330595080285 5.030352476867086 2.249904835165133 3.8606743063089755
decision_type=2 2 2 2 2 2 2 2
left_child=1 2 -1 4 -3 6 -2 -8
right_child=5 3 -4 -5 -6 -7 7 -9
leaf_value=-0.10508826804746474 0.048096872320664785 -0.057300759508377978 -0.027196320529199309 0.033229809983500412 -0.0090000069517797484 0.057904693464169633 -0.0020132401351945412 0.022062409264575422
leaf_weight=28 28 45 36 35 120 37 58 138
leaf_count=28 28 45 36 35 120 37 58 138
internal_value=0 -0.0243069 -0.061274 -0.0124775 -0.0221729 0.0245863 0.0190828 0.014938
internal_weight=0 264 64 200 165 261 224 196
internal_count=525 264 64 200 165 261 224 196
is_linear=0
shrinkage=0.1


Tree=15
num_leaves=10
num_cat=0
split_feature=1 10 16 8 35 13 91 26 29
split_gain=25.8059 8.55921 12.4979 6.91441 5.32801 4.01886 2.83848 3.28532 0.659152
threshold=3.5114340430413216 7.02563007770607e-17 2.249904835165133 2.524928003624769 6.5503158452884023e-15 5.8257215776619615 3.5114340430413216 1.8688348091416849 2.8029010331479989
decision_type=2 2 2 2 2 2 2 2 2
left_child=1 3 4 -1 -3 6 7 -2 -8
right_child=5 2 -4 -5 -6 -7 8 -9 -10
leaf_value=-0.073020082619041207 -0.022545609285158141 -0.026345729073019405 -0.059625937974104953 -0.017806837683933419 0.017893479886697605 0.056021511290342579 0.044977548926209032 0.016248341326565042 0.026096010857145302
leaf_weight=48 27 38 38 43 96 31 26 114 64
leaf_count=48 27 38 38 43 96 31 26 114 64
internal_value=0 -0.0221285 -0.00900668 -0.0469303 0.00534803 0.022213 0.0176759 0.00881971 0.0315507
internal_weight=0 263 172 91 134 262 231 141 90
internal_count=525 263 172 91 134 262 231 141 90
is_linear=0
shrinkage=0.1


Tree=16
num_leaves=11
num_cat=0
split_feature=0 9 4 86 67 7 2 32 8 2
split_gain=21.2334 6.11886 8.20792 6.4693 7.72951 5.47388 5.27135 5.52622 4.08674 2.56292
threshold=3.1567740231385479 1.7005986908310777 2.8617925509761908 0.89587973461402759 3.4498615536424366 2.3502401828962087 3.8606743063089755 2.249904835165133 2.0126758453675753 5.2310943182715759
decision_type=2 2 2 2 2 2 2 2 2 2
left_child=1 2 8 -3 -5 -2 7 -7 -1 -8
right_child=5 3 -4 4 -6 6 9 -9 -10 -11
leaf_value=-0.038204925299550482 0.05521835128456587 0.020752191787496918 0.00035751732782675675 -0.073762362573295839 -0.0063071959638827529 0.0065740816218519144 0.016881136914660991 -0.047370412129908807 -0.091964826396396082 0.05020409204341747
leaf_weight=26 32 42 26 25 53 79 159 25 31 27
leaf_count=26 32 42 26 25 53 79 159 25 31 27
internal_value=0 -0.0253285 -0.0462041 -0.0108896 -0.0279274 0.015968 0.0116369 -0.00639334 -0.0674428 0.0217183
internal_weight=0 203 83 120 78 322 290 104 57 186
internal_count=525 203 83 120 78 322 290 104 57 186
is_linear=0
shrinkage=0.1


Tree=17
num_leaves=9
num_cat=0
split_feature=2 13 65 11 81 1 58 13
split_gain=17.7571 9.45514 8.02258 8.91166 3.22578 2.53154 1.67105 0.901046
threshold=3.5114340430413216 4.8597823571876004 3.9607678160667752 0.69314718055994573 2.249904835165133 4.2483931908192885 3.0201273556387074 4.5053345884235583
decision_type=2 2 2 2 2 2 2 2
left_child=1 2 3 -1 -2 6 -6 -7
right_child=4 -3 -4 -5 5 7 -8 -9
leaf_value=-0.043947820904715038 0.044248754794641243 0.034567918381653732 -0.065839875433593986 0.00017604734205330411 0.025921352869934508 0.037643669161479924 -0.0023041073736942749 0.018026586147941281
leaf_weight=74 41 30 40 120 27 38 94 61
leaf_count=74 41 30 40 120 27 38 94 61
internal_value=0 -0.0182863 -0.0250624 -0.0166547 0.0184964 0.0136971 0.00399414 0.0255564
internal_weight=0 264 234 194 261 220 121 99
internal_count=525 264 234 194 261 220 121 99
is_linear=0
shrinkage=0.1


Tree=18
num_leaves=8
num_cat=0
split_feature=2 92 6 77 81 1 92
split_gain=14.665 7.79194 6.68627 5.3126 2.5135 1.75643 1.28929
threshold=3.7256208424938388 3.795426061844291 3.2959746043559335e-16 1.8688348091416844 2.249904835165133 4.9308638091439496 3.8393944990995772
decision_type=2 2 2 2 2 2 2
left_child=1 2 -1 -4 -2 6 -6
right_child=4 -3 3 -5 5 -7 -8
leaf_value=-0.063113893125432016 0.044120807307107109 0.023598426159309308 -0.0011939745131880047 -0.032204213754904239 0.0060880576737598327 0.035119058817092867 0.030546318987706822
leaf_weight=33 35 46 125 99 126 35 26
leaf_count=33 35 46 125 99 126 35 26
internal_value=0 -0.0143059 -0.0210904 -0.0148994 0.0195257 0.0149223 0.0102717
internal_weight=0 303 257 224 222 187 152
internal_count=525 303 257 224 222 187 152
is_linear=0
shrinkage=0.1


Tree=19
num_leaves=11
num_cat=0
split_feature=1 13 14 16 43 7 72 2 50 26
split_gain=12.2157 6.95108 5.78188 7.663 4.7276 3.29706 4.10703 3.22438 3.98484 1.30142
threshold=3.1567740231385479 4.7492611597348082 2.1383330595080285 0.89587973461402781 2.2768245622195599e-17 2.9174053685313033 3.3497501700808394 3.8606743063089755 2.0126758453675753 1.8688348091416849
decision_type=2 2 2 2 2 2 2 2 2 2
left_child=1 2 4 -4 -1 6 -2 8 -7 -9
right_child=5 -3 3 -5 -6 7 -8 9 -10 -11
leaf_value=-0.034798274329810773 0.063305858744738194 0.030258727476000787 -0.089413254135953524 -0.019226270536226886 0.0057284005126723696 0.0065072223570839059 0.0065393377654254436 -0.0039944389770770897 -0.039060409154210773 0.01912233952071371
leaf_weight=53 26 25 28 35 63 61 25 29 28 152
leaf_count=53 26 25 28 35 63 61 25 29 28 152
internal_value=0 -0.0191345 -0.026033 -0.0504205 -0.0127881 0.0121603 0.0354791 0.00775558 -0.00782866 0.0154185
internal_weight=0 204 179 63 116 321 51 270 89 181
internal_count=525 204 179 63 116 321 51 270 89 181
is_linear=0
shrinkage=0.1


Tree=20
num_leaves=11
num_cat=0
split_feature=3 54 73 90 52 35 84 1 34 7
split_gain=10.6472 7.10957 6.89484 7.58556 6.3303 4.84072 2.95952 1.51066 1.48392 0.887616
threshold=3.6242520361853052 8.6853964318067918e-23 0.69314718055994529 3.7256208424938388 1.7076184216646697e-18 6.5503158452884023e-15 5.9674487573602154e-16 4.0342014792848504 1.2424533248940006 3.8815106545092593
decision_type=2 2 2 2 2 2 2 2 2 2
left_child=1 4 3 -3 -1 -4 -2 9 -9 -8
right_child=6 2 5 -5 -6 -7 7 8 -10 -11
leaf_value=-0.081558898974281674 0.0402026444682997 -0.0062162682998556798 -0.052013461796256405 0.057883998484661185 -0.011083021521568299 -0.0087667407669747878 0.011783564119832592 0.0016384876521659038 0.024570211512578089 -0.010211942917775623
leaf_weight=26 40 48 33 30 25 120 32 42 86 43
leaf_count=26 40 48 33 30 25 120 32 42 86 43
internal_value=0 -0.0132196 -0.00575894 0.0184377 -0.0470119 -0.0180945 0.0153412 0.0104424 0.0170457 -0.000827193
internal_weight=0 282 231 78 51 153 243 203 128 75
internal_count=525 282 231 78 51 153 243 203 128 75
is_linear=0
shrinkage=0.1


Tree=21
num_leaves=8
num_cat=0
split_feature=3 13 6 65 81 1 92
split_gain=8.62427 5.99349 6.07595 5.01203 2.58815 1.38624 1.6037
threshold=3.6242520361853052 4.8282817362782584 3.2959746043559335e-16 3.1984648276080736 2.249904835165133 4.9308638091439496 3.5408542930527882
decision_type=2 2 2 2 2 2 2
left_child=1 2 -1 -4 -2 6 -6
right_child=4 -3 3 -5 5 -7 -8
leaf_value=-0.054243403682975394 0.038158556320578664 0.026211728043078138 0.00017963623763698577 -0.03278943741191314 -6.5366181430392097e-05 0.027565493474581412 0.02192680378754934
leaf_weight=38 37 36 139 69 126 35 45
leaf_count=38 37 36 139 69 126 35 45
internal_value=0 -0.0118976 -0.0174746 -0.0107572 0.0138071 0.00943331 0.00572205
internal_weight=0 282 246 208 243 206 171
internal_count=525 282 246 208 243 206 171
is_linear=0
shrinkage=0.1


Tree=22
num_leaves=10
num_cat=0
split_feature=2 92 82 59 68 58 6 5 41
split_gain=7.06955 4.89641 11.6166 4.74704 7.01228 3.55168 2.34968 1.53083 1.33301
threshold=3.8606743063089755 3.7726948748059121 3.2255014631443761e-18 0.89587973461402759 2.9174053685313028 4.3757372435704527 3.6762205501217919 5.0430920195175792 2.1383330595080285
decision_type=2 2 2 2 2 2 2 2 2
left_child=1 3 -3 5 -5 -1 -2 8 -8
right_child=6 2 -4 4 -6 -7 7 -9 -10
leaf_value=0.013406859108712525 0.040643016013006371 0.057617942325305198 -0.03237174520125756 -0.037734240175355691 0.0085022286863790635 -0.028889642883506084 0.012407593605118795 0.029239041777327657 -0.008792477411638671
leaf_weight=75 30 32 26 121 45 27 91 34 44
leaf_count=75 30 32 26 121 45 27 91 34 44
internal_value=0 -0.00906638 0.0172777 -0.0147677 -0.0252003 0.00221073 0.0148525 0.0102743 0.00549794
internal_weight=0 326 58 268 166 102 199 169 135
internal_count=525 326 58 268 166 102 199 169 135
is_linear=0
shrinkage=0.1


Tree=23
num_leaves=9
num_cat=0
split_feature=1 13 28 11 7 7 74 87
split_gain=6.08765 4.54391 4.66828 5.38096 2.58774 2.98941 2.95853 1.42831
threshold=3.1567740231385479 4.7492611597348082 2.4414009612931857 0.69314718055994573 3.0201273556387074 3.3140206880897671 2.6735537653587347 2.249904835165133
decision_type=2 2 2 2 2 2 2 2
left_child=1 2 3 -1 6 -6 -2 -7
right_child=4 -3 -4 -5 5 7 -8 -9
leaf_value=-0.032145383111351442 0.053710877873003486 0.026427494525909423 -0.048713107865371905 0.0075524306010552938 -0.028451385151594878 0.013649836269981386 0.0074747732585115773 -0.002438383789592271
leaf_weight=62 25 25 41 76 25 154 31 86
leaf_count=62 25 25 41 76 25 154 31 86
internal_value=0 -0.0135077 -0.0190853 -0.0102828 0.00858436 0.00445694 0.0281159 0.00788489
internal_weight=0 204 179 138 321 265 56 240
internal_count=525 204 179 138 321 265 56 240
is_linear=0
shrinkage=0.1


Tree=24
num_leaves=10
num_cat=0
split_feature=3 10 16 71 68 27 81 1 32
split_gain=5.29729 4.97999 7.45846 5.60943 4.90759 3.84973 1.94456 0.918929 1.1883
threshold=3.6242520361853052 7.02563007770607e-17 2.249904835165133 1.0000000180025095e-35 2.3502401828962087 0.69314718055994551 2.249904835165133 4.9308638091439496 1.4978661367769959
decision_type=2 2 2 2 2 2 2 2 2
left_child=1 3 4 -1 -3 -5 -2 8 -8
right_child=6 2 -4 5 -6 -7 7 -9 -10
leaf_value=0.0023751451530390315 0.031928716448915977 0.00036133366841662292 -0.038444877167057717 -0.077416486304253351 0.043564062276581196 -0.024674252087190266 0.010617301895427297 0.021792740803211929 -0.0065062743103198682
leaf_weight=36 37 116 40 25 34 31 105 35 66
leaf_count=36 37 116 40 25 34 31 105 35 66
internal_value=0 -0.00932451 -7.73803e-05 -0.0284218 0.010154 -0.0482199 0.010821 0.00702985 0.0040082
internal_weight=0 282 190 92 150 56 243 206 171
internal_count=525 282 190 92 150 56 243 206 171
is_linear=0
shrinkage=0.1


Tree=25
num_leaves=10
num_cat=0
split_feature=3 54 56 68 52 13 84 5 73
split_gain=4.29081 4.68929 5.35533 9.48857 4.33476 4.26515 1.75646 0.78207 1.02892
threshold=3.6242520361853052 8.6853964318067918e-23 3.9415346756528771 2.9174053685313028 1.7076184216646697e-18 4.4307459321434584 5.9674487573602154e-16 5.0430920195175792 2.6735537653587351
decision_type=2 2 2 2 2 2 2 2 2
left_child=1 4 5 -4 -1 -3 -2 8 -8
right_child=6 2 3 -5 -6 -7 7 -9 -10
leaf_value=-0.064424045106324435 0.028891808171756569 -0.0011048863537306735 -0.07041198998423559 0.01191389641857573 -0.0061048953533172608 0.039282281417399645 0.012416865281157301 0.020052735205513962 -0.0033580816315599915
leaf_weight=26 40 143 28 28 25 32 71 33 99
leaf_count=26 40 143 28 28 25 32 71 33 99
internal_value=0 -0.00839206 -0.00233295 -0.029249 -0.0358362 0.0062802 0.00973893 0.00596496 0.00323028
internal_weight=0 282 231 56 51 175 243 203 170
internal_count=525 282 231 56 51 175 243 203 170
is_linear=0
shrinkage=0.1


Tree=26
num_leaves=9
num_cat=0
split_feature=2 83 11 40 7 6 26 19
split_gain=3.64103 3.37442 4.14153 4.22846 3.36902 1.77024 1.4729 1.35113
threshold=3.8606743063089755 4.3107766033702406 0.34657359027997359 2.8617925509761908 3.0201273556387074 3.6762205501217919 2.0126758453675753 2.740319461670996
decision_type=2 2 2 2 2 2 2 2
left_child=1 2 3 -1 -4 -2 -7 -8
right_child=5 -3 4 -5 -6 6 7 -9
leaf_value=-0.056347090244293213 0.033044762608284754 -0.031930170771148472 0.016851338825547436 -0.0054446725967399624 -0.0085649301821617892 -0.013409951676925023 0.030652341722244666 0.0060704665713700225
leaf_weight=25 30 45 109 47 100 30 28 111
leaf_count=25 30 45 109 47 100 30 28 111
internal_value=0 -0.00650654 -0.00243514 -0.0231191 0.00469044 0.010659 0.00668514 0.0110222
internal_weight=0 326 281 72 209 199 169 139
internal_count=525 326 281 72 209 199 169 139
is_linear=0
shrinkage=0.1


Tree=27
num_leaves=9
num_cat=0
split_feature=13 7 6 64 35 38 91 68
split_gain=3.30269 4.72629 3.99839 3.20753 7.10467 2.61931 1.27448 1.38958
threshold=4.8789996228937618 3.0201273556387074 3.2959746043559335e-16 2.6562953225894862e-17 6.5503158452884023e-15 6.6407383064737156e-19 2.1383330595080281 1.4978661367769959
decision_type=2 2 2 2 2 2 2 2
left_child=2 -2 -1 5 -5 -4 -3 -8
right_child=1 6 3 4 -6 -7 7 -9
leaf_value=-0.03366146811777504 0.053007084950804709 0.018697395915977466 0.043365910217165952 -0.04404729781007128 0.00063500546576962871 0.0044370244406828924 0.0085572989502300818 -0.021453613187703821
leaf_weight=42 25 39 25 42 233 56 36 27
leaf_count=42 25 39 25 42 233 56 36 27
internal_value=0 0.0140409 -0.00448038 -0.00103767 -0.0061892 0.0164521 0.00449033 -0.00430452
internal_weight=0 127 398 356 275 81 102 63
internal_count=525 127 398 356 275 81 102 63
is_linear=0
shrinkage=0.1


Tree=28
num_leaves=10
num_cat=0
split_feature=1 23 16 59 31 7 72 7 87
split_gain=2.79329 3.51468 4.92641 4.88499 6.30795 1.6175 2.07595 1.93137 0.996691
threshold=3.1567740231385479 9.1072982488782388e-18 3.9464959078472368e-17 2.9700856263602158 3.2384861814448418 3.0201273556387074 2.9174053685313033 3.3497501700808394 2.3502401828962087
decision_type=2 2 2 2 2 2 2 2 2
left_child=1 2 -1 4 -3 6 -2 -7 -9
right_child=5 3 -4 -5 -6 7 -8 8 -10
leaf_value=0.043981703951095158 0.042696729615330699 -0.0022987343439901317 -0.01422161783345721 0.017675453400419604 -0.049409917463393266 -0.022794710044507629 0.0039663868501872554 0.0099454746211267778 -0.0038412604278001265
leaf_weight=26 25 54 33 31 60 27 31 160 78
leaf_count=26 25 54 33 31 60 27 31 160 78
internal_value=0 -0.00914989 0.0114273 -0.0175227 -0.0270941 0.00581488 0.0212567 0.0025517 0.00542713
internal_weight=0 204 59 145 114 321 56 265 238
internal_count=525 204 59 145 114 321 56 265 238
is_linear=0
shrinkage=0.1


Tree=29
num_leaves=8
num_cat=0
split_feature=10 53 12 8 0 85 32
split_gain=2.66194 5.38581 5.87367 2.80608 4.96089 4.91005 2.10743
threshold=7.5894152073985326e-18 1.8688348091416849 1.8688348091416846 2.3502401828962087 2.249904835165133 3.9219243190762363 2.8617925509761908
decision_type=2 2 2 2 2 2 2
left_child=1 2 -1 5 -5 -2 -6
right_child=3 -3 -4 4 6 -7 -8
leaf_value=0.035323205172758679 0.041829307890600631 -0.048509802413173021 -0.024102999546971079 -0.042309014728436102 0.0067200652024001582 -0.010936630908038533 -0.014756036976733332
leaf_weight=29 45 32 39 26 270 29 55
leaf_count=29 45 32 39 26 270 29 55
internal_value=0 -0.0146796 0.00124053 0.00345402 -0.00027692 0.0211508 0.00308565
internal_weight=0 100 68 425 351 74 325
internal_count=525 100 68 425 351 74 325
is_linear=0
shrinkage=0.1


Tree=30
num_leaves=6
num_cat=0
split_feature=6 11 80 29 17
split_gain=2.58437 2.27579 3.43883 3.12862 3.51035
threshold=3.2959746043559335e-16 1.8973538018496331e-18 2.524928003624769 0.69314718055994573 8.7430063189231058e-16
decision_type=2 2 2 2 2
left_child=-1 2 -2 -3 -5
right_child=1 3 -4 4 -6
leaf_value=-0.022914567933314377 -0.040774564261965712 0.036999977100640534 0.0079246006938147144 -0.025290761361034905 0.005622454359072126
leaf_weight=45 29 28 29 41 353
leaf_count=45 29 28 29 41 353
internal_value=0 0.00214824 -0.016425 0.00470096 0.0024056
internal_weight=0 480 58 422 394
internal_count=525 480 58 422 394
is_linear=0
shrinkage=0.1


Tree=31
num_leaves=10
num_cat=0
split_feature=13 26 70 87 8 7 91 25 41
split_gain=2.29712 3.7344 5.52043 4.28605 3.80431 3.57889 1.01079 1.44488 0.301104
threshold=4.8789996228937618 3.795426061844291 2.9174053685313028 2.3502401828962087 3.8393944990995772 3.0201273556387074 2.4414009612931857 2.6735537653587351 2.1383330595080285
decision_type=2 2 2 2 2 2 2 2 2
left_child=1 2 3 -1 -3 -2 8 -8 -7
right_child=5 4 -4 -5 -6 6 7 -9 -10
leaf_value=0.0015259247371377841 0.045617886137217289 -0.056856108602136371 0.04429574632444061 -0.029596681964478261 -0.0022216896454875287 0.021311167247593403 0.0096775873512443579 -0.02368547214381397 0.0057907670848071574
leaf_weight=268 25 25 26 53 26 25 27 25 25
leaf_count=268 25 25 26 53 26 25 27 25 25
internal_value=0 -0.00373657 -2.3017e-05 -0.0036127 -0.0290033 0.0117099 0.00339908 -0.00636235 0.013551
internal_weight=0 398 347 321 51 127 102 52 50
internal_count=525 398 347 321 51 127 102 52 50
is_linear=0
shrinkage=0.1


Tree=32
num_leaves=9
num_cat=0
split_feature=92 46 67 7 4 87 60 59
split_gain=2.19475 4.94354 3.83381 3.39264 6.03589 2.30139 6.12819 1.86142
threshold=3.7726948748059121 4.0939474033052642e-16 2.4414009612931857 2.1383330595080285 2.3502401828962087 2.524928003624769 2.602003343538398 3.1567740231385479
decision_type=2 2 2 2 2 2 2 2
left_child=3 -2 -3 4 -1 7 -7 -5
right_child=1 2 -4 5 -6 6 -8 -9
leaf_value=-0.045783327731557869 0.047250668331980709 -0.022435642082769519 0.02315384043114526 0.0025377336245916756 0.015748388491570949 -0.047346152541241748 0.0063045141525799406 0.029028445861767976
leaf_weight=44 30 39 35 229 25 33 60 30
leaf_count=44 30 39 35 229 25 33 60 30
internal_value=0 0.0130088 -0.000873049 -0.00321357 -0.0234892 0.000760915 -0.0127328 0.00560616
internal_weight=0 104 74 421 69 352 93 259
internal_count=525 104 74 421 69 352 93 259
is_linear=0
shrinkage=0.1


Tree=33
num_leaves=6
num_cat=0
split_feature=6 64 35 1 27
split_gain=2.00294 2.08298 5.0437 2.46605 2.28519
threshold=3.2959746043559335e-16 3.2255014631443761e-18 6.5503158452884023e-15 2.4414009612931857 2.249904835165133
decision_type=2 2 2 2 2
left_child=-1 4 -3 -4 -2
right_child=1 2 3 -5 -6
leaf_value=-0.020172902568139965 0.035357592575665973 -0.031760185316918377 -0.017749254755219636 0.0064032105200201297 0.00062901420547859747
leaf_weight=45 36 47 49 308 40
leaf_count=45 36 47 49 308 40
internal_value=0 0.00189121 -0.000965974 0.00308817 0.0170794
internal_weight=0 480 404 357 76
internal_count=525 480 404 357 76
is_linear=0
shrinkage=0.1


Tree=34
num_leaves=7
num_cat=0
split_feature=92 46 5 67 59 7
split_gain=1.86119 2.93392 2.58835 2.5817 2.36091 3.44619
threshold=3.795426061844291 1.0269562977782696e-15 4.8634945045224818 2.4414009612931857 3.1132683346437333 2.524928003624769
decision_type=2 2 2 2 2 2
left_child=2 -2 4 -3 5 -1
right_child=1 3 -4 -5 -6 -7
leaf_value=-0.026265999824972824 0.042099896080791954 -0.016949663830122776 0.02112022492035133 0.021740792472572889 0.01652496244483204 -0.0025947132384618113
leaf_weight=80 25 35 41 34 44 266
leaf_count=80 25 35 41 34 44 266
internal_value=0 0.0127494 -0.00278062 0.0021152 -0.00529327 -0.00806784
internal_weight=0 94 431 69 390 346
internal_count=525 94 431 69 390 346
is_linear=0
shrinkage=0.1


Tree=35
num_leaves=11
num_cat=0
split_feature=77 59 39 85 26 89 51 4 90 39
split_gain=1.70864 2.54626 4.40995 3.67916 5.89562 2.38601 2.19951 2.26858 2.04429 0.954985
threshold=1.0986122886681102 3.1132683346437333 3.1567740231385479 3.5561831257524541e-16 1.0000000180025095e-35 1.4978661367769959 0.69314718055994573 3.2384861814448418 3.7726948748059121 0.34657359027997325
decision_type=2 2 2 2 2 2 2 2 2 2
left_child=5 3 -3 -2 -5 6 7 -1 9 -7
right_child=1 2 -4 4 -6 8 -8 -9 -10 -11
leaf_value=-0.036884744452046501 0.020265392710765204 0.04485504470765591 -0.010471447390120696 -0.058241051754781184 -0.0083818224251210206 -0.0088484185757115499 0.017038921797211514 -0.0013330840414564591 0.037781855176823836 0.013385452450499597
leaf_weight=28 33 25 34 28 155 25 32 50 30 85
leaf_count=28 33 25 34 28 155 25 32 50 30 85
internal_value=0 -0.00543937 0.012972 -0.0104684 -0.0160106 0.00598331 -0.00503801 -0.0140952 0.0146429 0.0083323
internal_weight=0 275 59 216 183 250 110 78 140 110
internal_count=525 275 59 216 183 250 110 78 140 110
is_linear=0
shrinkage=0.1


Tree=36
num_leaves=6
num_cat=0
split_feature=87 7 79 1 86
split_gain=1.54443 2.81237 2.57958 2.04633 2.29243
threshold=2.9174053685313028 4.2268071048866842 3.0201273556387074 3.2959746043559335e-16 2.8617925509761908
decision_type=2 2 2 2 2
left_child=2 -2 3 -1 -5
right_child=1 -3 -4 4 -6
leaf_value=-0.022353660778419392 -0.038309946925645433 0.0042100403750581408 0.03199563772521085 0.0046258214321688532 -0.021833805602768232
leaf_weight=37 28 35 27 362 36
leaf_count=37 28 35 27 362 36
internal_value=0 -0.0146877 0.00200287 0.000141253 0.00223249
internal_weight=0 63 462 435 398
internal_count=525 63 462 435 398
is_linear=0
shrinkage=0.1


Tree=37
num_leaves=9
num_cat=0
split_feature=14 25 9 2 31 89 2 84
split_gain=1.42949 2.94526 2.27381 3.0035 2.8742 5.34758 3.40311 2.2568
threshold=2.9174053685313028 3.0677824455408698 3.7494348669884658 2.524928003624769 3.1984648276080736 1.0986122886681104 1.700598690831078 0.69314718055994551
decision_type=2 2 2 2 2 2 2 2
left_child=2 -2 4 -4 6 -6 -1 -5
right_child=1 -3 3 7 5 -7 -8 -9
leaf_value=-0.023298921842466704 -0.029352019383675522 0.0084576406411973667 0.041562967968207826 0.030644563859296516 -0.056822128854691983 -0.0039905714589489128 0.013027965654796622 -0.00025076040565181757
leaf_weight=33 45 38 27 29 25 82 118 128
leaf_count=33 45 38 27 29 25 82 118 128
internal_value=0 -0.0120416 0.0022612 0.0107543 -0.00379591 -0.0163344 0.00508898 0.00545602
internal_weight=0 83 442 184 258 107 151 157
internal_count=525 83 442 184 258 107 151 157
is_linear=0
shrinkage=0.1


Tree=38
num_leaves=9
num_cat=0
split_feature=87 67 42 19 86 36 0 14
split_gain=1.22963 2.25165 2.18283 4.91205 4.49616 2.95501 2.14022 2.047
threshold=2.9174053685313028 5.0005792898547883 2.1383330595080281 3.2769667020129059 2.8029010331479989 4.9662804000109189 3.2384861814448418 2.1383330595080285
decision_type=2 2 2 2 2 2 2 2
left_child=2 -2 4 6 7 -5 -4 -1
right_child=1 -3 3 5 -6 -7 -8 -9
leaf_value=0.0061598175036015473 -0.036413461789488795 0.0022284865685689606 0.055997123470943835 -0.031750528732314702 -0.038512752850299647 0.012517260126524458 0.015392216918990016 -0.012200833806518194
leaf_weight=234 25 38 27 25 31 38 25 82
leaf_count=234 25 38 27 25 31 38 25 82
internal_value=0 -0.0131056 0.00178713 0.0137271 -0.00216993 -0.00504932 0.0364755 0.00139534
internal_weight=0 63 462 115 347 63 52 316
internal_count=525 63 462 115 347 63 52 316
is_linear=0
shrinkage=0.1


Tree=39
num_leaves=7
num_cat=0
split_feature=80 2 59 76 59 15
split_gain=1.19425 2.36159 2.30411 2.68755 2.51599 2.43841
threshold=5.0845003501084243 4.0342014792848504 2.9700856263602158 4.166635176627655 2.6735537653587351 2.0126758453675753
decision_type=2 2 2 2 2 2
left_child=2 -2 4 -4 5 -1
right_child=1 -3 3 -5 -6 -7
leaf_value=-0.0029246929175622237 -0.036609183687716727 0.0053309577260294873 -0.0017240191251039504 0.044196527457321423 -0.027773052109114363 0.015930825454350352
leaf_weight=299 25 29 25 26 32 89
leaf_count=299 25 29 25 26 32 89
internal_value=0 -0.0140858 0.00161493 0.0216865 -0.000822327 0.00140041
internal_weight=0 54 471 51 420 388
internal_count=525 54 471 51 420 388
is_linear=0
shrinkage=0.1


Tree=40
num_leaves=7
num_cat=0
split_feature=92 29 50 5 80 79
split_gain=1.15517 2.39453 2.26067 1.72955 1.65735 2.63863
threshold=3.795426061844291 3.7494348669884658 2.2768245622195597e-18 4.8634945045224818 5.0845003501084243 3.0201273556387074
decision_type=2 2 2 2 2 2
left_child=3 2 -2 4 5 -1
right_child=1 -3 -4 -5 -6 -7
leaf_value=-0.0047928058274627821 0.0057409253333591754 -0.011655489695399548 0.044884663123637439 0.017346871535225614 -0.024686634005047382 0.026206917051846787
leaf_weight=324 36 33 25 41 36 30
leaf_count=324 36 33 25 41 36 30
internal_value=0 0.0100442 0.0217834 -0.00219062 -0.00424457 -0.00216571
internal_weight=0 94 61 431 390 354
internal_count=525 94 61 431 390 354
is_linear=0
shrinkage=0.1


Tree=41
num_leaves=8
num_cat=0
split_feature=25 26 88 87 50 89 62
split_gain=1.08339 2.61715 2.39332 2.84756 2.5702 2.13411 1.03772
threshold=2.8029010331479989 4.8559213341406453 3.1132683346437333 2.4414009612931857 1.8688348091416844 0.69314718055994573 5.0845003501084243
decision_type=2 2 2 2 2 2 2
left_child=2 -2 3 5 -5 -1 -3
right_child=1 6 -4 4 -6 -7 -8
leaf_value=-0.0065883419156088537 -0.031333542060206776 0.018717522665858268 0.028354597173165533 0.00048623195335525889 -0.041615459519831852 0.0095275174712675607 -0.009556679034398663
leaf_weight=133 35 25 32 29 29 215 27
leaf_count=133 35 25 32 29 29 215 27
internal_value=0 -0.0101927 0.00202458 -5.06917e-05 -0.0205646 0.0033683 0.00403669
internal_weight=0 87 438 406 58 348 52
internal_count=525 87 438 406 58 348 52
is_linear=0
shrinkage=0.1


Tree=42
num_leaves=10
num_cat=0
split_feature=52 74 10 6 31 12 2 88 64
split_gain=1.09369 2.82348 2.28478 2.14107 2.09682 1.87389 1.73155 1.63651 1.05515
threshold=1.3281476612947431e-18 2.6735537653587347 1.7005986908310782 0.89587973461402737 3.5694334999727624 0.89587973461402759 2.524928003624769 8.3266726846886741e-17 3.2255014631443761e-18
decision_type=2 2 2 2 2 2 2 2 2
left_child=3 2 7 -1 8 -3 -7 -2 -5
right_child=1 5 -4 4 -6 6 -8 -9 -10
leaf_value=-0.034059950351715093 -0.010254564255475999 -0.02194297860066096 0.044862161479890347 0.021350673618244716 -0.025687117821403913 0.019655107291923327 -0.0020357028713656796 0.025928439348936086 -0.0018807967092531422
leaf_weight=25 25 39 25 29 28 44 225 25 60
leaf_count=25 25 39 25 29 28 44 225 25 60
internal_value=0 0.00277915 0.0201787 -0.00749589 -0.00181981 -0.00145774 0.00151224 0.00783694 0.00568901
internal_weight=0 383 75 142 117 308 269 50 89
internal_count=525 383 75 142 117 308 269 50 89
is_linear=0
shrinkage=0.1


Tree=43
num_leaves=12
num_cat=0
split_feature=83 58 75 2 15 92 11 14 86 26 74
split_gain=0.945047 3.09072 2.69119 4.24338 1.98579 2.67095 2.28546 5.62146 2.00566 1.9062 0.617484
threshold=3.6242520361853052 4.8282817362782584 2.2499048351651334 3.0201273556387074 2.0126758453675753 3.4175922930736511 3.1984648276080736 1.4978661367769959 1.2229038175983963e-20 4.2045812236012674 4.886575525404063
decision_type=2 2 2 2 2 2 2 2 2 2 2
left_child=4 2 -2 -4 6 -6 7 -1 -8 -3 -11
right_child=1 9 3 -5 5 -7 8 -9 -10 10 -12
leaf_value=0.0027491597271799835 0.0041350301471538842 0.023610831426086429 -0.059987488242664512 -0.0058584466762840754 0.043038618937134746 -0.002322347141802311 -0.0037071364443385748 -0.03969190345611423 0.02599897357069102 0.0054152139595576698 -0.013369041058634011
leaf_weight=142 32 39 28 30 27 25 41 40 51 35 35
leaf_count=142 32 39 28 30 27 25 41 40 51 35 35
internal_value=0 -0.00543037 -0.0191454 -0.0319897 0.00331486 0.0212305 -8.51839e-05 -0.00657855 0.0127604 0.00589393 -0.00397691
internal_weight=0 199 90 58 326 52 274 182 92 109 70
internal_count=525 199 90 58 326 52 274 182 92 109 70
is_linear=0
shrinkage=0.1


Tree=44
num_leaves=8
num_cat=0
split_feature=31 58 3 35 33 36 0
split_gain=1.00501 2.917 2.96496 2.74428 2.11646 3.48482 1.98208
threshold=3.1984648276080736 3.1984648276080736 1.700598690831078 1.0986122886681104 1.4978661367769959 5.464378949326943e-17 2.9174053685313028
decision_type=2 2 2 2 2 2 2
left_child=4 -2 -3 -4 5 -1 -7
right_child=1 2 3 -5 -6 6 -8
leaf_value=-0.027760641051061227 -0.028602304693777114 0.028916326914622915 -0.029397146868120345 0.00064230870058085642 0.029307732772031161 0.033980384767055512 0.0023687324190177607
leaf_weight=33 40 32 35 232 32 25 96
leaf_count=33 40 32 35 232 32 25 96
internal_value=0 -0.00324087 0.000151966 -0.00329545 0.00590674 0.0010442 0.00890007
internal_weight=0 339 299 267 186 154 121
internal_count=525 339 299 267 186 154 121
is_linear=0
shrinkage=0.1


Tree=45
num_leaves=9
num_cat=0
split_feature=14 25 9 31 10 84 2 84
split_gain=0.976703 1.97353 1.43674 2.24666 3.77012 2.00175 1.82789 1.61792
threshold=2.9174053685313028 3.0677824455408698 3.7494348669884658 3.1984648276080736 1.8388068845354158e-16 2.3502401828962087 2.524928003624769 0.69314718055994551
decision_type=2 2 2 2 2 2 2 2
left_child=2 -2 3 5 -5 -1 -4 -8
right_child=1 -3 6 4 -6 -7 7 -9
leaf_value=-0.00082344013816592362 -0.024123399023794467 0.0068267486701523404 0.032654721586516611 -0.048026802375912669 -0.003666691405971239 0.028032800629734997 0.025814182789402146 -0.00034501005793572407
leaf_weight=121 45 38 27 25 82 30 29 128
leaf_count=121 45 38 27 25 82 30 29 128
internal_value=0 -0.00995345 0.00186909 -0.0029457 -0.0140312 0.00490959 0.00862026 0.00448694
internal_weight=0 83 442 258 107 151 184 157
internal_count=525 83 442 258 107 151 184 157
is_linear=0
shrinkage=0.1


Tree=46
num_leaves=9
num_cat=0
split_feature=25 12 42 5 83 2 5 34
split_gain=0.924106 2.38515 1.85959 2.87742 2.3503 2.16165 1.40515 0.289812
threshold=2.8029010331479989 3.4175922930736511 2.1383330595080281 3.3140206880897671 3.8606743063089755 1.0000000180025095e-35 4.0689902272260703 3.3497501700808394
decision_type=2 2 2 2 2 2 2 2
left_child=2 -2 4 -4 5 -1 -5 -3
right_child=1 7 3 6 -6 -7 -8 -9
leaf_value=-0.024476241654363171 -0.030086329316391665 0.011673864841461183 0.041844572989201106 -0.00881244621006772 -0.024043908951486032 0.0042442987923791142 0.020098102640296364 -0.0031392863851838881
leaf_weight=29 34 25 27 40 41 272 29 28
leaf_count=29 34 25 27 40 41 272 29 28
internal_value=0 -0.00941366 0.00186984 0.0141682 -0.00158235 0.0014772 0.00333836 0.00384805
internal_weight=0 87 438 96 342 301 69 53
internal_count=525 87 438 96 342 301 69 53
is_linear=0
shrinkage=0.1


Tree=47
num_leaves=5
num_cat=0
split_feature=5 87 79 73
split_gain=0.857677 1.52522 1.69647 1.7241
threshold=5.0430920195175792 2.9174053685313028 3.0201273556387074 2.1383330595080285
decision_type=2 2 2 2
left_child=1 2 3 -1
right_child=-2 -3 -4 -5
leaf_value=0.0046737793655759457 0.015123288711266858 -0.018208820945484209 0.026041035633534194 -0.0083443130053845911
leaf_weight=243 35 47 25 175
leaf_count=243 35 47 25 175
internal_value=0 -0.00108023 0.000737019 -0.000776379
internal_weight=0 490 443 418
internal_count=525 490 443 418
is_linear=0
shrinkage=0.1


Tree=48
num_leaves=9
num_cat=0
split_feature=52 74 32 16 65 12 2 23
split_gain=0.884198 1.95531 1.67819 1.55102 1.66044 1.38254 1.43402 1.34209
threshold=1.3281476612947431e-18 2.6735537653587347 0.89587973461402759 1.1858461261560207e-19 1.700598690831078 0.89587973461402759 2.524928003624769 9.1072982488782388e-18
decision_type=2 2 2 2 2 2 2 2
left_child=3 2 -2 7 -5 -3 -7 -1
right_child=1 5 -4 4 -6 6 -8 -9
leaf_value=0.014993386799412804 0.00055193631800220296 -0.018622755058682883 0.03060019363353892 -0.037981143708412463 -0.004410419273464119 0.018034774405797097 -0.0017046998349380578 -0.010593263664078423
leaf_weight=41 34 39 41 26 34 44 225 41
leaf_count=41 34 39 41 26 34 44 225 41
internal_value=0 0.00249885 0.0169783 -0.00673985 -0.0189577 -0.001027 0.00152406 0.00220006
internal_weight=0 383 75 142 60 308 269 82
internal_count=525 383 75 142 60 308 269 82
is_linear=0
shrinkage=0.1


Tree=49
num_leaves=8
num_cat=0
split_feature=25 12 13 79 31 61 30
split_gain=0.756025 1.93055 1.70358 1.73866 1.91689 1.0669 0.289428
threshold=2.8029010331479989 3.4175922930736511 4.9343704081031481 2.9174053685313028 3.2384861814448418 1.4978661367769959 3.8499212036984933
decision_type=2 2 2 2 2 2 2
left_child=2 -2 3 4 -1 -4 -3
right_child=1 6 5 -5 -6 -7 -8
leaf_value=0.0038417921994220124 -0.027113205858725398 0.010399222099554859 0.032376472107492962 0.021401338305440734 -0.011197406740262053 0.006087495104791168 -0.0044040890112519264
leaf_weight=187 34 28 26 32 155 38 25
leaf_count=187 34 28 26 32 155 38 25
internal_value=0 -0.00851463 0.00169126 -0.00088861 -0.00297422 0.0167674 0.00341653
internal_weight=0 87 438 374 342 64 53
internal_count=525 87 438 374 342 64 53
is_linear=0
shrinkage=0.1


Tree=50
num_leaves=10
num_cat=0
split_feature=52 65 24 12 2 63 13 54 0
split_gain=0.762829 1.60426 2.41371 2.27683 1.71278 1.57905 1.41349 1.44218 0.789333
threshold=1.3281476612947431e-18 3.1984648276080736 1.7005986908310782 1.8688348091416846 2.524928003624769 2.6735537653587347 3.8815106545092593 3.794707603699266e-19 2.9700856263602158
decision_type=2 2 2 2 2 2 2 2 2
left_child=6 2 5 -3 -5 -2 7 -1 -9
right_child=1 3 -4 4 -6 -7 -8 8 -10
leaf_value=-0.019717324823141098 -0.014475088899560047 -0.024039587678342331 0.03501472894276958 0.024294455752483218 -0.0019445843598971677 0.011884154393401458 -0.025139360826823023 0.019909808205233682 -0.0010310263873112423
leaf_weight=30 33 41 32 29 175 73 31 27 54
leaf_count=30 33 41 32 29 175 73 31 27 54
internal_value=0 0.00232102 0.0109445 -0.00253627 0.00178548 0.00367797 -0.00626022 -0.000987661 0.00594925
internal_weight=0 383 138 245 204 106 142 111 81
internal_count=525 383 138 245 204 106 142 111 81
is_linear=0
shrinkage=0.1


Tree=51
num_leaves=5
num_cat=0
split_feature=5 80 59 39
split_gain=0.768073 1.29578 1.59383 1.65999
threshold=5.0430920195175792 5.0845003501084243 3.1132683346437333 3.0201273556387074
decision_type=2 2 2 2
left_child=1 2 3 -1
right_child=-2 -3 -4 -5
leaf_value=-0.0038739062879294553 0.014311512490468368 -0.019015762785046894 0.02094610550440848 0.013976247307270019
leaf_weight=357 35 37 35 61
leaf_count=357 35 37 35 61
internal_value=0 -0.00102225 0.000447418 -0.00126898
internal_weight=0 490 453 418
internal_count=525 490 453 418
is_linear=0
shrinkage=0.1


Tree=52
num_leaves=7
num_cat=0
split_feature=64 2 60 10 18 0
split_gain=0.804031 2.182 2.06544 4.41931 1.14594 1.64319
threshold=2.6562953225894862e-17 1.386294361119891 1.2424533248940006 7.02563007770607e-17 4.1286418728248009e-16 2.602003343538398
decision_type=2 2 2 2 2 2
left_child=2 -2 3 -1 -3 -6
right_child=1 4 -4 -5 5 -7
leaf_value=-0.029385163949336858 -0.025479202084372651 0.017794067319482566 0.026441771488048528 0.022770546726656682 -0.021070974815244739 0.00094605074269670387
leaf_weight=32 36 34 38 33 38 314
leaf_count=32 36 34 38 33 38 314
internal_value=0 -0.00193339 0.00792126 -0.00290611 0.000262594 -0.00143079
internal_weight=0 422 103 65 386 352
internal_count=525 422 103 65 386 352
is_linear=0
shrinkage=0.1


Tree=53
num_leaves=8
num_cat=0
split_feature=25 25 55 32 41 90 27
split_gain=0.695353 1.68893 1.6704 1.49289 1.59825 1.91708 1.24318
threshold=2.8029010331479989 3.1132683346437333 4.1971736807086968 2.8029010331479989 2.3502401828962087 2.9700856263602158 0.69314718055994551
decision_type=2 2 2 2 2 2 2
left_child=3 -2 -3 4 6 -6 -1
right_child=1 2 -4 -5 5 -7 -8
leaf_value=0.016131139262156053 -0.02689245194497128 0.01886545389505296 -0.015698493196180576 0.019788844556343266 0.0052940147221088411 -0.03141786777273272 -0.00029467911049387501
leaf_weight=55 31 29 27 41 25 33 284
leaf_count=55 31 29 27 41 25 33 284
internal_value=0 -0.00816583 0.00220069 0.00162198 -0.000254195 -0.0155938 0.00237028
internal_weight=0 87 56 438 397 58 339
internal_count=525 87 56 438 397 58 339
is_linear=0
shrinkage=0.1


Tree=54
num_leaves=6
num_cat=0
split_feature=6 8 49 49 42
split_gain=0.698261 1.59997 1.02106 3.1726 0.982868
threshold=3.2959746043559335e-16 1.3877787807814447e-15 4.8282817362782584 4.3757372435704527 2.8029010331479989
decision_type=2 2 2 2 2
left_child=-1 -2 3 -3 -4
right_child=1 2 4 -5 -6
leaf_value=-0.011910874835318989 0.024765091251443935 0.0016677614662176682 0.014403732609632729 -0.023032748011442332 -0.0034949972727975134
leaf_weight=45 27 260 77 65 51
leaf_count=45 27 260 77 65 51
internal_value=0 0.00111664 -0.000292866 -0.00327234 0.00727221
internal_weight=0 480 453 325 128
internal_count=525 480 453 325 128
is_linear=0
shrinkage=0.1


Tree=55
num_leaves=6
num_cat=0
split_feature=5 87 51 73 31
split_gain=0.66757 1.09494 1.11753 1.60949 1.5318
threshold=5.0430920195175792 2.9174053685313028 2.524928003624769 2.1383330595080285 4.9870196042435371
decision_type=2 2 2 2 2
left_child=1 2 3 -1 -4
right_child=-2 -3 4 -5 -6
leaf_value=0.0038112192812169198 0.013342361098953657 -0.015465778700037961 0.030909641682929187 -0.0094040139587596074 -0.0027752120841156554
leaf_weight=239 35 47 27 150 27
leaf_count=239 35 47 27 150 27
internal_value=0 -0.000953026 0.000586702 -0.00128463 0.0140672
internal_weight=0 490 443 389 54
internal_count=525 490 443 389 54
is_linear=0
shrinkage=0.1


Tree=56
num_leaves=11
num_cat=0
split_feature=52 24 51 9 65 21 24 1 63 7
split_gain=0.706022 1.30561 1.58059 1.33069 1.2877 2.37206 2.288 2.0437 1.67252 1.00184
threshold=1.3281476612947431e-18 1.8041124150158796e-16 1.2424533248940006 1.7005986908310777 3.4175922930736511 2.0126758453675753 1.7005986908310782 2.6735537653587351 2.6735537653587347 3.4498615536424366
decision_type=2 2 2 2 2 2 2 2 2 2
left_child=1 3 -3 -1 6 -6 8 -7 -2 -5
right_child=4 2 -4 9 5 7 -8 -9 -10 -11
leaf_value=-0.015609479447205863 -0.015904647143823763 -0.03601768916257872 -0.0017770973932264107 0.024415298220184116 -0.024754171002423393 0.026480927299065839 0.031255311782782277 -0.0024724826136043945 0.0098576840789367758 -0.0019329151318919276
leaf_weight=30 35 26 28 27 40 29 36 153 90 31
leaf_count=30 35 26 28 27 40 29 36 153 90 31
internal_value=0 -0.00602261 -0.0182633 0.00148873 0.00223293 -0.002705 0.00904174 0.00214097 0.00264423 0.0103326
internal_weight=0 142 54 88 383 222 161 182 125 58
internal_count=525 142 54 88 383 222 161 182 125 58
is_linear=0
shrinkage=0.1


Tree=57
num_leaves=8
num_cat=0
split_feature=35 64 60 8 2 6 31
split_gain=0.646668 3.04792 2.15741 2.11989 1.76116 1.5944 1.16052
threshold=1.4978661367769959 2.0126758453675753 0.69314718055994573 1.700598690831078 1.386294361119891 2.602003343538398 2.6020033435383985
decision_type=2 2 2 2 2 2 2
left_child=1 2 5 -2 -5 -1 -6
right_child=3 -3 -4 4 6 -7 -8
leaf_value=-0.027374344212668284 0.024747995100915434 -0.032353946425472249 0.018865112845285581 -0.025182990514888218 0.020269941373337663 0.0013760977484766515 -0.00019942589390736364
leaf_weight=28 38 33 47 26 31 62 260
leaf_count=28 38 33 47 26 31 62 260
internal_value=0 -0.00507167 0.00149998 0.00242869 -0.000246815 -0.00756848 0.00198116
internal_weight=0 170 137 355 317 90 291
internal_count=525 170 137 355 317 90 291
is_linear=0
shrinkage=0.1


Tree=58
num_leaves=7
num_cat=0
split_feature=14 41 1 41 28 36
split_gain=0.611171 1.85551 1.78643 1.59677 1.20489 1.07445
threshold=2.8029010331479989 2.740319461670996 2.524928003624769 2.3502401828962087 3.3140206880897671 1.8688348091416842
decision_type=2 2 2 2 2 2
left_child=1 3 -2 5 -4 -1
right_child=2 -3 4 -5 -6 -7
leaf_value=0.011422828816604324 -0.030197493264451626 0.020833224888063141 0.018566938054747881 -0.020992586484977177 -0.0086050163696896522 -0.0016700258676340821
leaf_weight=82 25 45 25 35 47 266
leaf_count=82 25 45 25 35 47 266
internal_value=0 0.0016243 -0.00716701 -0.000632625 0.00082969 0.00141507
internal_weight=0 428 97 383 72 348
internal_count=525 428 97 383 72 348
is_linear=0
shrinkage=0.1


Tree=59
num_leaves=8
num_cat=0
split_feature=52 37 10 27 54 54 50
split_gain=0.63135 1.56777 2.38566 1.37456 1.29689 1.46233 1.24113
threshold=1.1858461261560207e-19 1.0000000180025095e-35 4.0939474033052642e-16 1.8688348091416842 3.794707603699266e-19 1.7005986908310777 1.2490009027033003e-15
decision_type=2 2 2 2 2 2 2
left_child=4 -2 -3 -4 -1 -6 -7
right_child=1 2 3 -5 5 6 -8
leaf_value=-0.023808010129798805 0.019196851670424991 -0.02939847983563176 0.024618211619555949 0.00017331096185241931 0.016562923595911879 -0.019184897450560873 0.0071928004745859661
leaf_weight=31 47 26 25 288 34 44 30
leaf_count=31 47 26 25 288 34 44 30
internal_value=0 0.00208099 -0.000292011 0.00212578 -0.00577885 -0.000603815 -0.00849124
internal_weight=0 386 339 313 139 108 74
internal_count=525 386 339 313 139 108 74
is_linear=0
shrinkage=0.1


Tree=60
num_leaves=5
num_cat=0
split_feature=5 61 88 87
split_gain=0.603599 0.985484 1.20228 1.37793
threshold=5.0430920195175792 3.2769667020129059 3.1132683346437333 2.524928003624769
decision_type=2 2 2 2
left_child=1 2 3 -1
right_child=-2 -3 -4 -5
leaf_value=0.00086833710295402199 0.012686989240880523 -0.020247403108514847 0.019849739210872814 -0.016623760577218205
leaf_weight=385 35 25 29 51
leaf_count=385 35 25 29 51
internal_value=0 -0.000906214 0.000133635 -0.00117776
internal_weight=0 490 465 436
internal_count=525 490 465 436
is_linear=0
shrinkage=0.1


Tree=61
num_leaves=12
num_cat=0
split_feature=89 74 11 60 2 0 20 14 68 1 4
split_gain=0.601814 1.86527 1.69684 1.57019 2.90595 2.80583 1.95669 1.53655 2.45126 1.42037 0.510597
threshold=1.4978661367769959 2.6735537653587347 1.8973538018496331e-18 1.162264728904461e-16 3.0677824455408698 2.524928003624769 3.2769667020129059 2.8029010331479989 2.9174053685313028 2.6735537653587351 3.9219243190762367
decision_type=2 2 2 2 2 2 2 2 2 2 2
left_child=3 2 -2 4 -1 -5 -7 9 -9 -3 -6
right_child=1 7 -4 5 10 6 -8 8 -10 -11 -12
leaf_value=-0.042927670985460284 -0.0014541730038555606 0.024297219404467829 0.027374691660610996 0.030822634464129806 0.0044268925889180263 -0.027839534550618668 0.010956698143854738 -0.028257536758041091 0.0084843755948046853 -0.00041326412992064092 -0.013664694266537061
leaf_weight=25 35 27 49 28 39 26 26 46 30 168 26
leaf_count=25 35 27 49 28 39 26 26 46 30 168 26
internal_value=0 0.00234294 0.0153627 -0.00489262 -0.0139536 0.005301 -0.00844142 -0.00169269 -0.0137542 0.00300819 -0.00280974
internal_weight=0 355 84 170 90 80 52 271 76 195 65
internal_count=525 355 84 170 90 80 52 271 76 195 65
is_linear=0
shrinkage=0.1


Tree=62
num_leaves=7
num_cat=0
split_feature=90 25 12 43 48 90
split_gain=0.62369 0.985835 2.42761 1.14952 1.14289 1.01329
threshold=1.7005986908310777 2.8029010331479989 3.4175922930736511 2.0126758453675753 3.3497501700808394 3.4811217321331038
decision_type=2 2 2 2 2 2
left_child=-1 3 -3 5 -5 -2
right_child=1 2 -4 4 -6 -7
leaf_value=0.012001776474062354 -0.0072810704093543609 -0.036168924575814831 0.002711603228956284 0.027893083031963684 0.00048407291178591554 0.0034504267809430059
leaf_weight=40 159 26 42 29 32 197
leaf_count=40 159 26 42 29 32 197
internal_value=0 -0.000989837 -0.0121545 0.000830776 0.0135146 -0.00134257
internal_weight=0 485 68 417 61 356
internal_count=525 485 68 417 61 356
is_linear=0
shrinkage=0.1


Tree=63
num_leaves=9
num_cat=0
split_feature=58 62 90 1 83 44 38 77
split_gain=0.634941 1.54144 1.94214 3.26459 2.80936 1.03511 0.671806 0.467728
threshold=4.9663289649179552 4.3372693810700085 2.9174053685313028 3.0677824455408698 3.8606743063089755 4.8559213341406453 3.6762205501217919 1.8688348091416844
decision_type=2 2 2 2 2 2 2 2
left_child=1 2 3 -1 -4 6 -2 -7
right_child=5 -3 4 -5 -6 7 -8 -9
leaf_value=0.04300088083658081 0.0024453537948429587 -0.024927003431582342 -0.00058091564226295743 -0.0032368824125041033 -0.034870216343551877 0.0057787235565483572 0.023552550990624647 -0.013378167781943028
leaf_weight=26 25 27 295 37 26 25 38 26
leaf_count=26 25 27 295 37 26 25 38 26
internal_value=0 -0.00183155 -0.00020765 0.0158454 -0.00335824 0.00660321 0.0151767 -0.00398753
internal_weight=0 411 384 63 321 114 63 51
internal_count=525 411 384 63 321 114 63 51
is_linear=0
shrinkage=0.1


Tree=64
num_leaves=8
num_cat=0
split_feature=54 16 5 85 87 1 53
split_gain=0.608386 3.24383 1.18908 1.86811 1.95611 1.18128 0.985526
threshold=8.6853964318067918e-23 1.0000000180025095e-35 2.8029010331479993 4.3757372435704527 5.3559587320783925e-17 2.4414009612931857 3.6429192995512961e-17
decision_type=2 2 2 2 2 2 2
left_child=1 -1 3 4 -2 -4 -7
right_child=2 -3 5 -5 -6 6 -8
leaf_value=0.015834054479311254 0.021702806087859877 -0.029106163303367794 -0.021329970737653123 0.032053062024301499 -0.0094249144930822343 -0.01715360493088762 0.0018918254724162075
leaf_weight=29 33 36 28 29 52 30 288
leaf_count=29 33 36 28 29 52 30 288
internal_value=0 -0.00905591 0.00127964 0.0101372 0.00265997 -0.00163873 9.50868e-05
internal_weight=0 65 460 114 85 346 318
internal_count=525 65 460 114 85 346 318
is_linear=0
shrinkage=0.1


Tree=65
num_leaves=8
num_cat=0
split_feature=5 11 32 92 0 34 65
split_gain=0.528224 2.37654 1.48156 1.55549 0.507214 0.786363 0.812054
threshold=4.1587609981435856 4.7140145363037149 2.8029010331479989 3.795426061844291 3.9219243190762367 1.2424533248940006 4.886575525404063
decision_type=2 2 2 2 2 2 2
left_child=1 2 3 -1 -2 -6 -7
right_child=4 -3 -4 -5 5 6 -8
leaf_value=-0.0057497724331312845 0.017729144412334318 -0.031660142609849576 0.017202207968544422 0.011167531425430291 -0.011298867849012217 0.01833595048661369 -0.0027601320749252208
leaf_weight=256 27 25 45 69 30 37 36
leaf_count=256 27 25 45 69 30 37 36
internal_value=0 -0.00181971 0.000196533 -0.0021581 0.00552913 0.00233106 0.0079324
internal_weight=0 395 370 325 130 103 73
internal_count=525 395 370 325 130 103 73
is_linear=0
shrinkage=0.1


Tree=66
num_leaves=5
num_cat=0
split_feature=6 8 4 56
split_gain=0.549146 0.905234 0.768154 1.3326
threshold=3.2959746043559335e-16 1.3877787807814447e-15 0.89587973461402737 1.8973538018496331e-18
decision_type=2 2 2 2
left_child=-1 -2 -3 -4
right_child=1 2 3 -5
leaf_value=-0.010562790946827995 0.018778260769667449 -0.017108276903629302 0.019338100077584387 -0.00076569413127168561
leaf_weight=45 27 25 36 392
leaf_count=45 27 25 36 392
internal_value=0 0.000990262 -6.99502e-05 0.000925279
internal_weight=0 480 453 428
internal_count=525 480 453 428
is_linear=0
shrinkage=0.1


Tree=67
num_leaves=8
num_cat=0
split_feature=52 13 62 37 44 81 42
split_gain=0.519663 1.24629 1.36602 1.20057 1.88954 1.15046 0.626971
threshold=1.1858461261560207e-19 3.1984648276080736 1.8688348091416849 1.0000000180025095e-35 6.5503158452884023e-15 3.0677824455408698 8.0637536578609402e-19
decision_type=2 2 2 2 2 2 2
left_child=1 2 6 -2 -5 -6 -1
right_child=3 -3 -4 4 5 -7 -8
leaf_value=0.0010188003443181515 0.016865891507489884 -0.018706561477206972 -0.018038689158856869 -0.023313111717288851 0.015042070111488566 -0.00070127694974653427 0.020740728682398592
leaf_weight=40 47 46 26 32 57 250 27
leaf_count=40 47 46 26 32 57 250 27
internal_value=0 -0.00524285 0.00141662 0.00188797 -0.000188616 0.00222175 0.00896644
internal_weight=0 139 93 386 339 307 67
internal_count=525 139 93 386 339 307 67
is_linear=0
shrinkage=0.1


Tree=68
num_leaves=8
num_cat=0
split_feature=54 16 5 2 27 15 2
split_gain=0.563567 2.75769 0.912524 1.54124 1.47566 1.28605 0.534414
threshold=8.6853964318067918e-23 9.1072982488782388e-18 2.8617925509761908 2.740319461670996 0.69314718055994551 1.8041124150158796e-16 5.2310943182715759
decision_type=2 2 2 2 2 2 2
left_child=1 -1 4 -4 -2 -6 -5
right_child=2 -3 3 6 5 -7 -8
leaf_value=0.010353701689413616 0.027889039274305107 -0.030963895930132518 -0.022706294191941138 -0.00058017132612543979 0.015626286379084354 -0.0080589114880869877 0.014407496412213033
leaf_weight=35 30 30 31 280 41 52 26
leaf_count=35 30 30 31 280 41 52 26
internal_value=0 -0.00871596 0.0012316 -0.00145919 0.00860395 0.00238295 0.000693291
internal_weight=0 65 460 337 123 93 306
internal_count=525 65 460 337 123 93 306
is_linear=0
shrinkage=0.1


Tree=69
num_leaves=11
num_cat=0
split_feature=65 36 65 56 12 55 1 24 45 33
split_gain=0.513004 2.44293 2.06692 1.17908 1.15363 2.35675 1.2079 1.13431 0.789599 0.68564
threshold=1.700598690831078 2.8029010331479989 1.0000000180025095e-35 2.9700856263602162 1.8688348091416846 2.4414009612931857 2.6735537653587351 1.2424533248940006 3.2384861814448418 1.9732479539236184e-17
decision_type=2 2 2 2 2 2 2 2 2 2
left_child=1 2 9 7 5 -5 -6 8 -2 -1
right_child=3 -3 -4 4 6 -7 -8 -9 -10 -11
leaf_value=0.0040467574745416644 -0.002018484468303191 -0.032872331242721813 -0.013615065379797118 0.0032065015270685161 0.018242640019609378 -0.031677381179350261 -0.0011409805831881087 0.029518997527658943 0.019607547853142025 0.027467086240649224
leaf_weight=25 52 26 46 45 39 34 183 25 25 25
leaf_count=25 52 26 46 45 39 34 183 25 25 25
internal_value=0 -0.00568137 0.00168284 0.00171992 -0.00142882 -0.0118068 0.00226425 0.0110118 0.00500295 0.0157569
internal_weight=0 122 96 403 301 79 222 102 77 50
internal_count=525 122 96 403 301 79 222 102 77 50
is_linear=0
shrinkage=0.1


Tree=70
num_leaves=7
num_cat=0
split_feature=6 64 17 38 74 1
split_gain=0.4958 0.69707 1.917 1.6891 0.805053 0.764131
threshold=3.2959746043559335e-16 3.2255014631443761e-18 1.0928757898653886e-16 4.250072516143178e-17 1.4978661367769959 2.4414009612931857
decision_type=2 2 2 2 2 2
left_child=-1 3 -3 -2 -5 -4
right_child=1 2 5 4 -6 -7
leaf_value=-0.010036632079217169 0.030400918151896734 -0.02120853724730451 -0.010011286706644662 -0.013712215355597438 0.011665775675326586 0.0034155688816354321
leaf_weight=45 26 41 49 25 25 314
leaf_count=45 26 41 49 25 25 314
internal_value=0 0.000940934 -0.000711917 0.00972714 -0.00102322 0.00160313
internal_weight=0 480 404 76 50 363
internal_count=525 480 404 76 50 363
is_linear=0
shrinkage=0.1


Tree=71
num_leaves=7
num_cat=0
split_feature=54 16 27 56 24 64
split_gain=0.47887 2.08919 0.725574 1.92565 1.27421 1.02111
threshold=8.6853964318067918e-23 9.1072982488782388e-18 2.3502401828962087 1.700598690831078 3.1499037726019298e-21 2.6562953225894862e-17
decision_type=2 2 2 2 2 2
left_child=1 -1 4 -4 -2 -5
right_child=2 -3 3 5 -6 -7
leaf_value=0.008563754877873829 -0.0025028057956314161 -0.027398826138426865 -0.02644894722271366 0.019237724254871236 0.02243583120405674 -0.00035358541442648229
leaf_weight=35 42 30 27 29 40 322
leaf_count=35 42 30 27 29 40 322
internal_value=0 -0.00803436 0.00113529 -0.000714503 0.00966238 0.00126507
internal_weight=0 65 460 378 82 351
internal_count=525 65 460 378 82 351
is_linear=0
shrinkage=0.1


Tree=72
num_leaves=7
num_cat=0
split_feature=10 53 7 27 0 7
split_gain=0.467796 2.16293 2.01627 0.79174 1.64413 0.673271
threshold=7.5894152073985326e-18 1.8688348091416849 2.0126758453675753 0.69314718055994551 1.700598690831078 3.0201273556387074
decision_type=2 2 2 2 2 2
left_child=1 2 -1 -2 -5 -6
right_child=3 -3 -4 4 5 -7
leaf_value=-0.01795051510517414 0.014148811894384298 -0.027592626720434055 0.017483278151069367 -0.024807885318761692 0.010139670858159661 -0.00052471936703576744
leaf_weight=26 44 32 42 25 75 281
leaf_count=26 44 32 42 25 75 281
internal_value=0 -0.0061538 0.00393506 0.00144795 -1.88135e-05 0.00172199
internal_weight=0 100 68 425 381 356
internal_count=525 100 68 425 381 356
is_linear=0
shrinkage=0.1


Tree=73
num_leaves=7
num_cat=0
split_feature=66 83 51 41 31 47
split_gain=0.481435 1.74008 1.01355 1.02053 0.7858 0.666963
threshold=3.2769667020129059 4.3107766033702406 2.524928003624769 2.3502401828962087 5.2781016436508681 4.1190041246092024
decision_type=2 2 2 2 2 2
left_child=1 2 3 -1 5 -2
right_child=4 -3 -4 -5 -6 -7
leaf_value=0.0018771435632528263 0.003110515020132341 -0.020962923996877381 0.018675118944093842 -0.011328631555916716 -0.0053626341378372735 0.025337674430812952
leaf_weight=295 27 41 29 73 33 27
leaf_count=295 27 41 29 73 33 27
internal_value=0 -0.00134962 0.000675934 -0.00074248 0.00679465 0.0142241
internal_weight=0 438 397 368 87 54
internal_count=525 438 397 368 87 54
is_linear=0
shrinkage=0.1


Tree=74
num_leaves=6
num_cat=0
split_feature=6 0 1 5 71
split_gain=0.45588 0.697951 1.18937 1.21817 0.924359
threshold=3.2959746043559335e-16 4.218847493575587e-15 2.249904835165133 2.3502401828962087 2.1972245773362205
decision_type=2 2 2 2 2
left_child=-1 -2 4 -4 -3
right_child=1 2 3 -5 -6
leaf_value=-0.0096241009773479578 0.014293843895817795 -0.00082150944322347647 0.019486858772912199 -5.9879364724812106e-05 -0.027752282699713339
leaf_weight=45 36 25 35 358 26
leaf_count=45 36 25 35 358 26
internal_value=0 0.000902259 -0.000183545 0.00168092 -0.0145509
internal_weight=0 480 444 393 51
internal_count=525 480 444 393 51
is_linear=0
shrinkage=0.1


Tree=75
num_leaves=8
num_cat=0
split_feature=5 11 32 92 32 50 57
split_gain=0.456508 1.23518 1.33419 1.01967 0.468047 0.575033 0.541653
threshold=4.135134555718313 4.6867395546766826 2.8029010331479989 3.5408542930527882 2.249904835165133 1.0986122886681102 1.6094379124341012
decision_type=2 2 2 2 2 2 2
left_child=1 2 3 -1 5 6 -2
right_child=4 -3 -4 -5 -6 -7 -8
leaf_value=-0.0079282358009999353 -0.0067969601601362232 -0.022778503274401795 0.015904066970364918 0.0033505664879996929 -0.0029620624226617057 0.020339710017546052 0.013053973509730504
leaf_weight=166 27 26 45 155 47 31 28
leaf_count=166 27 26 45 155 47 31 28
internal_value=0 -0.00171762 -0.000221493 -0.00248209 0.00506246 0.00944796 0.00330897
internal_weight=0 392 366 321 133 86 55
internal_count=525 392 366 321 133 86 55
is_linear=0
shrinkage=0.1


Tree=76
num_leaves=10
num_cat=0
split_feature=89 89 73 60 86 23 4 3 63
split_gain=0.447027 1.25239 1.09026 0.941073 1.39383 0.906191 1.15154 0.710745 0.695544
threshold=1.4978661367769959 2.0126758453675753 2.1383330595080285 0.69314718055994573 0.89587973461402759 1.6601845766184289e-19 2.602003343538398 2.740319461670996 3.5408542930527882
decision_type=2 2 2 2 2 2 2 2 2
left_child=2 -2 3 4 -1 8 -7 -5 -3
right_child=1 5 -4 7 -6 6 -8 -9 -10
leaf_value=0.0010203354519360993 0.018926283389998553 0.024049039117991926 -0.023063468606247067 0.022193087499588732 -0.025891918447558528 -0.015600581906454745 0.00087941569352482972 -0.0016521567408926787 0.00068807409216578195
leaf_weight=67 39 25 26 25 27 53 212 25 26
leaf_count=67 39 25 26 25 27 53 212 25 26
internal_value=0 0.00201929 -0.00421674 -0.000813861 -0.00670978 -6.7338e-05 -0.00241658 0.0102705 0.0121395
internal_weight=0 355 170 144 94 316 265 50 51
internal_count=525 355 170 144 94 316 265 50 51
is_linear=0
shrinkage=0.1


Tree=77
num_leaves=5
num_cat=0
split_feature=61 88 59 59
split_gain=0.438407 1.07122 0.902206 0.991651
threshold=3.2769667020129059 3.1984648276080736 3.1567740231385479 2.6735537653587351
decision_type=2 2 2 2
left_child=1 2 3 -1
right_child=-2 -3 -4 -5
leaf_value=0.00021833963328390384 -0.010062360104639083 0.020186013269617602 0.017081832566431591 -0.015318732323130066
leaf_weight=384 40 27 28 46
leaf_count=384 40 27 28 46
internal_value=0 0.000829885 -0.000311196 -0.00144377
internal_weight=0 485 458 430
internal_count=525 485 458 430
is_linear=0
shrinkage=0.1


Tree=78
num_leaves=8
num_cat=0
split_feature=54 16 5 85 89 2 5
split_gain=0.425747 1.53095 0.702531 1.25609 1.51703 1.06478 0.46108
threshold=3.794707603699266e-19 1.0000000180025095e-35 2.8617925509761908 4.3757372435704527 2.602003343538398 2.740319461670996 3.2384861814448418
decision_type=2 2 2 2 2 2 2
left_child=1 -1 3 4 -2 -4 -7
right_child=2 -3 5 -5 -6 6 -8
leaf_value=0.0091710145675366929 0.010374739027169885 -0.020774509794519922 -0.019227407375971478 0.024630489887204024 -0.01774094759727762 -0.010460066222859657 0.0018941189134510654
leaf_weight=31 61 38 30 32 28 34 271
leaf_count=31 61 38 30 32 28 34 271
internal_value=0 -0.00732072 0.00110774 0.00763875 0.00152935 -0.00125122 0.000516931
internal_weight=0 69 456 121 89 335 305
internal_count=525 69 456 121 89 335 305
is_linear=0
shrinkage=0.1


Tree=79
num_leaves=9
num_cat=0
split_feature=35 15 68 77 63 45 1 58
split_gain=0.408859 1.87666 1.8405 1.40267 1.09672 1.2593 1.15462 0.889266
threshold=1.700598690831078 0.34657359027997292 1.4978661367769959 0.89587973461402759 1.7347234759768071e-16 1.8688348091416842 2.6735537653587351 2.8029010331479989
decision_type=2 2 2 2 2 2 2 2
left_child=1 2 7 -3 -2 -6 -7 -1
right_child=4 3 -4 -5 5 6 -8 -9
leaf_value=0.0050089632058516152 0.018041421473026276 -0.00028472290483905991 0.0280316656598678 -0.027327985513362699 -0.020184981543570759 0.018774629177318682 -0.00041502788054484705 -0.017791883762066179
leaf_weight=50 38 34 26 44 28 36 243 26
leaf_count=50 38 34 26 44 28 36 243 26
internal_value=0 -0.0038635 0.00506551 -0.0155399 0.00201574 3.21023e-05 0.00206106 -0.00279133
internal_weight=0 180 102 78 345 307 279 76
internal_count=525 180 102 78 345 307 279 76
is_linear=0
shrinkage=0.1


Tree=80
num_leaves=9
num_cat=0
split_feature=31 10 48 2 65 39 30 47
split_gain=0.408225 1.27903 0.97275 1.19496 0.837959 0.764994 1.86347 1.7033
threshold=3.1984648276080736 7.5894152073985326e-18 2.2499048351651334 1.700598690831078 0.69314718055994573 2.3502401828962087 2.524928003624769 3.1132683346437333
decision_type=2 2 2 2 2 2 2 2
left_child=2 -2 3 -1 -5 7 -7 -3
right_child=1 5 -4 4 -6 6 -8 -9
leaf_value=-0.017861516161688736 -0.019353003248474318 0.0095772715684558675 0.022116713102906943 0.019899290029344888 0.00067627014258715256 0.025602447919928557 -0.00056838540112479562 -0.015828439093385101
leaf_weight=28 38 42 25 29 104 33 155 71
leaf_count=28 38 42 25 29 104 33 155 71
internal_value=0 -0.00206551 0.00376455 0.000914839 0.00486776 0.000116968 0.00402543 -0.00638561
internal_weight=0 339 186 161 133 301 188 113
internal_count=525 339 186 161 133 301 188 113
is_linear=0
shrinkage=0.1


Tree=81
num_leaves=9
num_cat=0
split_feature=89 74 7 7 36 28 25 51
split_gain=0.413307 1.11306 0.952421 1.24486 0.931317 0.896549 0.870939 0.776857
threshold=1.4978661367769959 2.6735537653587347 2.0126758453675753 3.9607678160667752 2.4414009612931862 1.0269562977782696e-15 2.740319461670996 1.0625181290357945e-17
decision_type=2 2 2 2 2 2 2 2
left_child=2 5 -1 7 -3 -2 -6 -4
right_child=1 4 3 -5 6 -7 -8 -9
leaf_value=-0.018245653702399216 6.9786116687787903e-05 -0.019171174429357053 -0.0039616344049207717 -0.018841565007876076 0.0048086311492663222 0.020946141285821798 -0.0079902339198340017 0.013248456688382216
leaf_weight=37 36 26 51 28 167 48 78 54
leaf_count=37 36 26 51 28 167 48 78 54
internal_value=0 0.00194163 -0.00405459 -0.000106696 -0.00117582 0.0119991 0.00073389 0.00488927
internal_weight=0 355 170 133 271 84 245 105
internal_count=525 355 170 133 271 84 245 105
is_linear=0
shrinkage=0.1


Tree=82
num_leaves=8
num_cat=0
split_feature=17 31 86 26 43 33 36
split_gain=0.41203 0.481141 1.19332 1.57762 1.22297 0.876909 0.806737
threshold=5.4722353641838017 3.1984648276080736 3.0677824455408698 4.0163424379838117 3.0677824455408698 1.4978661367769959 5.464378949326943e-17
decision_type=2 2 2 2 2 2 2
left_child=1 5 4 -4 -3 6 -1
right_child=-2 2 3 -5 -6 -7 -8
leaf_value=-0.013600602238015694 0.012272938584479002 -0.0081070758874973881 0.027573129838263551 -0.0069388643587724522 0.014754173216911463 0.018451453780471638 0.0040385140094536644
leaf_weight=33 26 234 27 26 26 32 121
leaf_count=33 26 234 27 26 26 32 121
internal_value=0 -0.000639472 -0.00303317 0.0106427 -0.00582095 0.00338864 0.000258703
internal_weight=0 499 313 53 260 186 154
internal_count=525 499 313 53 260 186 154
is_linear=0
shrinkage=0.1


Tree=83
num_leaves=8
num_cat=0
split_feature=87 7 42 86 83 63 25
split_gain=0.377236 0.794637 0.781013 1.91488 1.37356 0.932782 0.893695
threshold=2.9174053685313028 4.2268071048866842 2.1383330595080281 2.602003343538398 3.9415346756528771 8.6853964318067918e-23 2.6735537653587351
decision_type=2 2 2 2 2 2 2
left_child=2 -2 4 6 5 -1 -4
right_child=1 -3 3 -5 -6 -7 -8
leaf_value=-0.012290528297741363 -0.019815533867638027 0.0027861965574058041 0.0084288333417038962 0.024523677708665759 -0.020466450333376143 0.0029912016603962652 -0.014065603166818619
leaf_weight=47 28 35 38 44 34 266 33
leaf_count=47 28 35 38 44 34 266 33
internal_value=0 -0.00725902 0.000989866 0.00813194 -0.0013771 0.000696501 -0.00202633
internal_weight=0 63 462 115 347 313 71
internal_count=525 63 462 115 347 313 71
is_linear=0
shrinkage=0.1


Tree=84
num_leaves=8
num_cat=0
split_feature=52 13 37 35 63 62 37
split_gain=0.363107 0.700736 0.699884 1.20523 0.979275 0.648723 0.505856
threshold=1.1858461261560207e-19 3.8815106545092593 1.0000000180025095e-35 6.5503158452884023e-15 2.3502401828962087 1.8688348091416849 7.5894152073985326e-18
decision_type=2 2 2 2 2 2 2
left_child=1 5 -2 -4 -5 6 -1
right_child=2 -3 3 4 -6 -7 -8
leaf_value=-0.0063877609730870633 0.01301405612141528 -0.017635108055847306 -0.019879130172609755 0.018350868113338949 -0.00011864804376837194 -0.012262529970118494 0.010721905552782119
leaf_weight=27 47 31 28 32 279 33 48
leaf_count=27 47 31 28 32 279 33 48
internal_value=0 -0.00438252 0.00157816 -7.34711e-06 0.00178175 -0.000578533 0.00456243
internal_weight=0 139 386 339 311 108 75
internal_count=525 139 386 339 311 108 75
is_linear=0
shrinkage=0.1


Tree=85
num_leaves=6
num_cat=0
split_feature=2 56 16 22 88
split_gain=0.367614 0.54048 1.2268 1.02653 0.688556
threshold=5.2573732868116956 4.6586997221347959 3.0201273556387074 4.9593358439305844 3.0201273556387074
decision_type=2 2 2 2 2
left_child=1 2 4 -3 -1
right_child=-2 3 -4 -5 -6
leaf_value=-0.00158720863271906 0.011833989500999452 0.022807006969082139 -0.022090203098819726 -0.0029872099312746691 0.014398812313146634
leaf_weight=380 25 27 28 36 29
leaf_count=380 25 27 28 36 29
internal_value=0 -0.0005917 -0.00184004 0.00806745 -0.000453725
internal_weight=0 500 437 63 409
internal_count=525 500 437 63 409
is_linear=0
shrinkage=0.1


Tree=86
num_leaves=7
num_cat=0
split_feature=69 33 58 69 76 69
split_gain=0.37947 1.21611 0.940463 0.854259 1.43025 0.690447
threshold=2.9174053685313028 2.740319461670996 5.1789666414329583 1.7005986908310782 3.9219243190762363 1.2424533248940006
decision_type=2 2 2 2 2 2
left_child=1 3 -2 5 -5 -1
right_child=2 -3 -4 4 -6 -7
leaf_value=0.00019726653089634629 -0.021855682585961544 0.017008204554575822 0.0029615601015000326 -0.022895904793971925 -6.6995301006182305e-05 0.013532402973784052
leaf_weight=249 26 43 37 41 83 46
leaf_count=249 26 43 37 41 83 46
internal_value=0 0.000992792 -0.00728048 -0.000650794 -0.00761526 0.00227664
internal_weight=0 462 63 419 124 295
internal_count=525 462 63 419 124 295
is_linear=0
shrinkage=0.1


Tree=87
num_leaves=6
num_cat=0
split_feature=61 60 75 87 60
split_gain=0.371506 0.726632 1.1814 1.04598 0.652603
threshold=3.2769667020129059 2.602003343538398 3.1567740231385479 2.602003343538398 2.3502401828962087
decision_type=2 2 2 2 2
left_child=1 3 -3 4 -1
right_child=-2 2 -4 -5 -6
leaf_value=0.0016625812216001135 -0.0092628456457168797 0.025130804479122162 -0.0024914321606047452 -0.019395069791270154 -0.015031104546971619
leaf_weight=370 40 30 32 28 25
leaf_count=370 40 30 32 28 25
internal_value=0 0.000763946 0.0108742 -0.00071793 0.000606019
internal_weight=0 485 62 423 395
internal_count=525 485 62 423 395
is_linear=0
shrinkage=0.1


Tree=88
num_leaves=6
num_cat=0
split_feature=13 90 68 0 14
split_gain=0.310783 0.455077 0.549455 2.07288 1.31815
threshold=5.8257215776619615 3.9219243190762363 2.3502401828962087 2.8617925509761908 2.3502401828962087
decision_type=2 2 2 2 2
left_child=1 2 4 -4 -1
right_child=-2 -3 3 -5 -6
leaf_value=0.00031670066650136262 0.0097125088435507587 -0.013232278692777511 0.019820816307489216 -0.00494418128244119 -0.018655268915158341
leaf_weight=286 31 27 58 81 42
leaf_count=286 31 27 58 81 42
internal_value=0 -0.000609489 0.000120308 0.00538941 -0.00211264
internal_weight=0 494 467 139 328
internal_count=525 494 467 139 328
is_linear=0
shrinkage=0.1


Tree=89
num_leaves=6
num_cat=0
split_feature=61 60 87 31 89
split_gain=0.327953 0.606498 0.59988 1.41376 0.556646
threshold=3.2769667020129059 2.8617925509761908 2.524928003624769 4.0342014792848504 0.69314718055994573
decision_type=2 2 2 2 2
left_child=1 2 4 -4 -1
right_child=-2 -3 3 -5 -6
leaf_value=-0.0040181938017778791 -0.0087029555422486731 0.013397673937225983 -0.027582609161734585 0.0048674633758592203 0.0038371104087521132
leaf_weight=139 40 35 25 29 257
leaf_count=139 40 35 25 29 257
internal_value=0 0.00071777 -0.000268445 -0.0101557 0.00107982
internal_weight=0 485 450 54 396
internal_count=525 485 450 54 396
is_linear=0
shrinkage=0.1


Tree=90
num_leaves=9
num_cat=0
split_feature=57 39 15 76 2 89 8 9
split_gain=0.311879 1.52712 1.12097 2.05093 0.726486 0.581426 1.39488 0.505095
threshold=2.0126758453675753 2.3502401828962087 1.8041124150158796e-16 3.9981586158983733 2.6735537653587351 1.4978661367769959 1.8688348091416842 1.8688348091416842
decision_type=2 2 2 2 2 2 2 2
left_child=1 5 -2 -4 -5 7 -7 -1
right_child=2 -3 3 4 -6 6 -8 -9
leaf_value=-0.017693192340915889 0.012096083044177957 0.02371726374141872 -0.027448642264519419 0.013448260840156984 -0.0037139659626391772 0.023695991906736578 -0.0014494733083455895 -0.0014699592816139588
leaf_weight=28 45 30 35 29 165 28 104 61
leaf_count=28 45 30 35 29 165 28 104 61
internal_value=0 0.00254655 -0.00233279 -0.00516815 -0.00114848 -0.000327305 0.00388441 -0.0065739
internal_weight=0 251 274 229 194 221 132 89
internal_count=525 251 274 229 194 221 132 89
is_linear=0
shrinkage=0.1


Tree=91
num_leaves=8
num_cat=0
split_feature=2 31 33 21 46 21 22
split_gain=0.31017 0.435717 1.05085 1.01083 1.90667 1.19664 0.657251
threshold=5.2310943182715759 3.1984648276080736 1.4978661367769959 2.0126758453675753 2.4414009612931857 2.4414009612931857 3.5561831257524541e-16
decision_type=2 2 2 2 2 2 2
left_child=1 2 6 4 -3 -5 -1
right_child=-2 3 -4 5 -6 -7 -8
leaf_value=-0.0142755511596247 0.010240456288946528 -0.00071434280327097944 0.020073913306658787 0.016863903192509161 -0.031414570275956066 -0.0025926541009462104 0.0029171552409053901
leaf_weight=27 28 55 31 38 32 188 126
leaf_count=27 28 55 31 38 32 188 126
internal_value=0 -0.000576927 0.00328485 -0.00284711 -0.0120064 0.000678802 -0.000116852
internal_weight=0 497 184 313 87 226 153
internal_count=525 497 184 313 87 226 153
is_linear=0
shrinkage=0.1


Tree=92
num_leaves=9
num_cat=0
split_feature=52 52 73 42 76 23 65 81
split_gain=0.28237 0.596865 0.580789 0.828348 1.03188 0.680755 0.534642 0.771346
threshold=1.1858461261560207e-19 8.3266726846886741e-17 2.0126758453675753 3.1499037726019298e-21 2.5249280036247694 0.89587973461402759 1.4978661367769959 3.1132683346437333
decision_type=2 2 2 2 2 2 2 2
left_child=2 -2 3 4 -1 -5 -3 -8
right_child=1 6 -4 5 -6 -7 7 -9
leaf_value=0.0031926294395816512 0.016334356598556043 -0.013751515194773675 -0.017340493230865554 0.020278190433979035 -0.023352402096821202 -0.0022394731560529306 0.011380534775052516 -0.00089505948893889634
leaf_weight=32 25 25 26 25 27 29 63 273
leaf_count=32 25 25 26 25 27 29 63 273
internal_value=0 0.00139169 -0.0038647 -0.000764077 -0.0089551 0.00818537 0.000356882 0.00140661
internal_weight=0 386 139 113 59 54 361 336
internal_count=525 386 139 113 59 54 361 336
is_linear=0
shrinkage=0.1


Tree=93
num_leaves=8
num_cat=0
split_feature=35 49 66 25 53 4 7
split_gain=0.289486 1.49184 1.35773 1.44781 0.810026 0.696288 0.726271
threshold=2.0126758453675753 4.3757372435704527 2.4414009612931857 0.89587973461402781 2.1383330595080285 2.3502401828962087 2.9174053685313033
decision_type=2 2 2 2 2 2 2
left_child=1 2 3 -1 -2 -6 -7
right_child=4 -3 -4 -5 5 6 -8
leaf_value=0.0019057115756108294 0.01401793149478258 -0.022401468358602322 0.019398772431304681 -0.022513588794296789 -0.014307314289673682 0.014712207549665538 -0.00069943923743159559
leaf_weight=112 47 33 32 31 31 36 203
leaf_count=112 47 33 32 31 31 36 203
internal_value=0 -0.00289889 0.000778738 -0.00338798 0.00190211 -0.000206939 0.00162198
internal_weight=0 208 175 143 317 270 239
internal_count=525 208 175 143 317 270 239
is_linear=0
shrinkage=0.1


Tree=94
num_leaves=8
num_cat=0
split_feature=5 11 32 40 6 67 57
split_gain=0.275485 1.12972 0.804833 0.725062 0.347446 0.281944 0.47921
threshold=4.1587609981435856 4.7140145363037149 2.8029010331479989 4.2193995619941136 4.2483931908192885 3.6242520361853057 3.6242520361853052
decision_type=2 2 2 2 2 2 2
left_child=1 2 3 -1 -2 -6 -7
right_child=4 -3 -4 -5 5 6 -8
leaf_value=0.0016958306789833675 0.012346778111532331 -0.021888102154247465 0.012609922227760157 -0.0083085279698150421 -0.0076146962520267291 0.01167520746392639 -0.0055658657303346059
leaf_weight=216 36 25 45 109 28 38 28
leaf_count=216 36 25 45 109 28 38 28
internal_value=0 -0.00131414 7.59902e-05 -0.00165948 0.00399297 0.00079364 0.00436081
internal_weight=0 395 370 325 130 94 66
internal_count=525 395 370 325 130 94 66
is_linear=0
shrinkage=0.1


Tree=95
num_leaves=8
num_cat=0
split_feature=54 51 27 24 56 54 34
split_gain=0.299382 0.981548 0.683284 1.12751 1.01892 0.836356 0.604897
threshold=3.794707603699266e-19 0.69314718055994573 2.3502401828962087 0.34657359027997292 1.700598690831078 1.4978661367769956 2.8617925509761908
decision_type=2 2 2 2 2 2 2
left_child=1 -1 3 5 -4 -2 -6
right_child=2 -3 4 -5 6 -7 -8
leaf_value=-0.021477256600673386 0.014128589883446695 0.0031354493525171615 -0.019549084395273694 0.026453530874389869 0.0027561449996550448 -0.011254558313844934 -0.0074212974362937436
leaf_weight=26 25 43 27 26 277 27 74
leaf_count=26 25 43 27 26 277 27 74
internal_value=0 -0.0061389 0.000928913 0.00945043 -0.000829495 0.000948878 0.000610473
internal_weight=0 69 456 78 378 52 351
internal_count=525 69 456 78 378 52 351
is_linear=0
shrinkage=0.1


Tree=96
num_leaves=9
num_cat=0
split_feature=9 49 49 38 53 76 44 2
split_gain=0.297376 1.28223 0.866416 0.794257 0.734046 0.671045 1.16724 0.711724
threshold=3.7494348669884658 4.4829865921051741 4.0689902272260703 2.602003343538398 2.0126758453675753 4.6491756246494491 3.9415346756528771 3.1132683346437333
decision_type=2 2 2 2 2 2 2 2
left_child=1 2 4 -2 -1 7 -7 -5
right_child=3 -3 -4 5 -6 6 -8 -9
leaf_value=0.0027193988128269599 0.019411460377275945 -0.019318484306016841 0.015242144495577498 -0.018998506706621912 -0.0096242653626876958 0.022970059783353161 -8.2595901927206577e-05 -0.00036162152626168203
leaf_weight=126 25 38 34 27 78 30 82 85
leaf_count=126 25 38 34 27 78 30 82 85
internal_value=0 -0.00226057 0.00046296 0.00250569 -0.00200024 0.00061889 0.00609222 -0.00485444
internal_weight=0 276 238 249 204 224 112 112
internal_count=525 276 238 249 204 224 112 112
is_linear=0
shrinkage=0.1


Tree=97
num_leaves=8
num_cat=0
split_feature=34 62 63 86 65 54 34
split_gain=0.280172 1.40812 1.00593 0.9327 1.35648 0.854954 0.651225
threshold=1.0000000180025095e-35 2.1972245773362205 5.464378949326943e-17 0.89587973461402759 0.69314718055994573 2.6735537653587347 2.8617925509761908
decision_type=2 2 2 2 2 2 2
left_child=1 3 -2 4 -1 -4 -7
right_child=2 -3 5 -5 -6 6 -8
leaf_value=0.026889591570943595 0.017538414113223554 -0.020551343362879112 -0.01362741795324144 -0.011731132358545438 -0.0023092529793247219 0.0041626624664108233 -0.0064807285750774967
leaf_weight=26 35 37 42 32 41 236 76
leaf_count=26 35 37 42 32 41 236 76
internal_value=0 -0.00390696 0.00136593 0.00231367 0.00902164 -0.000233047 0.00157004
internal_weight=0 136 389 99 67 354 312
internal_count=525 136 389 99 67 354 312
is_linear=0
shrinkage=0.1


Tree=98
num_leaves=7
num_cat=0
split_feature=56 31 41 88 69 89
split_gain=0.297721 0.95437 0.794041 0.563938 0.725706 0.224074
threshold=4.6586997221347959 4.8282817362782584 3.0201273556387074 3.1132683346437333 1.7005986908310782 4.9451504953659766
decision_type=2 2 2 2 2 2
left_child=2 -2 3 4 -1 -3
right_child=1 5 -4 -5 -6 -7
leaf_value=0.0019358224812127305 0.02180641793087125 0.0042476971005921118 -0.01699611529836367 0.014678475541993977 -0.0075335701536428049 -0.0087775195464491855
leaf_weight=279 25 28 29 25 114 25
leaf_count=279 25 28 29 25 114 25
internal_value=0 0.00570074 -0.000994761 0.000115381 -0.000811024 -0.00189627
internal_weight=0 78 447 418 393 53
internal_count=525 78 447 418 393 53
is_linear=0
shrinkage=0.1


Tree=99
num_leaves=5
num_cat=0
split_feature=17 11 50 54
split_gain=0.282859 0.33378 0.554836 0.496159
threshold=5.4722353641838017 4.8160362262741101 3.1132683346437333 1.7347234759768071e-16
decision_type=2 2 2 2
left_child=1 2 3 -1
right_child=-2 -3 -4 -5
leaf_value=-0.0083190410960620898 0.010168788094933217 -0.0091739593834684382 0.012343995210248978 0.00079394584907049003
leaf_weight=72 26 41 35 351
leaf_count=72 26 41 35 351
internal_value=0 -0.000529837 0.000243982 -0.000757201
internal_weight=0 499 458 423
internal_count=525 499 458 423
is_linear=0
shrinkage=0.1


end of trees

feature_importances:
Column_0=47
Column_2=32
Column_1=26
Column_7=20
Column_13=20
Column_5=18
Column_87=18
Column_92=17
Column_54=16
Column_6=15
Column_31=15
Column_9=14
Column_10=14
Column_89=13
Column_11=12
Column_16=12
Column_25=12
Column_52=12
Column_86=12
Column_59=11
Column_65=11
Column_8=10
Column_14=10
Column_26=10
Column_63=10
Column_77=10
Column_90=10
Column_32=9
Column_35=9
Column_60=9
Column_74=9
Column_81=9
Column_83=9
Column_12=8
Column_15=8
Column_27=8
Column_51=8
Column_56=8
Column_68=8
Column_4=7
Column_39=7
Column_41=7
Column_58=7
Column_64=7
Column_73=7
Column_3=6
Column_22=6
Column_24=6
Column_33=6
Column_34=6
Column_36=6
Column_42=6
Column_50=6
Column_79=6
Column_84=6
Column_88=6
Column_37=5
Column_49=5
Column_53=5
Column_61=5
Column_62=5
Column_67=5
Column_69=5
Column_76=5
Column_82=5
Column_17=4
Column_23=4
Column_29=4
Column_38=4
Column_43=4
Column_44=4
Column_80=4
Column_85=4
Column_91=4
Column_21=3
Column_28=3
Column_30=3
Column_40=3
Column_46=3
Column_57=3
Column_19=2
Column_20=2
Column_45=2
Column_47=2
Column_48=2
Column_55=2
Column_66=2
Column_71=2
Column_72=2
Column_75=2
Column_18=1
Column_70=1

parameters:
[boosting: gbdt]
[objective: regression]
[metric: l1]
[tree_learner: serial]
[device_type: cpu]
[data_sample_strategy: bagging]
[data: ]
[valid: ]
[num_iterations: 100]
[learning_rate: 0.1]
[num_leaves: 16]
[num_threads: 16]
[seed: 0]
[deterministic: 0]
[force_col_wise: 0]
[force_row_wise: 0]
[histogram_pool_size: -1]
[max_depth: 4]
[min_data_in_leaf: 25]
[min_sum_hessian_in_leaf: 0.001]
[bagging_fraction: 1]
[pos_bagging_fraction: 1]
[neg_bagging_fraction: 1]
[bagging_freq: 0]
[bagging_seed: 3]
[feature_fraction: 1]
[feature_fraction_bynode: 1]
[feature_fraction_seed: 2]
[extra_trees: 0]
[extra_seed: 6]
[early_stopping_round: 0]
[first_metric_only: 0]
[max_delta_step: 0]
[lambda_l1: 0]
[lambda_l2: 0]
[linear_lambda: 0]
[min_gain_to_split: 0]
[drop_rate: 0.1]
[max_drop: 50]
[skip_drop: 0.5]
[xgboost_dart_mode: 0]
[uniform_drop: 0]
[drop_seed: 4]
[top_rate: 0.2]
[other_rate: 0.1]
[min_data_per_group: 100]
[max_cat_threshold: 32]
[cat_l2: 10]
[cat_smooth: 10]
[max_cat_to_onehot: 4]
[top_k: 20]
[monotone_constraints: ]
[monotone_constraints_method: basic]
[monotone_penalty: 0]
[feature_contri: ]
[forcedsplits_filename: ]
[refit_decay_rate: 0.9]
[cegb_tradeoff: 1]
[cegb_penalty_split: 0]
[cegb_penalty_feature_lazy: ]
[cegb_penalty_feature_coupled: ]
[path_smooth: 0]
[interaction_constraints: ]
[verbosity: -1]
[saved_feature_importance_type: 0]
[use_quantized_grad: 0]
[num_grad_quant_bins: 4]
[quant_train_renew_leaf: 0]
[stochastic_rounding: 1]
[linear_tree: 0]
[max_bin: 255]
[max_bin_by_feature: ]
[min_data_in_bin: 3]
[bin_construct_sample_cnt: 200000]
[data_random_seed: 1]
[is_enable_sparse: 1]
[enable_bundle: 1]
[use_missing: 1]
[zero_as_missing: 0]
[feature_pre_filter: 1]
[pre_partition: 0]
[two_round: 0]
[header: 0]
[label_column: ]
[weight_column: ]
[group_column: ]
[ignore_column: ]
[categorical_feature: ]
[forcedbins_filename: ]
[precise_float_parser: 0]
[parser_config_file: ]
[objective_seed: 5]
[num_class: 1]
[is_unbalance: 0]
[scale_pos_weight: 1]
[sigmoid: 1]
[boost_from_average: 1]
[reg_sqrt: 0]
[alpha: 0.9]
[fair_c: 1]
[poisson_max_delta_step: 0.7]
[tweedie_variance_power: 1.5]
[lambdarank_truncation_level: 30]
[lambdarank_norm: 1]
[label_gain: ]
[lambdarank_position_bias_regularization: 0]
[eval_at: ]
[multi_error_top_k: 1]
[auc_mu_weights: ]
[num_machines: 1]
[local_listen_port: 12400]
[time_out: 120]
[machine_list_filename: ]
[machines: ]
[gpu_platform_id: -1]
[gpu_device_id: -1]
[gpu_use_dp: 0]
[num_gpu: 1]

end of parameters

pandas_categorical:null
