tree
version=v4
num_class=1
num_tree_per_iteration=1
label_index=0
max_feature_idx=83
objective=regression
feature_names=Column_0 Column_1 Column_2 Column_3 Column_4 Column_5 Column_6 Column_7 Column_8 Column_9 Column_10 Column_11 Column_12 Column_13 Column_14 Column_15 Column_16 Column_17 Column_18 Column_19 Column_20 Column_21 Column_22 Column_23 Column_24 Column_25 Column_26 Column_27 Column_28 Column_29 Column_30 Column_31 Column_32 Column_33 Column_34 Column_35 Column_36 Column_37 Column_38 Column_39 Column_40 Column_41 Column_42 Column_43 Column_44 Column_45 Column_46 Column_47 Column_48 Column_49 Column_50 Column_51 Column_52 Column_53 Column_54 Column_55 Column_56 Column_57 Column_58 Column_59 Column_60 Column_61 Column_62 Column_63 Column_64 Column_65 Column_66 Column_67 Column_68 Column_69 Column_70 Column_71 Column_72 Column_73 Column_74 Column_75 Column_76 Column_77 Column_78 Column_79 Column_80 Column_81 Column_82 Column_83
feature_infos=[0:7.1308988302963465] [0:7.1308988302963465] [0:7.1308988302963465] [0:7.1308988302963465] [0:7.1308988302963465] [0:7.1308988302963465] [0:7.1308988302963465] [0:6.3171646867472839] [0:7.2254814727822945] [0:5.9610053396232736] [0:6.5998704992128365] [0:5.3612921657094255] [0:7.9540210872780372] [0:5.5606816310155276] [0:4.9052747784384296] [0:5.4467373716663099] [0:6.6174029779744776] [0:7.2254814727822945] [0:5.9610053396232736] [0:6.5998704992128365] [0:5.3612921657094255] [0:7.9540210872780372] [0:5.5606816310155276] [0:4.9052747784384296] [0:5.4467373716663099] [0:6.6174029779744776] [0:7.2254814727822945] [0:5.9610053396232736] [0:6.5998704992128365] [0:5.3612921657094255] [0:7.9540210872780372] [0:5.5606816310155276] [0:4.9052747784384296] [0:5.4467373716663099] [0:6.6174029779744776] [0:7.2254814727822945] [0:5.9610053396232736] [0:6.5998704992128365] [0:5.3612921657094255] [0:7.9540210872780372] [0:5.5606816310155276] [0:4.9052747784384296] [0:5.4467373716663099] [0:6.6174029779744776] [0:7.2254814727822945] [0:5.9610053396232736] [0:6.5998704992128365] [0:5.3612921657094255] [0:7.9540210872780372] [0:5.5606816310155276] [0:4.9052747784384296] [0:5.4467373716663099] [0:6.6174029779744776] [0:7.2254814727822945] [0:5.9610053396232736] [0:6.5998704992128365] [0:5.3612921657094255] [0:7.9540210872780372] [0:5.5606816310155276] [0:4.9052747784384296] [0:5.4467373716663099] [0:6.6174029779744776] [0:7.2254814727822945] [0:5.9610053396232736] [0:6.5998704992128365] [0:5.3612921657094255] [0:7.9540210872780372] [0:5.5606816310155276] [0:4.9052747784384296] [0:5.4467373716663099] [0:6.6174029779744776] [0:6.9902565004938806] [0:5.4680601411351315] [0:6.2344107257183712] [0:4.9558270576012609] [0:7.3362856600212973] [0:4.2341065045972597] [0:3.9889840465642745] [0:4.6249728132842707] [0:6.2576675878826391] [0.69314718055994529:3.970291913552122] [0.69314718055994529:3.970291913552122] [0.69314718055994529:3.970291913552122] [0.69314718055994529:3.970291913552122]
tree_sizes=774 796 812 801 814 811 798 803 815 835 816 842 839 820 868 853 821 744 866 662 725 855 766 845 844 748 763 853 829 780 674 761 671 798 760 823 797 762 700 661 782 581 778 781 792 753 879 808 784 791 489 823 781 751 679 866 793 585 665 772 599 781 702 696 777 744 605 717 750 703 668 786 691 879 862 875 674 685 748 806 755 604 786 646 742 772 886 681 599 784 677 881 656 772 599 799 683 802 677 587

Tree=0
num_leaves=8
num_cat=0
split_feature=0 75 0 76 81 77 7
split_gain=439.843 121.772 70.3664 42.1652 17.5484 12.7598 6.97977
threshold=3.5114340430413216 0.69314718055994551 5.030352476867086 2.524928003624769 3.4811217321331038 1.4978661367769959 3.9219243190762363
decision_type=2 2 2 2 2 2 2
left_child=1 5 4 -3 -2 -1 -4
right_child=2 3 6 -5 -6 -7 -8
leaf_value=3.1520773401050088 3.3927371342723074 3.3167017149706881 3.5178512063103824 3.1998057975539651 3.4506829160565875 3.0482627358513983 3.6040454679434299
leaf_weight=39 121 135 17 40 92 17 21
leaf_count=39 121 135 17 40 92 17 21
internal_value=3.34849 3.24891 3.44013 3.28998 3.41777 3.12056 3.56548
internal_weight=0 231 251 175 213 56 38
internal_count=482 231 251 175 213 56 38
is_linear=0
shrinkage=1


Tree=1
num_leaves=8
num_cat=0
split_feature=0 75 0 76 0 30 12
split_gain=357.235 90.0884 62.0385 32.3741 21.1597 12.6195 5.82102
threshold=3.3842466058243152 1.2424533248940004 5.030352476867086 2.602003343538398 3.8606743063089755 2.8029010331479989 5.8257215776619615
decision_type=2 2 2 2 2 2 2
left_child=1 5 4 -3 -2 -1 -4
right_child=2 3 6 -5 -6 -7 -8
leaf_value=-0.24452718416849772 0.013769015077501535 -0.029193555915342839 0.15615896190467635 -0.13774614235282773 0.078471736510194123 -0.15424945615231991 0.23443663245753241
leaf_weight=30 75 116 19 36 155 32 19
leaf_count=30 75 116 19 36 155 32 19
internal_value=0 -0.0963416 0.0769295 -0.0549034 0.057373 -0.197932 0.195298
internal_weight=0 214 268 152 230 62 38
internal_count=482 214 268 152 230 62 38
is_linear=0
shrinkage=0.1


Tree=2
num_leaves=8
num_cat=0
split_feature=0 75 0 76 81 77 75
split_gain=289.663 87.4242 41.7766 29.8768 11.9476 11.4817 5.16145
threshold=3.6242520361853052 1.2424533248940004 5.030352476867086 2.524928003624769 3.3497501700808394 1.4978661367769959 4.6491756246494491
decision_type=2 2 2 2 2 2 2
left_child=1 5 4 -3 -2 -1 -4
right_child=2 3 6 -5 -6 -7 -8
leaf_value=-0.15061465070043184 0.037011605264153334 -0.020044648436803935 0.14433814605528658 -0.11759233433753252 0.08640088667307283 -0.24542073276307852 0.21898408457636834
leaf_weight=44 100 146 22 40 96 18 15.999999999999998
leaf_count=44 100 146 22 40 96 18 16
internal_value=0 -0.0753017 0.079807 -0.0410226 0.0612023 -0.178139 0.175768
internal_weight=0 248 234 186 196 62 38
internal_count=482 248 234 186 196 62 38
is_linear=0
shrinkage=0.1


Tree=3
num_leaves=8
num_cat=0
split_feature=0 75 0 83 80 38 12
split_gain=236.787 59.617 41.4527 28.7347 15.3013 8.66963 5.58521
threshold=3.3842466058243152 0.69314718055994551 4.9308638091439496 3.7726948748059121 3.3140206880897671 2.1383330595080281 5.8257215776619615
decision_type=2 2 2 2 2 2 2
left_child=1 5 4 -3 -2 -1 -4
right_child=2 3 6 -5 -6 -7 -8
leaf_value=-0.19874340670512003 0.019527846115657638 -0.066805066503584393 0.12030933989584447 0.04487633292696306 0.071808293573558335 -0.11817892310632901 0.19223754092266687
leaf_weight=34 114 130 25 28 110 22 19
leaf_count=34 114 130 25 28 110 22 19
internal_value=0 -0.0784361 0.0626318 -0.0470134 0.0452013 -0.167093 0.151369
internal_weight=0 214 268 158 224 56 44
internal_count=482 214 268 158 224 56 44
is_linear=0
shrinkage=0.1


Tree=4
num_leaves=8
num_cat=0
split_feature=0 75 0 63 65 76 80
split_gain=194.677 58.6403 26.0737 25.9605 9.83172 8.94514 4.60499
threshold=3.6762205501217919 1.2424533248940004 4.9308638091439496 2.249904835165133 3.1567740231385479 1.4978661367769959 3.8606743063089755
decision_type=2 2 2 2 2 2 2
left_child=1 5 4 -3 -2 -1 -4
right_child=2 3 6 -5 -6 -7 -8
leaf_value=-0.096971298928838226 0.064661713868880005 0.003862922580447048 0.11755444132017367 -0.069679117949999633 0.012699664633721115 -0.17495286801927967 0.19226596680554478
leaf_weight=24 134 96 33 96 50 38 10.999999999999998
leaf_count=24 134 96 33 96 50 38 11
internal_value=0 -0.0602121 0.0670784 -0.0329081 0.0505416 -0.144766 0.136232
internal_weight=0 254 228 192 184 62 44
internal_count=482 254 228 192 184 62 44
is_linear=0
shrinkage=0.1


Tree=5
num_leaves=8
num_cat=0
split_feature=0 71 1 44 67 0 75
split_gain=157.948 42.2863 27.1135 21.0119 16.545 11.866 4.13909
threshold=3.3842466058243152 2.0126758453675748 5.030352476867086 2.0126758453675748 0.89587973461402759 3.8606743063089755 4.6491756246494491
decision_type=2 2 2 2 2 2 2
left_child=1 3 5 -1 -3 -2 -4
right_child=2 4 6 -5 -6 -7 -8
leaf_value=-0.15617753856528838 0.0057361736707389355 0.013698476626364104 0.1045335449318847 -0.062849837883065141 -0.061513453343851048 0.054138387500857699 0.17349799530846732
leaf_weight=52 75 59 23 45 58 156 13.999999999999998
leaf_count=52 75 59 23 45 58 156 14
internal_value=0 -0.064061 0.0511532 -0.112881 -0.0235861 0.0384234 0.130628
internal_weight=0 214 268 97 117 231 37
internal_count=482 214 268 97 117 231 37
is_linear=0
shrinkage=0.1


Tree=6
num_leaves=8
num_cat=0
split_feature=0 75 76 0 83 30 7
split_gain=128.315 40.7676 22.3608 17.6337 7.23059 6.7786 3.17063
threshold=3.6762205501217919 0.69314718055994551 2.6735537653587351 5.030352476867086 3.5694334999727624 2.8029010331479989 3.9415346756528771
decision_type=2 2 2 2 2 2 2
left_child=1 5 -3 4 -2 -1 -5
right_child=3 2 -4 6 -6 -7 -8
leaf_value=-0.15778649958043264 0.026783110497329954 -0.012005700526739032 -0.10010019646159241 0.087758305825685209 0.066995176649652419 -0.088158637119664096 0.14552948851334421
leaf_weight=29 118 163 35 19 72 27 19
leaf_count=29 118 163 35 19 72 27 19
internal_value=0 -0.048884 -0.027578 0.0544585 0.0420214 -0.124216 0.116644
internal_weight=0 254 198 228 190 56 38
internal_count=482 254 198 228 190 56 38
is_linear=0
shrinkage=0.1


Tree=7
num_leaves=8
num_cat=0
split_feature=0 71 0 5 64 7 65
split_gain=104.876 31.4942 19.5216 14.9087 12.6164 6.83132 6.71517
threshold=3.3842466058243152 2.0126758453675748 4.4942230200312032 3.1567740231385479 3.9415346756528771 3.2384861814448418 3.0201273556387074
decision_type=2 2 2 2 2 2 2
left_child=1 3 6 -1 -3 -4 -2
right_child=2 4 5 -5 -6 -7 -8
leaf_value=-0.11930694311141861 0.036469255655150239 -0.0010271485944456876 0.044312888598351773 -0.032789918128401041 -0.083656087639215213 0.10186421570452778 -0.0045038181046644843
leaf_weight=69 120 94 33 28 23 55 60
leaf_count=69 120 94 33 28 23 55 60
internal_value=0 -0.0522006 0.0416826 -0.094333 -0.0172704 0.0802825 0.0228116
internal_weight=0 214 268 97 117 88 180
internal_count=482 214 268 97 117 88 180
is_linear=0
shrinkage=0.1


Tree=8
num_leaves=8
num_cat=0
split_feature=0 75 83 1 77 83 75
split_gain=86.3773 29.9508 19.5542 11.8704 7.13597 6.33467 2.60928
threshold=3.7012257604091228 1.2424533248940004 3.795426061844291 5.030352476867086 1.4978661367769959 3.5694334999727624 4.6491756246494491
decision_type=2 2 2 2 2 2 2
left_child=1 4 -3 5 -1 -2 -5
right_child=3 2 -4 6 -6 -7 -8
leaf_value=-0.077566165189174086 0.021178787812875868 -0.033556385606647192 0.050601616304254894 0.07747796462929768 -0.15230731384621726 0.059592891225059119 0.132234126329422
leaf_weight=44 111 169 33 23 18 70 13.999999999999998
leaf_count=44 111 169 33 23 18 70 14
internal_value=0 -0.0384683 -0.0198078 0.0465854 -0.0992652 0.0360351 0.0981965
internal_weight=0 264 202 218 62 181 37
internal_count=482 264 202 218 62 181 37
is_linear=0
shrinkage=0.1


Tree=9
num_leaves=8
num_cat=0
split_feature=0 80 0 76 10 63 12
split_gain=70.966 28.4987 19.1473 13.9401 9.59931 8.29597 5.97538
threshold=3.1132683346437333 3.7256208424938388 4.2268071048866842 1.4978661367769959 3.5972184255501678 2.3502401828962087 6.0100341578222682
decision_type=2 2 2 2 2 2 2
left_child=1 3 5 -1 -3 -2 -4
right_child=2 4 6 -5 -6 -7 -8
leaf_value=-0.033926892988994477 0.028186972889745116 0.10528878712883361 0.049367361142904992 -0.097221896695662988 -0.018741457443684339 -0.01362527768815989 0.11164177060127259
leaf_weight=61 98 13.000000000000002 107 81 11.999999999999998 92 18
leaf_count=61 98 13 107 81 12 92 18
internal_value=0 -0.0526985 0.0279386 -0.0700318 0.0457543 0.00794104 0.0583349
internal_weight=0 167 315 142 25 190 125
internal_count=482 167 315 142 25 190 125
is_linear=0
shrinkage=0.1


Tree=10
num_leaves=8
num_cat=0
split_feature=1 73 76 76 1 83 75
split_gain=58.8749 22.4808 14.3396 13.0417 9.69522 5.84118 1.84915
threshold=3.5114340430413216 2.4414009612931857 1.4978661367769959 2.1383330595080285 5.030352476867086 3.5408542930527882 4.7578820629520608
decision_type=2 2 2 2 2 2 2
left_child=1 2 -1 -3 5 -2 -6
right_child=4 3 -4 -5 6 -7 -8
leaf_value=-0.037026610044652929 0.013126099596214719 0.019069181811129158 -0.11447519308421761 -0.042971950642095184 0.064464203206201401 0.047694001858441262 0.11129261026015649
leaf_weight=51 137 72 45 64 24 76 12.999999999999998
leaf_count=51 137 72 45 64 24 76 13
internal_value=0 -0.03628 -0.0733306 -0.0101266 0.0336679 0.0254602 0.0809174
internal_weight=0 232 96 136 250 213 37
internal_count=482 232 96 136 250 213 37
is_linear=0
shrinkage=0.1


Tree=11
num_leaves=8
num_cat=0
split_feature=0 71 10 51 0 7 5
split_gain=49.0778 20.2964 13.2584 9.46542 5.70483 3.22398 1.20051
threshold=3.8606743063089755 2.0126758453675748 2.6735537653587347 6.4184768611141875e-17 5.3494828320967684 4.6491756246494491 5.5373032659954937
decision_type=2 2 2 2 2 2 2
left_child=1 2 -1 -3 5 -2 -6
right_child=4 3 -4 -5 6 -7 -8
leaf_value=-0.089435560919810086 0.027694746393089494 0.031927829484778396 -0.018126981269398875 -0.019538619312824627 0.10965102721344339 0.070437236549332746 0.06391492262482644
leaf_weight=64 150 49 44 132 11.000000000000002 20 11.999999999999998
leaf_count=64 150 49 44 132 11 20 12
internal_value=0 -0.0260765 -0.0603839 -0.00560571 0.0390471 0.0327233 0.0857887
internal_weight=0 289 108 181 193 170 23
internal_count=482 289 108 181 193 170 23
is_linear=0
shrinkage=0.1


Tree=12
num_leaves=8
num_cat=0
split_feature=0 80 0 74 79 70 12
split_gain=39.947 19.8493 10.8731 10.356 7.27902 6.25841 4.23187
threshold=3.1132683346437333 3.7256208424938388 4.2268071048866842 2.8029010331479989 2.740319461670996 3.6242520361853052 5.4680512393485436
decision_type=2 2 2 2 2 2 2
left_child=1 3 5 -1 -3 -2 -4
right_child=2 4 6 -5 -6 -7 -8
leaf_value=-0.067387565690615589 0.018979458615742625 0.10350151312622154 0.031936273267704318 0.00048728139497273204 -0.005202629789710045 -0.019276328061062557 0.072243126212443054
leaf_weight=114 125 11.000000000000002 88 28 13.999999999999998 65 37
leaf_count=114 125 11 88 28 14 65 37
internal_value=0 -0.0395381 0.0209615 -0.0540038 0.0426272 0.00589195 0.0438671
internal_weight=0 167 315 142 25 190 125
internal_count=482 167 315 142 25 190 125
is_linear=0
shrinkage=0.1


Tree=13
num_leaves=8
num_cat=0
split_feature=0 73 76 64 7 0 4
split_gain=33.349 13.9787 10.9766 9.71809 4.49982 2.6713 2.28635
threshold=3.8606743063089755 2.4414009612931857 1.4978661367769959 3.9415346756528771 3.2769667020129059 4.8634945045224818 5.0430920195175792
decision_type=2 2 2 2 2 2 2
left_child=1 2 -1 -3 6 -6 -2
right_child=4 3 -4 -5 5 -7 -8
leaf_value=-0.021451658921746108 0.0077860243513550561 0.0092961190689859891 -0.0837736864387989 -0.046871056338131899 0.035028078103143921 0.068749931454658506 0.054980432149022818
leaf_weight=65 71 134 50 40 76 34 11.999999999999998
leaf_count=65 71 134 50 40 76 34 12
internal_value=0 -0.0214955 -0.0485482 -0.00361588 0.0321876 0.0454512 0.0146093
internal_weight=0 289 115 174 193 110 83
internal_count=482 289 115 174 193 110 83
is_linear=0
shrinkage=0.1


Tree=14
num_leaves=8
num_cat=0
split_feature=1 80 80 1 62 79 6
split_gain=28.8647 14.2236 12.2698 10.0501 12.0196 6.75721 3.7048
threshold=2.602003343538398 3.7012257604091228 2.8617925509761908 3.8606743063089755 3.8393944990995772 3.3497501700808394 2.8617925509761908
decision_type=2 2 2 2 2 2 2
left_child=1 2 -1 4 -2 -3 -5
right_child=3 5 -4 6 -6 -7 -8
leaf_value=0.027652887885387129 0.016848432842573716 0.073243776479592668 -0.077379342069389762 0.080987609521700796 -0.036972540124917207 -0.033249279704283589 0.025699088552592106
leaf_weight=12.999999999999998 109 13.000000000000002 77 12.999999999999998 67 10.999999999999998 179
leaf_count=13 109 13 77 13 67 11 179
internal_value=0 -0.0439675 -0.062208 0.0136204 -0.00364023 0.0244345 0.0294426
internal_weight=0 114 90 368 176 24 192
internal_count=482 114 90 368 176 24 192
is_linear=0
shrinkage=0.1


Tree=15
num_leaves=8
num_cat=0
split_feature=1 80 29 0 33 79 7
split_gain=23.3804 11.8908 11.1753 8.31444 9.49615 4.00279 3.53331
threshold=2.602003343538398 3.6762205501217919 2.740319461670996 3.8606743063089755 1.7005986908310782 3.3497501700808394 3.2384861814448418
decision_type=2 2 2 2 2 2 2
left_child=1 2 -1 4 -2 -3 -5
right_child=3 5 -4 6 -6 -7 -8
leaf_value=-0.075219954720565252 0.011806434918880251 0.046935390943990025 0.019893948535124464 0.010598495398153319 -0.038827249492114448 -0.028498279326595367 0.038114628691047467
leaf_weight=70 123 17.000000000000004 14.999999999999998 80 53 11.999999999999998 112
leaf_count=70 123 17 15 80 53 12 112
internal_value=0 -0.0395707 -0.0584351 0.0122583 -0.00344121 0.0157215 0.0266496
internal_weight=0 114 85 368 176 29 192
internal_count=482 114 85 368 176 29 192
is_linear=0
shrinkage=0.1


Tree=16
num_leaves=8
num_cat=0
split_feature=1 76 73 12 1 30 67
split_gain=19.1714 10.5474 10.9815 6.56419 3.80379 3.9144 1.16679
threshold=3.5114340430413216 2.1383330595080285 4.4367340276668159 4.4307459321434584 5.030352476867086 2.3502401828962087 1.0986122886681102
decision_type=2 2 2 2 2 2 2
left_child=1 3 -3 -1 5 -2 -6
right_child=4 2 -4 -5 6 -7 -8
leaf_value=-0.013261487314399953 0.044642844327858519 -0.06541658927306114 0.022033385488773802 0.045056701597312225 0.074439355785337599 0.0080599056588867794 0.036504645973443987
leaf_weight=120 35 71 18 23 11.999999999999998 178 25
leaf_count=120 35 71 18 23 12 178 25
internal_value=0 -0.0207028 -0.0477301 -0.00388164 0.0192122 0.0140712 0.0488078
internal_weight=0 232 89 143 250 213 37
internal_count=482 232 89 143 250 213 37
is_linear=0
shrinkage=0.1


Tree=17
num_leaves=7
num_cat=0
split_feature=0 80 29 0 63 12
split_gain=16.5385 8.62105 9.14087 6.40983 5.99625 2.59027
threshold=2.4414009612931857 3.7256208424938388 2.3502401828962087 4.2268071048866842 2.249904835165133 5.4909825793919298
decision_type=2 2 2 2 2 2
left_child=1 2 -1 4 -2 -5
right_child=3 -3 -4 5 -6 -7
leaf_value=-0.072757678358730954 0.015658864892600467 0.03369074582122266 -0.0041360290348529819 0.018896044583290063 -0.014890798637497938 0.050685351460965145
leaf_weight=55 129 14.999999999999998 30 89 128 36
leaf_count=55 129 15 30 89 128 36
internal_value=0 -0.0362039 -0.0485383 0.00947747 0.000443468 0.0280514
internal_weight=0 100 85 382 257 125
internal_count=482 100 85 382 257 125
is_linear=0
shrinkage=0.1


Tree=18
num_leaves=8
num_cat=0
split_feature=1 8 36 44 1 41 46
split_gain=13.9155 8.82383 12.7159 5.4865 6.15452 2.67415 2.63125
threshold=2.602003343538398 3.6242520361853052 2.1383330595080285 2.249904835165133 3.8606743063089755 1.2424533248940006 2.602003343538398
decision_type=2 2 2 2 2 2 2
left_child=1 2 -1 6 -5 -3 -2
right_child=3 5 -4 4 -6 -7 -8
leaf_value=-0.030918157460621085 0.065537092989931503 0.053914885160823649 -0.14189069954057534 -0.0093749959204799446 0.018010563410093119 -0.0085335333831608306 0.010986032935657673
leaf_weight=74 24 12.000000000000002 11.999999999999998 153 177 15.999999999999998 13.999999999999998
leaf_count=74 24 12 12 153 177 16 14
internal_value=0 -0.030528 -0.0464027 0.00945704 0.00531362 0.0182301 0.0454393
internal_weight=0 114 86 368 330 28 38
internal_count=482 114 86 368 330 28 38
is_linear=0
shrinkage=0.1


Tree=19
num_leaves=6
num_cat=0
split_feature=0 80 29 7 21
split_gain=11.455 7.05166 6.9578 5.45224 4.58771
threshold=2.4414009612931857 3.7012257604091228 2.3502401828962087 4.9013914242072483 4.8789996228937618
decision_type=2 2 2 2 2
left_child=1 2 -1 4 -2
right_child=3 -3 -4 -5 -6
leaf_value=-0.064878782157141421 -0.0018278939296237696 0.024698744665243126 -0.0037454796248468864 0.069138900297028683 0.022437818804142549
leaf_weight=52 256 19 29 13.999999999999998 112
leaf_count=52 256 19 29 14 112
internal_value=0 -0.0301304 -0.0429916 0.00788754 0.00555732
internal_weight=0 100 81 382 368
internal_count=482 100 81 382 368
is_linear=0
shrinkage=0.1


Tree=20
num_leaves=7
num_cat=0
split_feature=81 1 79 4 7 38
split_gain=10.0527 10.2301 6.7419 4.47928 4.36828 4.05538
threshold=3.7494348669884658 2.602003343538398 2.1972245773362205 5.0430920195175792 4.7050052835523761 1.4978661367769959
decision_type=2 2 2 2 2 2
left_child=1 2 -1 -3 5 -2
right_child=4 3 -4 -5 -6 -7
leaf_value=-0.056102721979383569 -0.0025440864653016133 -0.0028217793189521351 6.3516199588775635e-06 0.036960170615930113 0.071494342407418629 0.039241887038159701
leaf_weight=61 48 245 33 32 18 45
leaf_count=61 48 245 33 32 18 45
internal_value=0 -0.00789937 -0.0364049 0.00177397 0.0264024 0.0176749
internal_weight=0 371 94 277 111 93
internal_count=482 371 94 277 111 93
is_linear=0
shrinkage=0.1


Tree=21
num_leaves=8
num_cat=0
split_feature=71 76 48 7 29 70 1
split_gain=8.92925 6.78274 8.41394 5.61928 5.31839 5.14658 4.34743
threshold=6.1663998560113074e-19 2.4414009612931857 4.0428973506407848 4.6491756246494491 1.2424533248940006 1.7005986908310768 3.8606743063089755
decision_type=2 2 2 2 2 2 2
left_child=1 5 -3 6 -5 -1 -2
right_child=3 2 -4 4 -6 -7 -8
leaf_value=0.023685780377127232 -0.006948540787575461 -0.12179675514499344 -0.011880628879253681 0.10279058272188357 0.015417492374973862 -0.043275127221237532 0.014675176146186212
leaf_weight=24 213 15.000000000000002 12.999999999999998 11.000000000000002 19 22 165
leaf_count=24 213 15 13 11 19 22 165
internal_value=0 -0.0319594 -0.0707643 0.00579655 0.0474543 -0.008339 0.00249038
internal_weight=0 74 28 408 30 46 378
internal_count=482 74 28 408 30 46 378
is_linear=0
shrinkage=0.1


Tree=22
num_leaves=7
num_cat=0
split_feature=71 72 10 25 63 6
split_gain=7.23269 6.45004 8.35988 4.60841 6.18827 4.52356
threshold=6.1663998560113074e-19 2.3502401828962087 1.4978661367769959 4.2690460541616742e-19 2.0126758453675753 3.0201273556387074
decision_type=2 2 2 2 2 2
left_child=1 2 -1 4 -2 -5
right_child=3 -3 -4 5 -6 -7
leaf_value=-0.048123815546140952 -0.0050436753293742302 -0.092716115369246566 0.026408332594049472 0.030564532728712485 -0.088536015732891188 0.0033816230034811757
leaf_weight=34 46 12.999999999999998 27 79 10.999999999999998 272
leaf_count=34 46 13 27 79 11 272
internal_value=0 -0.0287634 -0.0151342 0.0052169 -0.0211562 0.00949971
internal_weight=0 74 61 408 57 351
internal_count=482 74 61 408 57 351
is_linear=0
shrinkage=0.1


Tree=23
num_leaves=8
num_cat=0
split_feature=81 5 76 79 79 3 23
split_gain=6.48914 7.22695 6.12421 4.81998 3.51731 4.61952 3.94471
threshold=3.7494348669884658 2.1383330595080285 1.8688348091416844 5.2443855436100657 3.2384861814448418 3.0201273556387074 1.0408340855860844e-16
decision_type=2 2 2 2 2 2 2
left_child=1 2 -1 -3 5 -2 -6
right_child=4 3 -4 -5 6 -7 -8
leaf_value=-0.0073765761032700541 0.078799071780552996 -0.0032188756802583409 -0.072404401915680081 0.053126255143433811 -0.038728731847368185 0.018408785397677044 0.02046184211626257
leaf_weight=30 19 297 28 15.999999999999998 15.999999999999998 38 38
leaf_count=30 19 297 28 16 16 38 38
internal_value=0 -0.00634665 -0.0387693 -0.000338613 0.0212127 0.0385389 0.00292389
internal_weight=0 371 58 313 111 57 54
internal_count=482 371 58 313 111 57 54
is_linear=0
shrinkage=0.1


Tree=24
num_leaves=8
num_cat=0
split_feature=0 29 54 76 62 25 13
split_gain=5.90262 3.95209 5.17497 4.69477 3.28825 4.29907 2.84796
threshold=2.4414009612931857 2.3502401828962087 1.8688348091416846 1.8688348091416844 1.8688348091416842 3.1875543871073837e-17 2.3502401828962087
decision_type=2 2 2 2 2 2 2
left_child=1 3 -3 -1 6 -6 -2
right_child=4 2 -4 -5 5 -7 -8
leaf_value=-0.01155035553707017 0.047359762957785281 0.042851402072442903 -0.035310865147039294 -0.065113617939253646 -0.03211943204091354 0.0059012915604156864 -0.0043118731358845258
leaf_weight=36 32 18 15.999999999999998 30 33 301 15.999999999999998
leaf_count=36 32 18 16 30 33 301 16
internal_value=0 -0.0216287 0.00606916 -0.0358973 0.00566196 0.00214475 0.0301359
internal_weight=0 100 34 66 382 334 48
internal_count=482 100 34 66 382 334 48
is_linear=0
shrinkage=0.1


Tree=25
num_leaves=7
num_cat=0
split_feature=1 63 76 10 6 4
split_gain=5.13102 6.15377 6.62672 5.30888 1.70846 1.54125
threshold=3.8606743063089755 2.1383330595080285 2.1383330595080285 3.1984648276080736 2.8617925509761908 5.0430920195175792
decision_type=2 2 2 2 2 2
left_child=1 3 -3 -1 -2 -6
right_child=4 2 -4 -5 5 -7
leaf_value=-0.0067463261184222516 0.047683336299199325 -0.0038890720502688333 -0.050823492057887582 0.033352148913674884 0.0057265521197783931 0.029655849459496415
leaf_weight=124 12.999999999999998 65 56 45 146 33
leaf_count=124 13 65 56 45 146 33
internal_value=0 -0.00839518 -0.0256108 0.00393078 0.0126802 0.0101381
internal_weight=0 290 121 169 192 179
internal_count=482 290 121 169 192 179
is_linear=0
shrinkage=0.1


Tree=26
num_leaves=7
num_cat=0
split_feature=21 76 78 6 82 79
split_gain=4.66628 8.57194 6.31509 5.56916 4.04871 1.16233
threshold=4.8597823571876004 2.9174053685313028 1.0986122886681102 2.8029010331479989 3.5114340430413216 4.9904094477362264
decision_type=2 2 2 2 2 2
left_child=1 4 -3 -2 -1 -5
right_child=3 2 -4 5 -6 -7
leaf_value=-0.012002530336050558 0.073729436521728836 -0.11250759579918601 -0.025338984645820933 0.0032929612463069428 0.010851237731105535 0.027789671999402344
leaf_weight=147 14.999999999999998 10.999999999999998 34 86 164 25
leaf_count=147 15 11 34 86 164 25
internal_value=0 -0.00585359 -0.0466469 0.0165387 4.89744e-05 0.00881024
internal_weight=0 356 45 126 311 111
internal_count=482 356 45 126 311 111
is_linear=0
shrinkage=0.1


Tree=27
num_leaves=8
num_cat=0
split_feature=1 79 36 26 6 74 1
split_gain=4.12728 4.79473 6.35229 4.08327 3.82264 4.75517 3.98248
threshold=2.602003343538398 2.1383330595080285 0.89587973461402781 1.2424533248940006 3.0201273556387074 3.2769667020129059 3.6762205501217919
decision_type=2 2 2 2 2 2 2
left_child=1 2 -1 -3 5 -2 -6
right_child=4 3 -4 -5 6 -7 -8
leaf_value=-0.020066630243928286 0.014940929865431891 -0.044836000759493226 -0.10306811495260759 0.025011797637811729 -0.01689135958715993 0.086753999238664462 0.0080207718174639137
leaf_weight=57 57 10.999999999999998 10.999999999999998 35 93 10.999999999999998 207
leaf_count=57 57 11 11 35 93 11 207
internal_value=0 -0.0166257 -0.0334933 0.00830906 0.00515035 0.0265577 0.000298011
internal_weight=0 114 68 46 368 68 300
internal_count=482 114 68 46 368 68 300
is_linear=0
shrinkage=0.1


Tree=28
num_leaves=8
num_cat=0
split_feature=67 28 68 63 70 11 7
split_gain=3.88477 7.69923 5.9941 5.58424 3.11747 3.54009 2.1661
threshold=1.0986122886681102 2.740319461670996 0.69314718055994573 2.3502401828962087 3.1875543871073837e-17 2.249904835165133 4.9013914242072483
decision_type=2 2 2 2 2 2 2
left_child=4 2 -2 -3 5 -1 -6
right_child=1 3 -4 -5 6 -7 -8
leaf_value=-0.035406045538062855 -0.0069914521050772494 0.031155481033594064 -0.070821948499689188 -0.0095527181843487879 0.011498977256399629 0.01975951835905251 0.05530635543788473
leaf_weight=30 28 46 31 126 190 19 11.999999999999998
leaf_count=30 28 46 31 126 190 19 12
internal_value=0 -0.00935814 -0.0405295 0.00133436 0.00861248 -0.0140153 0.0141014
internal_weight=0 231 59 172 251 49 202
internal_count=482 231 59 172 251 49 202
is_linear=0
shrinkage=0.1


Tree=29
num_leaves=7
num_cat=0
split_feature=67 28 63 60 5 7
split_gain=3.29948 7.28234 5.82638 4.6994 3.362 2.00932
threshold=1.8688348091416844 2.740319461670996 2.3502401828962087 0.89587973461402759 1.0000000180025095e-35 4.9556038377756337
decision_type=2 2 2 2 2 2
left_child=4 3 -3 -2 -1 -6
right_child=1 2 -4 -5 5 -7
leaf_value=-0.043198938037340456 -0.022160395869502317 0.035068688702045214 -0.011438934348314722 -0.091970510681470233 0.0071178033323198407 0.050709760447286749
leaf_weight=12.999999999999998 27 36 107 14.999999999999998 273 10.999999999999998
leaf_count=13 27 36 107 15 273 11
internal_value=0 -0.0104831 0.000269278 -0.0470926 0.0065299 0.00880622
internal_weight=0 185 143 42 297 284
internal_count=482 185 143 42 297 284
is_linear=0
shrinkage=0.1


Tree=30
num_leaves=6
num_cat=0
split_feature=4 83 67 7 77
split_gain=3.22204 3.78901 4.40697 3.2292 0.641617
threshold=5.0430920195175792 3.795426061844291 1.8688348091416844 4.7050052835523761 2.249904835165133
decision_type=2 2 2 2 2
left_child=1 2 -1 -3 -2
right_child=4 3 -4 -5 -6
leaf_value=0.0021850398230518018 0.040486842298525429 0.0086598211332248199 -0.020467874993264051 0.064382386533543473 0.012218784197018696
leaf_weight=215 21 78 143 11.999999999999998 12.999999999999998
leaf_count=215 21 78 143 12 13
internal_value=0 -0.00225238 -0.00686347 0.0160895 0.0296785
internal_weight=0 448 358 90 34
internal_count=482 448 358 90 34
is_linear=0
shrinkage=0.1


Tree=31
num_leaves=7
num_cat=0
split_feature=21 76 25 6 21 76
split_gain=3.03012 6.31688 4.32281 3.99136 3.31681 0.970861
threshold=4.8789996228937618 2.9174053685313028 1.0986122886681102 2.8029010331479989 3.1984648276080736 2.9700856263602162
decision_type=2 2 2 2 2 2
left_child=1 4 -3 -2 -1 -5
right_child=3 2 -4 5 -6 -7
leaf_value=0.010528232224004449 0.063809666676180696 -0.094171312451362621 -0.02205163494218141 0.0028923542648144479 -0.010028824892736252 0.028309967875894571
leaf_weight=159 13.999999999999998 10.999999999999998 34 91 155 18
leaf_count=159 14 11 34 91 155 18
internal_value=0 -0.004641 -0.0396809 0.0135457 0.00038064 0.00708976
internal_weight=0 359 45 123 314 109
internal_count=482 359 45 123 314 109
is_linear=0
shrinkage=0.1


Tree=32
num_leaves=6
num_cat=0
split_feature=4 83 79 7 77
split_gain=2.54318 3.0468 3.78744 2.39923 0.516373
threshold=5.0430920195175792 3.795426061844291 5.1387309967764621 4.7050052835523761 2.249904835165133
decision_type=2 2 2 2 2
left_child=1 2 -1 -3 -2
right_child=4 3 -4 -5 -6
leaf_value=-0.0093584958375970816 0.036063471010753086 0.0080424483692369021 0.02669358847779222 0.056073214175800482 0.010704027058986518
leaf_weight=326 21 78 32 11.999999999999998 12.999999999999998
leaf_count=326 21 78 32 12 13
internal_value=0 -0.00200108 -0.00613596 0.0144466 0.0263672
internal_weight=0 448 358 90 34
internal_count=482 448 358 90 34
is_linear=0
shrinkage=0.1


Tree=33
num_leaves=7
num_cat=0
split_feature=3 55 58 67 76 25
split_gain=2.4155 3.25852 2.25243 4.62848 2.12294 1.59665
threshold=1.4432899320127029e-15 9.1310151714013596e-19 3.0201273556387078 1.8688348091416844 2.1383330595080285 3.7494348669884658
decision_type=2 2 2 2 2 2
left_child=1 -1 3 -2 -3 -4
right_child=2 4 5 -5 -6 -7
leaf_value=-0.06263137846253812 0.0062833570963968608 0.030146979743784115 0.055790117213671858 -0.017709562887570689 -0.031980994885618036 0.01252727474508758
leaf_weight=13.999999999999998 285 11.000000000000002 10.999999999999998 112 10.999999999999998 38
leaf_count=14 285 11 11 112 11 38
internal_value=0 -0.024917 0.00201124 -0.000485426 -0.000917008 0.0222393
internal_weight=0 36 446 397 22 49
internal_count=482 36 446 397 22 49
is_linear=0
shrinkage=0.1


Tree=34
num_leaves=7
num_cat=0
split_feature=21 76 63 53 64 76
split_gain=2.11938 4.89161 3.92296 2.93784 2.90887 1.00581
threshold=4.8597823571876004 2.9174053685313028 2.3502401828962087 3.4175922930736511 4.70043904177074 2.9700856263602162
decision_type=2 2 2 2 2 2
left_child=1 4 -3 -2 -1 -5
right_child=3 2 -4 5 -6 -7
leaf_value=-0.0016631722864789283 0.060518132556568495 -0.0045715165095647206 -0.063637580309549108 0.002262935188870567 0.04347573518753052 0.027445232181956894
leaf_weight=296 10.999999999999998 22 23 96 14.999999999999998 19
leaf_count=296 11 22 23 96 15 19
internal_value=0 -0.00394495 -0.0347608 0.011146 0.000513945 0.00642349
internal_weight=0 356 45 126 311 115
internal_count=482 356 45 126 311 115
is_linear=0
shrinkage=0.1


Tree=35
num_leaves=8
num_cat=0
split_feature=76 8 31 43 4 1 70
split_gain=2.00566 5.03484 11.67 2.55421 1.9804 4.37771 2.06113
threshold=1.8688348091416844 3.7012257604091228 2.524928003624769 3.9415346756528771 2.3502401828962087 2.4414009612931857 4.891920202254596e-16
decision_type=2 2 2 2 2 2 2
left_child=4 2 -2 -3 5 -1 -6
right_child=1 3 -4 -5 6 -7 -8
leaf_value=0.0054563431850364131 -0.053758439040169692 0.019104457045065578 0.036126095466315747 -0.0085340215031661695 -0.020049863584507777 0.07659181493024031 0.005982700329896405
leaf_weight=31 52 61 20 74 36 11.999999999999998 196
leaf_count=31 52 61 20 74 36 12 196
internal_value=0 -0.00743509 -0.0287905 0.00395448 0.00559659 0.0253081 0.00194316
internal_weight=0 207 72 135 275 43 232
internal_count=482 207 72 135 275 43 232
is_linear=0
shrinkage=0.1


Tree=36
num_leaves=7
num_cat=0
split_feature=49 67 82 14 5 49
split_gain=1.99375 3.37975 4.69284 2.08557 1.94084 0.397801
threshold=3.1567740231385479 1.8688348091416844 3.7726948748059121 2.4414009612931857 1.0000000180025095e-35 3.7839313027319412
decision_type=2 2 2 2 2 2
left_child=1 4 -3 -2 -1 -5
right_child=3 2 -4 5 -6 -7
leaf_value=-0.033545675501227383 0.058339442583647642 -0.022233981477206469 0.02610730620411535 -0.0040791943545142803 0.0059768087807313616 0.018951263797158998
leaf_weight=12.999999999999998 10.999999999999998 123 24 15.000000000000002 281 14.999999999999998
leaf_count=13 11 123 24 15 281 15
internal_value=0 -0.00196103 -0.0143415 0.021093 0.00422922 0.00743603
internal_weight=0 441 147 41 294 30
internal_count=482 441 147 41 294 30
is_linear=0
shrinkage=0.1


Tree=37
num_leaves=7
num_cat=0
split_feature=58 67 63 5 77 25
split_gain=1.65528 3.12609 4.21793 1.55858 0.58023 0.532534
threshold=3.0201273556387078 1.8688348091416844 2.3502401828962087 1.0000000180025095e-35 2.602003343538398 4.0163424379838117
decision_type=2 2 2 2 2 2
left_child=1 3 -3 -1 5 -2
right_child=4 2 -4 -5 -6 -7
leaf_value=-0.030191109544382644 0.038622950011243426 0.0057839757321696533 -0.03020182142867462 0.0052177624949033257 0.0023339388374653126 0.013417712961764715
leaf_weight=12.999999999999998 14.999999999999998 57 76 284 18 19
leaf_count=13 15 57 76 284 18 19
internal_value=0 -0.00203789 -0.0147793 0.00366788 0.0168518 0.0245377
internal_weight=0 430 133 297 52 34
internal_count=482 430 133 297 52 34
is_linear=0
shrinkage=0.1


Tree=38
num_leaves=6
num_cat=0
split_feature=10 76 7 0 21
split_gain=1.69923 3.49069 3.61011 2.13428 2.56896
threshold=7.5894152073985326e-18 2.249904835165133 2.1383330595080285 1.0000000180025095e-35 2.3502401828962087
decision_type=2 2 2 2 2
left_child=1 2 -1 -2 -5
right_child=3 -3 -4 4 -6
leaf_value=0.037833340565363568 -0.034805418403508766 -0.059467951421226774 -0.021926977248081278 0.021036111009972436 -1.6792179002407221e-05
leaf_weight=14.999999999999998 14.999999999999998 13.999999999999998 31 70 337
leaf_count=15 15 14 31 70 337
internal_value=0 -0.0157465 -0.00243992 0.00223883 0.0036041
internal_weight=0 60 46 422 407
internal_count=482 60 46 422 407
is_linear=0
shrinkage=0.1


Tree=39
num_leaves=6
num_cat=0
split_feature=4 82 8 77 77
split_gain=1.54765 2.08702 4.0485 2.41867 0.37182
threshold=5.0430920195175792 3.5114340430413216 2.8617925509761908 1.4978661367769959 2.249904835165133
decision_type=2 2 2 2 2
left_child=1 2 -1 -3 -2
right_child=4 3 -4 -5 -6
leaf_value=-0.02838184518794365 0.028796868061735516 0.013795647177060969 9.1194592668932494e-05 -0.010531275037486675 0.0072777514202663528
leaf_weight=68 21 133 188 59 12.999999999999998
leaf_count=68 21 133 188 59 13
internal_value=0 -0.00156104 -0.00747196 0.00632019 0.020569
internal_weight=0 448 256 192 34
internal_count=482 448 256 192 34
is_linear=0
shrinkage=0.1


Tree=40
num_leaves=7
num_cat=0
split_feature=49 75 12 82 14 58
split_gain=1.42709 2.11357 3.81795 2.09721 1.71301 0.284841
threshold=3.1567740231385479 0.69314718055994551 3.4811217321331038 3.5114340430413216 2.4414009612931857 3.2769667020129059
decision_type=2 2 2 2 2 2
left_child=1 2 -1 -3 -2 -6
right_child=4 3 -4 -5 5 -7
leaf_value=-0.0054543185416002608 0.051601670479232621 -0.0050776926858310152 -0.067299129011539324 0.0099717871951419991 -0.0073379417246376907 0.01288240064168349
leaf_weight=43 10.999999999999998 230 12.999999999999998 155 11.000000000000002 19
leaf_count=43 11 230 13 155 11 19
internal_value=0 -0.00165911 -0.0198111 0.000981189 0.0178455 0.00546828
internal_weight=0 441 56 385 41 30
internal_count=482 441 56 385 41 30
is_linear=0
shrinkage=0.1


Tree=41
num_leaves=5
num_cat=0
split_feature=78 76 8 4
split_gain=1.3094 1.5058 3.5074 1.79838
threshold=3.6105525490912482 1.8688348091416844 3.7012257604091228 2.3502401828962087
decision_type=2 2 2 2
left_child=1 3 -3 -1
right_child=-2 2 -4 -5
leaf_value=0.022731896019865611 0.03261898006312549 -0.025472615816231288 0.0024455345730992066 0.00045907566327908083
leaf_weight=43 11.999999999999998 70 126 231
leaf_count=43 12 70 126 231
internal_value=0 -0.000832825 -0.00752523 0.00395445
internal_weight=0 470 196 274
internal_count=482 470 196 274
is_linear=0
shrinkage=0.1


Tree=42
num_leaves=7
num_cat=0
split_feature=3 58 16 62 8 22
split_gain=1.19477 2.55083 1.66502 1.50289 1.96525 1.35334
threshold=1.4432899320127029e-15 2.0126758453675753 3.1875543871073837e-17 1.4978661367769959 2.249904835165133 0.34657359027997336
decision_type=2 2 2 2 2 2
left_child=1 -1 -3 5 -5 -2
right_child=3 2 -4 4 -6 -7
leaf_value=-0.050892552094800141 0.03314085321930739 0.031220941279422144 -0.023799991552633321 -0.019252346173001856 0.0018402368533707251 0.0036870401728755007
leaf_weight=13.999999999999998 26 11.000000000000002 10.999999999999998 51 330 39
leaf_count=14 26 11 11 51 330 39
internal_value=0 -0.017524 0.00371047 0.0014145 -0.00098318 0.0154686
internal_weight=0 36 22 446 381 65
internal_count=482 36 22 446 381 65
is_linear=0
shrinkage=0.1


Tree=43
num_leaves=7
num_cat=0
split_feature=58 70 48 25 25 2
split_gain=1.16434 1.88629 5.92525 1.66516 0.57661 0.2989
threshold=3.0201273556387078 4.3372693810700085 4.9870196042435371 4.2690460541616742e-19 3.7494348669884658 3.9219243190762363
decision_type=2 2 2 2 2 2
left_child=1 3 -3 -1 -2 -6
right_child=4 2 -4 -5 5 -7
leaf_value=-0.011836929637996228 0.031482202825801713 -0.075165938639215057 -4.5389019595902594e-05 0.0043620447631279305 -0.0061530734497037805 0.013402764954500729
leaf_weight=81 13.999999999999998 13.999999999999998 42 293 10.999999999999998 27
leaf_count=81 14 14 42 293 11 27
internal_value=0 -0.00170917 -0.0188255 0.000853711 0.0141335 0.00774186
internal_weight=0 430 56 374 52 38
internal_count=482 430 56 374 52 38
is_linear=0
shrinkage=0.1


Tree=44
num_leaves=7
num_cat=0
split_feature=4 70 73 29 75 40
split_gain=1.04771 1.57223 2.78876 2.1191 0.363934 0.671551
threshold=5.0430920195175792 5.0906732680195743 4.0689902272260703 3.0677824455408698 4.1270042952824229 2.8029010331479989
decision_type=2 2 2 2 2 2
left_child=1 3 -3 -1 -2 -6
right_child=4 2 -4 -5 5 -7
leaf_value=-0.0027213692078019965 0.0019634858959100463 0.0011447107070125639 -0.058349711960181599 0.016818215880035001 0.040438592433929436 0.0062314753505316655
leaf_weight=349 10.999999999999998 20 12.999999999999998 66 12.000000000000002 10.999999999999998
leaf_count=349 11 20 13 66 12 11
internal_value=0 -0.00128439 -0.0222925 0.000386131 0.0169238 0.0240787
internal_weight=0 448 33 415 34 23
internal_count=482 448 33 415 34 23
is_linear=0
shrinkage=0.1


Tree=45
num_leaves=7
num_cat=0
split_feature=21 10 13 76 71 57
split_gain=1.0702 3.27449 2.17925 2.05836 1.82871 1.38854
threshold=3.1984648276080736 3.2384861814448418 0.89587973461402759 2.8029010331479989 4.0342014792848504 3.6505739029280169
decision_type=2 2 2 2 2 2
left_child=3 2 -2 4 -1 -3
right_child=1 5 -4 -5 -6 -7
leaf_value=0.013906672028479753 -0.0060520141483134324 -0.01351562991713811 -0.035553887834040718 -0.031856115062076314 -0.017185032058676535 0.0076287151474218051
leaf_weight=135 62 38 42 12.999999999999998 22 170
leaf_count=135 62 38 42 13 22 170
internal_value=0 -0.00347821 -0.0179662 0.00638353 0.00954987 0.00376581
internal_weight=0 312 104 170 157 208
internal_count=482 312 104 170 157 208
is_linear=0
shrinkage=0.1


Tree=46
num_leaves=8
num_cat=0
split_feature=83 5 70 40 78 78 46
split_gain=1.03212 1.81015 2.29181 1.63174 1.75186 1.39602 1.16237
threshold=3.795426061844291 2.1383330595080285 2.9174053685313028 0.89587973461402759 1.0000000180025095e-35 3.4811217321331038 3.1567740231385479
decision_type=2 2 2 2 2 2 2
left_child=1 2 -1 4 -2 -3 -5
right_child=3 5 -4 6 -6 -7 -8
leaf_value=-0.0078952836196707656 0.032144094143922518 -0.00072469362299362175 -0.055446852514377011 0.050815708906604695 -0.0094301707840160204 0.03154077140414821 0.012009698691728868
leaf_weight=46 12.999999999999998 318 12.999999999999998 12.999999999999998 46 13.999999999999998 19
leaf_count=46 13 318 13 13 46 14 19
internal_value=0 -0.00223241 -0.0183727 0.00959202 -0.00026974 0.000635898 0.0277746
internal_weight=0 391 59 91 59 332 32
internal_count=482 391 59 91 59 332 32
is_linear=0
shrinkage=0.1


Tree=47
num_leaves=7
num_cat=0
split_feature=72 6 76 63 29 67
split_gain=0.92039 2.4228 2.0975 3.22951 1.60545 0.654363
threshold=4.3241107269113215 3.4498615536424366 3.1567740231385479 2.6735537653587347 3.0677824455408698 0.34657359027997336
decision_type=2 2 2 2 2 2
left_child=2 -2 4 -4 -1 -3
right_child=1 5 3 -5 -6 -7
leaf_value=-0.003083820624241629 0.052089447714388372 -0.019413434287222718 0.012334972016767342 -0.059001708303888636 0.011292347859916757 0.012969562561752704
leaf_weight=316 11.999999999999998 12.000000000000002 11.000000000000002 14.999999999999998 103 12.999999999999998
leaf_count=316 12 12 11 15 103 13
internal_value=0 0.0151545 -0.00126004 -0.0288208 0.000450178 -0.00257428
internal_weight=0 37 445 26 419 25
internal_count=482 37 445 26 419 25
is_linear=0
shrinkage=0.1


Tree=48
num_leaves=7
num_cat=0
split_feature=21 35 65 2 76 23
split_gain=0.947683 2.69941 3.40123 2.54068 1.64979 1.68673
threshold=3.1984648276080736 3.6762205501217919 2.740319461670996 2.3502401828962087 2.8029010331479989 0.69314718055994573
decision_type=2 2 2 2 2 2
left_child=4 2 -2 -3 5 -1
right_child=1 3 -4 -5 -6 -7
leaf_value=0.0042240870597537693 -0.0092067892160331323 0.040916702384129172 -0.061550668204824133 -0.00042926248588541342 -0.028227766492189124 0.032107810618785711
leaf_weight=131 72 15.999999999999998 14.999999999999998 209 12.999999999999998 26
leaf_count=131 72 16 15 209 13 26
internal_value=0 -0.00327307 -0.0182316 0.0025109 0.00600704 0.00884177
internal_weight=0 312 87 225 170 157
internal_count=482 312 87 225 170 157
is_linear=0
shrinkage=0.1


Tree=49
num_leaves=7
num_cat=0
split_feature=3 58 63 74 38 16
split_gain=0.903279 1.75066 1.31122 1.66619 1.29406 1.24357
threshold=1.4432899320127029e-15 2.0126758453675753 1.1934897514720427e-15 2.2499048351651334 8.0637536578609402e-19 3.1875543871073837e-17
decision_type=2 2 2 2 2 2
left_child=1 -1 3 -2 -4 -3
right_child=2 5 4 -5 -6 -7
leaf_value=-0.042880935009036752 0.022479344475349147 0.026129518313841377 -0.018127694744162443 -0.0070517208362961634 0.00074196653014951157 -0.021420800431885503
leaf_weight=13.999999999999998 56 11.000000000000002 41 29 320 10.999999999999998
leaf_count=14 56 11 41 29 320 11
internal_value=0 -0.0152371 0.0012299 0.012404 -0.00140113 0.00235436
internal_weight=0 36 446 85 361 22
internal_count=482 36 446 85 361 22
is_linear=0
shrinkage=0.1


Tree=50
num_leaves=4
num_cat=0
split_feature=76 76 29
split_gain=0.870356 3.09997 1.14721
threshold=3.2769667020129059 3.1567740231385479 3.0677824455408698
decision_type=2 2 2
left_child=1 2 -1
right_child=-2 -3 -4
leaf_value=-0.0020814133611178442 0.020423533441498876 -0.041567132828964126 0.0098420320580634383
leaf_weight=338 20 18 106
leaf_count=338 20 18 106
internal_value=0 -0.000884136 0.000765175
internal_weight=0 462 444
internal_count=482 462 444
is_linear=0
shrinkage=0.1


Tree=51
num_leaves=8
num_cat=0
split_feature=83 8 68 62 77 25 76
split_gain=0.881221 2.35458 3.15619 1.35465 1.30868 2.08919 1.66906
threshold=3.5408542930527882 2.8617925509761908 2.249904835165133 3.0201273556387074 1.4978661367769959 1.2143064331837652e-16 1.6601845766184289e-19
decision_type=2 2 2 2 2 2 2
left_child=1 2 -1 -3 6 -6 -2
right_child=4 3 -4 -5 5 -7 -8
leaf_value=-0.0073697101939821019 -0.0022571355633606966 0.027131020427240356 -0.056888267485534438 -0.00075227909478902202 -0.029596032388508321 0.009987974505250654 0.020743140402073798
leaf_weight=53 55 19 17 210 24 30 74
leaf_count=53 55 19 17 210 24 30 74
internal_value=0 -0.0033451 -0.0193956 0.00156118 0.00546549 -0.00760492 0.0109368
internal_weight=0 299 70 229 183 54 129
internal_count=482 299 70 229 183 54 129
is_linear=0
shrinkage=0.1


Tree=52
num_leaves=7
num_cat=0
split_feature=21 35 12 2 55 67
split_gain=0.854306 1.97173 2.74088 1.98957 1.51243 2.16904
threshold=3.1984648276080736 3.6762205501217919 4.6200466650627661 2.3502401828962087 3.4498615536424366 2.4414009612931857
decision_type=2 2 2 2 2 2
left_child=4 2 -2 -3 5 -1
right_child=1 3 -4 -5 -6 -7
leaf_value=0.0068987545612678447 -0.025274230747976724 0.035821716405916963 0.017686660911299681 -0.0007661679970311073 0.039929083428190404 -0.033072539667288466
leaf_weight=143 68 15.999999999999998 19 209 11.999999999999998 14.999999999999998
leaf_count=143 68 16 19 209 12 15
internal_value=0 -0.00310764 -0.015892 0.00183564 0.00570343 0.00310401
internal_weight=0 312 87 225 170 158
internal_count=482 312 87 225 170 158
is_linear=0
shrinkage=0.1


Tree=53
num_leaves=7
num_cat=0
split_feature=21 19 25 54 43 17
split_gain=0.739712 2.57082 2.00533 2.56413 1.95133 1.84154
threshold=2.249904835165133 4.5536491244391194e-18 2.0126758453675753 1.8688348091416846 2.8617925509761908 1.0986122886681093
decision_type=2 2 2 2 2 2
left_child=1 -1 3 -2 -4 -3
right_child=2 5 4 -5 -6 -7
leaf_value=-0.025522565344969435 -0.0028266083244721644 0.049285980260797911 0.017208683730593335 -0.034018367597539172 -0.0021145677806943598 0.0088080113300269373
leaf_weight=18 86 13.999999999999998 71 38 198 57
leaf_count=18 86 14 71 38 198 57
internal_value=0 0.00823207 -0.00186426 -0.0123854 0.00298562 0.0167896
internal_weight=0 89 393 124 269 71
internal_count=482 89 393 124 269 71
is_linear=0
shrinkage=0.1


Tree=54
num_leaves=6
num_cat=0
split_feature=1 75 79 13 40
split_gain=0.745488 1.08315 2.33109 1.81924 0.399335
threshold=5.093674919442523 5.4680512393485436 5.1059271080903725 1.7005986908310777 2.602003343538398
decision_type=2 2 2 2 2
left_child=1 2 -1 -3 -2
right_child=4 3 -4 -5 -6
leaf_value=-0.0014645266515964813 0.025113167802748439 -0.0011517221434041857 0.032724818055118836 -0.051782433333044699 0.0034381605903891959
leaf_weight=396 17 20.000000000000004 21 10.999999999999998 17
leaf_count=396 17 20 21 11 17
internal_value=0 -0.00108342 0.000257239 -0.0191175 0.0142757
internal_weight=0 448 417 31 34
internal_count=482 448 417 31 34
is_linear=0
shrinkage=0.1


Tree=55
num_leaves=8
num_cat=0
split_feature=76 83 63 39 71 16 76
split_gain=0.661902 2.31147 2.53982 1.86849 1.19121 1.6122 1.22156
threshold=2.1383330595080285 2.1383330595080281 2.1383330595080285 4.4829865921051741 5.233746844386423 2.0126758453675753 1.0000000180025095e-35
decision_type=2 2 2 2 2 2 2
left_child=4 3 -3 -2 6 -6 -1
right_child=1 2 -4 -5 5 -7 -8
leaf_value=-0.0028161734963456793 -0.010694776329078845 0.0050255283079736063 -0.021851362574127425 0.036037907851013268 -0.039187357425689691 0.0079971014854631258 0.010700909938896075
leaf_weight=117 13.999999999999998 61 83 22 15.000000000000002 13.999999999999998 156
leaf_count=117 14 61 83 22 15 14 156
internal_value=0 -0.00479999 -0.010466 0.0178641 0.00286092 -0.0164087 0.00490787
internal_weight=0 180 144 36 302 29 273
internal_count=482 180 144 36 302 29 273
is_linear=0
shrinkage=0.1


Tree=56
num_leaves=7
num_cat=0
split_feature=49 42 75 6 3 49
split_gain=0.690913 1.29075 1.23974 2.35917 1.59766 0.164164
threshold=3.1567740231385479 2.9700856263602158 0.69314718055994551 2.524928003624769 3.0677824455408698 3.7839313027319412
decision_type=2 2 2 2 2 2
left_child=2 -2 3 -1 -4 -3
right_child=1 5 4 -5 -6 -7
leaf_value=-0.025204483651452593 0.039999736286699776 -0.006784510349721779 0.011387251963772412 0.026457497596063397 -0.0030770998780748678 0.0082721412243942413
leaf_weight=45 11.999999999999998 14.000000000000002 105 10.999999999999998 280 14.999999999999998
leaf_count=45 12 14 105 11 280 15
internal_value=0 0.012417 -0.00115441 -0.0150566 0.000867723 0.00100341
internal_weight=0 41 441 56 385 29
internal_count=482 41 441 56 385 29
is_linear=0
shrinkage=0.1


Tree=57
num_leaves=5
num_cat=0
split_feature=7 58 70 21
split_gain=0.638946 0.739621 1.06499 0.468611
threshold=4.9013914242072483 3.0201273556387078 4.3372693810700085 4.9663289649179552
decision_type=2 2 2 2
left_child=1 2 -1 -3
right_child=-2 3 -4 -5
leaf_value=-9.1185045748716219e-05 0.019649054598994554 0.020465331816463733 -0.015031656182625079 0.0012903673187023602
leaf_weight=360 15.999999999999998 25 55 26
leaf_count=360 16 25 55 26
internal_value=0 -0.000674646 -0.00207125 0.0106899
internal_weight=0 466 415 51
internal_count=482 466 415 51
is_linear=0
shrinkage=0.1


Tree=58
num_leaves=6
num_cat=0
split_feature=3 2 62 24 38
split_gain=0.622593 1.46089 0.886735 1.10673 1.08405
threshold=1.4432899320127029e-15 3.2959746043559335e-16 1.4978661367769959 1.0000000180025095e-35 1.3340768919255232e-20
decision_type=2 2 2 2 2
left_child=1 -1 3 -2 -4
right_child=2 -3 4 -5 -6
leaf_value=0.0086464699796017491 0.025910508278757335 -0.031704962084461989 -0.01843634384131292 -0.00026426783629826138 0.00079455990903012799
leaf_weight=17 30 19 32 35 349
leaf_count=17 30 19 32 35 349
internal_value=0 -0.0126501 0.00102109 0.0118164 -0.000820634
internal_weight=0 36 446 65 381
internal_count=482 36 446 65 381
is_linear=0
shrinkage=0.1


Tree=59
num_leaves=7
num_cat=0
split_feature=21 35 69 2 20 75
split_gain=0.617479 1.69401 2.29709 1.47632 1.24179 1.51127
threshold=3.1984648276080736 3.6762205501217919 1.8688348091416846 2.3502401828962087 2.3502401828962087 3.1306337730518948e-18
decision_type=2 2 2 2 2 2
left_child=4 2 -2 -3 5 -1
right_child=1 3 -4 -5 -6 -7
leaf_value=-0.021706856406577255 -0.0070751923633805645 0.031215955899097026 -0.050091822439183788 -0.00030129931146454718 0.029685053938818685 0.006118094190222377
leaf_weight=23 72 15.999999999999998 14.999999999999998 209 18 129
leaf_count=23 72 16 15 209 18 129
internal_value=0 -0.00264201 -0.0144919 0.00193993 0.00484887 0.00190774
internal_weight=0 312 87 225 170 152
internal_count=482 312 87 225 170 152
is_linear=0
shrinkage=0.1


Tree=60
num_leaves=5
num_cat=0
split_feature=4 65 47 77
split_gain=0.60958 0.957185 0.930463 0.284169
threshold=5.0430920195175792 4.0342014792848504 3.3842466058243152 2.249904835165133
decision_type=2 2 2 2
left_child=1 2 -1 -2
right_child=3 -3 -4 -5
leaf_value=-0.0018290452349334334 0.020101979751433692 -0.030113910646601155 0.013206629051305558 0.0012894782022787976
leaf_weight=391 21 10.999999999999998 46 12.999999999999998
leaf_count=391 21 11 46 13
internal_value=0 -0.000979698 -0.000246343 0.012909
internal_weight=0 448 437 34
internal_count=482 448 437 34
is_linear=0
shrinkage=0.1


Tree=61
num_leaves=7
num_cat=0
split_feature=76 80 63 4 1 25
split_gain=0.585897 1.67686 1.5222 1.35393 1.35024 1.13701
threshold=1.8688348091416844 1.7005986908310777 2.0126758453675753 1.8688348091416844 1.9459101490553141 1.7005986908310768
decision_type=2 2 2 2 2 2
left_child=3 -2 -3 5 -5 -1
right_child=1 2 -4 4 -6 -7
leaf_value=0.045651060141300631 0.022767597986828716 0.0033704904577462006 -0.014901852728974707 -0.031968261301517489 0.0024145156567531171 0.0038271325138898998
leaf_weight=13.000000000000002 21 80 106 11.999999999999998 237 12.999999999999998
leaf_count=13 21 80 106 12 237 13
internal_value=0 -0.00401854 -0.00704278 0.00302486 0.000757514 0.0247391
internal_weight=0 207 186 275 249 26
internal_count=482 207 186 275 249 26
is_linear=0
shrinkage=0.1


Tree=62
num_leaves=6
num_cat=0
split_feature=4 14 4 41 6
split_gain=0.649789 1.50249 1.00692 2.25254 1.0973
threshold=1.0000000180025095e-35 4.5536491244391194e-18 2.3502401828962087 1.4113769201686037e-22 1.8688348091416844
decision_type=2 2 2 2 2
left_child=1 -1 3 -2 -4
right_child=2 -3 4 -5 -6
leaf_value=0.0074784564723571123 -0.0091763028475855078 -0.038072208127206464 -0.027535563757022225 0.0282035627843518 5.1259745680820949e-05
leaf_weight=15.000000000000002 28 13.999999999999998 14.999999999999998 38 372
leaf_count=15 28 14 15 38 372
internal_value=0 -0.0145115 0.000928994 0.0123454 -0.001018
internal_weight=0 29 453 66 387
internal_count=482 29 453 66 387
is_linear=0
shrinkage=0.1


Tree=63
num_leaves=6
num_cat=0
split_feature=66 61 65 65 28
split_gain=0.617747 1.66921 1.28704 0.88596 1.04714
threshold=5.3682852866967963 5.144545015774022 3.5694334999727624 4.0342014792848504 4.234001473612734
decision_type=2 2 2 2 2
left_child=1 2 -1 4 -2
right_child=3 -3 -4 -5 -6
leaf_value=0.00069492791816258754 0.037439502822235231 -0.038180348494400579 -0.03128859059741864 -0.0079723629856570857 0.0055719523702683895
leaf_weight=391 15.999999999999998 11.999999999999998 12.999999999999998 21 29
leaf_count=391 16 12 13 21 29
internal_value=0 -0.00142596 -0.000334245 0.00898786 0.0169026
internal_weight=0 416 404 66 45
internal_count=482 416 404 66 45
is_linear=0
shrinkage=0.1


Tree=64
num_leaves=7
num_cat=0
split_feature=51 70 47 31 71 51
split_gain=0.542517 3.41448 1.43619 1.06182 0.718483 0.434012
threshold=2.602003343538398 4.3372693810700085 3.0201273556387074 2.524928003624769 5.3518132088371191 3.1132683346437333
decision_type=2 2 2 2 2 2
left_child=1 3 -3 -1 5 -2
right_child=4 2 -4 -5 -6 -7
leaf_value=-0.0012703897799276245 0.018909632172309669 -0.061692709817240621 -0.015278356261551379 0.014031856011529016 -0.012068948720116169 0.0033756757813638879
leaf_weight=314 37 12.000000000000002 14.999999999999998 53 15.999999999999998 35
leaf_count=314 37 12 15 53 16 35
internal_value=0 -0.00158554 -0.035907 0.000939471 0.00709888 0.0113584
internal_weight=0 394 27 367 88 72
internal_count=482 394 27 367 88 72
is_linear=0
shrinkage=0.1


Tree=65
num_leaves=7
num_cat=0
split_feature=67 37 69 35 63 34
split_gain=0.542985 2.00114 2.21196 1.88101 1.81544 1.03482
threshold=0.89587973461402759 1.700598690831078 1.6696713456276771e-17 2.7061686225238191e-16 2.249904835165133 2.0126758453675753
decision_type=2 2 2 2 2 2
left_child=3 2 -2 -1 -3 -5
right_child=1 4 -4 5 -6 -7
leaf_value=0.03374662752214231 0.001633335355865328 0.015892149121018835 -0.044945875758474529 -0.0056848133486610926 -0.0046919375961318489 0.0087739177995050949
leaf_weight=19 19 58 22 110 164 90
leaf_count=19 19 58 22 110 164 90
internal_value=0 -0.00306277 -0.0233604 0.00367812 0.000685887 0.000821616
internal_weight=0 263 41 219 222 200
internal_count=482 263 41 219 222 200
is_linear=0
shrinkage=0.1


Tree=66
num_leaves=5
num_cat=0
split_feature=4 35 1 6
split_gain=0.54842 1.42676 0.7828 1.29315
threshold=1.0000000180025095e-35 1.0000000180025095e-35 1.0000000180025095e-35 3.0201273556387074
decision_type=2 2 2 2
left_child=1 -1 -2 -4
right_child=2 -3 3 -5
leaf_value=0.013068744540214536 -0.020871409866958859 -0.03196719093522167 0.010805432580966961 -0.0015828466322561352
leaf_weight=12.000000000000002 15.999999999999998 17 114 323
leaf_count=12 16 17 114 323
internal_value=0 -0.0133316 0.00085346 0.00164888
internal_weight=0 29 453 437
internal_count=482 29 453 437
is_linear=0
shrinkage=0.1


Tree=67
num_leaves=6
num_cat=0
split_feature=48 61 74 20 51
split_gain=0.545568 1.43158 1.47493 0.790101 0.657879
threshold=5.1119152036137292 5.0906732680195743 3.6762205501217919 2.8617925509761908 2.0126758453675753
decision_type=2 2 2 2 2
left_child=1 2 -1 -2 -5
right_child=3 -3 -4 4 -6
leaf_value=0.00051058899636180813 0.027851381174599135 -0.037225939638235353 -0.035121312939251463 -0.018745523125926412 0.0066509156542665822
leaf_weight=364 14.999999999999998 10.999999999999998 11.999999999999998 11.999999999999998 68
leaf_count=364 15 11 12 12 68
internal_value=0 -0.00166689 -0.000626599 0.00679039 0.00284145
internal_weight=0 387 376 95 80
internal_count=482 387 376 95 80
is_linear=0
shrinkage=0.1


Tree=68
num_leaves=7
num_cat=0
split_feature=21 19 25 63 30 58
split_gain=0.530724 1.69789 1.54193 1.53373 1.38852 1.23552
threshold=2.249904835165133 4.5536491244391194e-18 2.0126758453675753 2.1383330595080285 2.8029010331479989 1.8688348091416844
decision_type=2 2 2 2 2 2
left_child=1 -1 3 -2 -4 -3
right_child=2 5 4 -5 -6 -7
leaf_value=-0.020458795875310899 -0.0042457280004822209 0.0068124002480710105 0.026170214962052265 -0.029662287200335414 0.00047682482118773813 0.038385162397753449
leaf_weight=18 92 55 23 32 246 15.999999999999998
leaf_count=18 92 55 23 32 246 16
internal_value=0 0.00697288 -0.0015791 -0.0108048 0.00267366 0.0139274
internal_weight=0 89 393 124 269 71
internal_count=482 89 393 124 269 71
is_linear=0
shrinkage=0.1


Tree=69
num_leaves=6
num_cat=0
split_feature=38 70 60 76 2
split_gain=0.52464 1.85071 1.47343 0.735658 0.585976
threshold=2.9700856263602162 4.3372693810700085 2.1383330595080285 3.1132683346437333 2.8617925509761908
decision_type=2 2 2 2 2
left_child=1 2 -1 4 -2
right_child=3 -3 -4 -5 -6
leaf_value=0.0011253508324834021 0.026997580006718636 -0.037641507866127154 -0.026860318272374575 -0.018198157660663128 0.0052177427928628665
leaf_weight=317 13.999999999999998 13.999999999999998 20 11.999999999999998 105
leaf_count=317 14 14 20 12 105
internal_value=0 -0.00201553 -0.00053552 0.00540039 0.00778008
internal_weight=0 351 337 131 119
internal_count=482 351 337 131 119
is_linear=0
shrinkage=0.1


Tree=70
num_leaves=6
num_cat=0
split_feature=4 79 21 66 42
split_gain=0.513121 0.861107 1.05684 0.852391 0.829217
threshold=4.7492611597348082 5.2443855436100657 3.1984648276080736 3.9981586158983733 3.1984648276080736
decision_type=2 2 2 2 2
left_child=1 2 -1 -2 -5
right_child=3 -3 -4 4 -6
leaf_value=0.0041068381157124464 -0.015497718675231392 0.019665241094404148 -0.0062566965332868088 0.029170056838880888 0.0010359969513956458
leaf_weight=164 10.999999999999998 19 246 22 20
leaf_count=164 11 19 246 22 20
internal_value=0 -0.00114682 -0.00211128 0.00928276 0.0157729
internal_weight=0 429 410 53 42
internal_count=482 429 410 53 42
is_linear=0
shrinkage=0.1


Tree=71
num_leaves=7
num_cat=0
split_feature=49 25 75 12 3 58
split_gain=0.477375 0.867501 0.851102 1.72698 1.02198 0.292506
threshold=3.1567740231385479 4.2045812236012674 0.69314718055994551 3.4811217321331038 3.0677824455408698 3.2769667020129059
decision_type=2 2 2 2 2 2
left_child=2 -2 3 -1 -4 -3
right_child=1 5 4 -5 -6 -7
leaf_value=-0.0028226323398696479 0.034343188975683669 -0.011464135018600656 0.0091293555937175235 -0.044416680760108511 -0.0024391605747015482 0.0090264774662883653
leaf_weight=43 10.999999999999998 11.000000000000002 105 12.999999999999998 280 19
leaf_count=43 11 11 105 13 280 19
internal_value=0 0.0103213 -0.000959575 -0.0124784 0.000715889 0.00151325
internal_weight=0 41 441 56 385 30
internal_count=482 41 441 56 385 30
is_linear=0
shrinkage=0.1


Tree=72
num_leaves=6
num_cat=0
split_feature=4 35 4 41 6
split_gain=0.44679 1.1349 0.657669 1.72826 0.86841
threshold=1.0000000180025095e-35 1.0000000180025095e-35 2.3502401828962087 1.4113769201686037e-22 1.8688348091416844
decision_type=2 2 2 2 2
left_child=1 -1 3 -2 -4
right_child=2 -3 4 -5 -6
leaf_value=0.011512665823101995 -0.0088545945788999752 -0.028653672785731034 -0.024393450220425925 0.023887396147964816 0.00014803712678727724
leaf_weight=12.000000000000002 28 17 14.999999999999998 38 372
leaf_count=12 28 17 15 38 372
internal_value=0 -0.0120331 0.000770332 0.00999685 -0.000803183
internal_weight=0 29 453 66 387
internal_count=482 29 453 66 387
is_linear=0
shrinkage=0.1


Tree=73
num_leaves=8
num_cat=0
split_feature=13 64 53 31 4 33 18
split_gain=0.437573 1.79054 2.5116 1.43832 1.29869 1.22377 0.92054
threshold=1.2229038175983963e-20 7.5894152073985326e-18 7.7791505875834959e-18 0.34657359027997336 2.3502401828962087 0.34657359027997303 2.8460307027744496e-19
decision_type=2 2 2 2 2 2 2
left_child=3 2 -2 6 -3 -5 -1
right_child=1 4 -4 5 -6 -7 -8
leaf_value=0.01647107470004509 -0.056153753293412059 0.016130788516667157 0.0010425174499259276 0.045846774641956592 -0.0021947015793994068 0.0047375243188192452 -0.0059248244467501841
leaf_weight=24 14.000000000000002 45 17 14.000000000000002 275 14.999999999999998 78
leaf_count=24 14 45 17 14 275 15 78
internal_value=0 -0.0018407 -0.0247881 0.00493196 0.00038232 0.0245834 -0.000655201
internal_weight=0 351 31 131 320 29 102
internal_count=482 351 31 131 320 29 102
is_linear=0
shrinkage=0.1


Tree=74
num_leaves=8
num_cat=0
split_feature=63 51 3 74 22 54 39
split_gain=0.463509 1.93474 3.22773 0.986264 0.894337 0.800436 0.53438
threshold=3.6242520361853052 1.8688348091416846 3.7256208424938388 3.2769667020129059 0.89587973461402759 3.7726948748059121 5.2067464199591091
decision_type=2 2 2 2 2 2 2
left_child=1 3 -3 -1 6 -6 -2
right_child=4 2 -4 -5 5 -7 -8
leaf_value=-0.00043572498678813804 -0.02671527168290181 -0.042710066904380388 0.0062204738935598969 0.018891039465008114 0.034025514125823976 0.0068080924189416695 0.0019166669109836221
leaf_weight=295 11.000000000000002 28 26 29 12.999999999999998 64 15.999999999999998
leaf_count=295 11 28 26 29 13 64 16
internal_value=0 -0.00162658 -0.0191509 0.00129414 0.005912 0.0114032 -0.0097482
internal_weight=0 378 54 324 104 77 27
internal_count=482 378 54 324 104 77 27
is_linear=0
shrinkage=0.1


Tree=75
num_leaves=8
num_cat=0
split_feature=76 32 64 43 71 43 76
split_gain=0.414245 1.38735 2.93249 1.89129 0.651657 0.992228 0.789776
threshold=2.1383330595080285 2.1383330595080281 4.3241107269113215 3.9796379800581989 5.233746844386423 1.4978661367769959 1.0000000180025095e-35
decision_type=2 2 2 2 2 2 2
left_child=4 2 -2 -3 6 -6 -1
right_child=1 3 -4 -5 5 -7 -8
leaf_value=-0.0024334216323227457 -0.0053875670977392978 0.037340732291340828 -0.059840563515370537 -0.0017224282280287962 -0.035650880059058004 0.0024708177887886353 0.0084352877452217329
leaf_weight=117 98 15.999999999999998 10.999999999999998 55 11.000000000000002 18 156
leaf_count=117 98 16 11 55 11 18 156
internal_value=0 -0.00379728 -0.0108828 0.00708054 0.00226328 -0.0119891 0.00377727
internal_weight=0 180 109 71 302 29 273
internal_count=482 180 109 71 302 29 273
is_linear=0
shrinkage=0.1


Tree=76
num_leaves=6
num_cat=0
split_feature=38 70 60 65 28
split_gain=0.389548 1.31975 0.958456 0.605394 0.563149
threshold=2.9700856263602162 4.3372693810700085 2.1383330595080285 4.0342014792848504 4.9051650270249398
decision_type=2 2 2 2 2
left_child=1 2 -1 4 -2
right_child=3 -3 -4 -5 -6
leaf_value=0.00085258733346024154 0.012005306055070834 -0.031821289618632627 -0.02171870586462319 -0.010905135493902934 -0.0040604881336912518
leaf_weight=317 80 13.999999999999998 20 21 30
leaf_count=317 80 14 20 21 30
internal_value=0 -0.00173676 -0.000486955 0.00465345 0.00762373
internal_weight=0 351 337 131 110
internal_count=482 351 337 131 110
is_linear=0
shrinkage=0.1


Tree=77
num_leaves=6
num_cat=0
split_feature=4 24 23 64 77
split_gain=0.375612 0.572014 1.54275 0.727381 0.171491
threshold=5.0430920195175792 2.8617925509761908 2.4414009612931857 4.7360445312007302 2.249904835165133
decision_type=2 2 2 2 2
left_child=1 3 -3 -1 -2
right_child=4 2 -4 -5 -6
leaf_value=-0.00069069068360346842 0.015721008146093004 -0.044014869901266969 -0.00093059567597639919 0.016602542315824673 0.0011066899419977115
leaf_weight=377 21 10.999999999999998 34 26 12.999999999999998
leaf_count=377 21 11 34 26 13
internal_value=0 -0.000769036 -0.0114623 0.000425002 0.0101332
internal_weight=0 448 45 403 34
internal_count=482 448 45 403 34
is_linear=0
shrinkage=0.1


Tree=78
num_leaves=7
num_cat=0
split_feature=67 35 47 21 35 69
split_gain=0.371518 1.40915 1.87427 1.78418 1.30141 0.818662
threshold=0.89587973461402759 3.4175922930736511 1.6094379124341012 3.8284050457401895 2.7061686225238191e-16 6.4035690812425115e-19
decision_type=2 2 2 2 2 2
left_child=4 2 -2 -3 -1 -6
right_child=1 3 -4 -5 5 -7
leaf_value=0.028052958846092227 0.00023625250027145981 0.025073527827238047 -0.028046053408512045 -0.001833969937718433 -0.0069296679268759419 0.0060551379121736521
leaf_weight=19 53 30 42 138 83 117
leaf_count=19 53 30 42 138 83 117
internal_value=0 -0.00253344 -0.0122675 0.00297094 0.00304244 0.000666443
internal_weight=0 263 95 168 219 200
internal_count=482 263 95 168 219 200
is_linear=0
shrinkage=0.1


Tree=79
num_leaves=7
num_cat=0
split_feature=72 21 38 41 72 1
split_gain=0.374171 1.33337 2.97181 1.65596 1.17726 0.842585
threshold=2.3716922523120409e-20 3.6762205501217919 1.8688348091416846 1.7005986908310782 5.3125906451789733e-18 3.2959746043559335e-16
decision_type=2 2 2 2 2 2
left_child=1 2 -1 -3 -2 -6
right_child=4 3 -4 -5 5 -7
leaf_value=-0.011249407758124365 0.030909005552530289 -0.043518931922667169 0.039930465305224067 0.0013037413824349643 -0.024713483603241354 0.0011909229931441824
leaf_weight=39 12.999999999999998 17 15.999999999999998 15.999999999999998 12.999999999999998 368
leaf_count=39 13 17 16 16 13 368
internal_value=0 -0.00589547 0.00363928 -0.0217867 0.00131675 0.000307046
internal_weight=0 88 55 33 394 381
internal_count=482 88 55 33 394 381
is_linear=0
shrinkage=0.1


Tree=80
num_leaves=7
num_cat=0
split_feature=21 19 25 39 43 0
split_gain=0.364411 1.13884 0.95653 1.17284 1.06769 0.919303
threshold=2.249904835165133 4.5536491244391194e-18 2.0126758453675753 4.6774800307930642 2.1972245773362205 3.1984648276080736
decision_type=2 2 2 2 2 2
left_child=1 -1 3 -2 -4 -3
right_child=2 5 4 -5 -6 -7
leaf_value=-0.016688227172320089 -0.0049670865746437136 0.025167455122774018 0.017574276593758872 -0.034791479607423147 -0.00051417916436635313 0.0020183190792089421
leaf_weight=18 109 29 38 14.999999999999998 231 42
leaf_count=18 109 29 38 15 231 42
internal_value=0 0.00577795 -0.00130849 -0.00857488 0.00204107 0.0114736
internal_weight=0 89 393 124 269 71
internal_count=482 89 393 124 269 71
is_linear=0
shrinkage=0.1


Tree=81
num_leaves=5
num_cat=0
split_feature=78 4 67 6
split_gain=0.346202 0.453052 0.624475 0.582728
threshold=3.6105525490912482 4.7492611597348082 0.89587973461402759 4.7184590100123378
decision_type=2 2 2 2
left_child=1 2 -1 -3
right_child=-2 3 -4 -5
leaf_value=0.0024329725319019906 0.016772577725350856 0.026746321584169681 -0.0052899304931878907 0.0022187536092180956
leaf_weight=205 11.999999999999998 12.999999999999998 214 38
leaf_count=205 12 13 214 38
internal_value=0 -0.000428236 -0.00151142 0.00847088
internal_weight=0 470 419 51
internal_count=482 470 419 51
is_linear=0
shrinkage=0.1


Tree=82
num_leaves=7
num_cat=0
split_feature=49 30 76 15 4 56
split_gain=0.328967 0.675745 0.6006 1.75902 0.938317 0.141869
threshold=3.1567740231385479 5.003923783930186 2.0126758453675753 5.2041704279304219e-17 1.8688348091416844 3.3842466058243152
decision_type=2 2 2 2 2 2
left_child=2 -2 4 -4 -1 -3
right_child=1 5 3 -5 -6 -7
leaf_value=0.019399258501029443 0.025470100392897928 -0.0091618599835783226 -0.024780022071020022 -2.703094106959546e-06 9.1311847417050587e-05 0.00565564317096557
leaf_weight=28 14.999999999999998 12.000000000000002 37 127 249 13.999999999999998
leaf_count=28 15 12 37 127 249 14
internal_value=0 0.008568 -0.000796572 -0.00559271 0.00204302 -0.0011832
internal_weight=0 41 441 164 277 26
internal_count=482 41 441 164 277 26
is_linear=0
shrinkage=0.1


Tree=83
num_leaves=5
num_cat=0
split_feature=57 52 66 4
split_gain=0.323602 0.992344 0.958797 0.621137
threshold=1.0000000180025095e-35 1.0000000180025095e-35 0.3465735902799737 1.0000000180025095e-35
decision_type=2 2 2 2
left_child=1 -1 -2 -4
right_child=2 -3 3 -5
leaf_value=0.006433398090302943 0.028545222120980426 -0.030762799700292262 -0.023567869175564162 0.00049694396793669045
leaf_weight=16.000000000000004 11.999999999999998 12.999999999999998 10.999999999999998 430
leaf_count=16 12 13 11 430
internal_value=0 -0.0102408 0.000655589 -0.000103312
internal_weight=0 29 453 441
internal_count=482 29 453 441
is_linear=0
shrinkage=0.1


Tree=84
num_leaves=7
num_cat=0
split_feature=21 19 8 25 17 30
split_gain=0.32149 0.769608 0.861473 0.719359 1.03553 0.980419
threshold=2.249904835165133 4.5536491244391194e-18 2.524928003624769 2.0126758453675753 2.2768245622195597e-18 2.8029010331479989
decision_type=2 2 2 2 2 2
left_child=1 -1 -3 4 -2 -5
right_child=3 2 -4 5 -6 -7
leaf_value=-0.013041524816718367 0.015396070787135294 0.023365329931779158 0.00095613189485101483 0.021419661234983286 -0.01117302789918591 -0.00017022790512206352
leaf_weight=18 17 29 42 23 107 246
leaf_count=18 17 29 42 23 107 246
internal_value=0 0.00542702 0.0101092 -0.00122902 -0.00753049 0.00167575
internal_weight=0 89 71 393 124 269
internal_count=482 89 71 393 124 269
is_linear=0
shrinkage=0.1


Tree=85
num_leaves=7
num_cat=0
split_feature=38 7 34 14 48 82
split_gain=0.317463 1.18617 0.921669 0.646414 1.46379 1.07983
threshold=2.4633073358870661e-16 4.6491756246494491 1.2143064331837652e-16 1.0408340855860844e-16 3.9981586158983733 2.524928003624769
decision_type=2 2 2 2 2 2
left_child=1 2 -1 5 -5 -2
right_child=3 -3 -4 4 -6 -7
leaf_value=0.010862837249741835 -0.020413716758290928 0.025348896905779839 -0.01546683040386463 -0.014068815703777708 0.0027362422183489239 0.0114222508320879
leaf_weight=17 11.999999999999998 10.999999999999998 61 68 218 95
leaf_count=17 12 11 61 68 218 95
internal_value=0 -0.00539293 -0.00972831 0.0012213 -0.00125937 0.00785186
internal_weight=0 89 78 393 286 107
internal_count=482 89 78 393 286 107
is_linear=0
shrinkage=0.1


Tree=86
num_leaves=8
num_cat=0
split_feature=6 78 65 56 47 48 27
split_gain=0.32889 2.02194 1.15213 0.867192 1.18574 1.04293 0.482067
threshold=3.0201273556387074 2.0126758453675753 3.1984648276080736 2.8029010331479989 2.8029010331479989 2.8617925509761908 2.8617925509761908
decision_type=2 2 2 2 2 2 2
left_child=1 2 -1 5 -5 -2 -3
right_child=3 6 -4 4 -6 -7 -8
leaf_value=0.0018160157644189897 0.0028509657696953843 0.017283569881692523 -0.031941403651779353 0.029919916251674297 0.00088013454705701565 -0.012213254407080903 0.046265731637620114
leaf_weight=125 77 12.000000000000002 10.999999999999998 15.999999999999998 116 114 10.999999999999998
leaf_count=125 77 12 11 16 116 114 11
internal_value=0 0.0037231 -0.000914364 -0.00183273 0.00440011 -0.00614024 0.0311446
internal_weight=0 159 136 323 132 191 23
internal_count=482 159 136 323 132 191 23
is_linear=0
shrinkage=0.1


Tree=87
num_leaves=6
num_cat=0
split_feature=7 73 7 18 34
split_gain=0.353584 1.02208 0.901131 0.867946 0.635282
threshold=3.2769667020129059 0.69314718055994551 3.1984648276080736 2.3716922523120409e-20 2.9420910152566601e-15
decision_type=2 2 2 2 2
left_child=2 -2 3 -1 -3
right_child=1 4 -4 -5 -6
leaf_value=0.012571000877135205 -0.023702715071184294 -0.014789114127467787 0.030772818337109958 -0.0021383908272466878 0.0012741305893880553
leaf_weight=53 21 28 10.999999999999998 165 204
leaf_count=53 21 28 11 165 204
internal_value=0 -0.0025768 0.00284685 0.00143775 -0.000664537
internal_weight=0 253 229 218 232
internal_count=482 253 229 218 232
is_linear=0
shrinkage=0.1


Tree=88
num_leaves=5
num_cat=0
split_feature=52 61 31 42
split_gain=0.29171 0.991591 0.647121 0.256575
threshold=5.2880629282322671 5.144545015774022 2.524928003624769 3.2384861814448418
decision_type=2 2 2 2
left_child=1 2 -1 -2
right_child=3 -3 -4 -5
leaf_value=-0.00159664887342794 0.019277895880596981 -0.026881820655294826 0.0086734276870580242 0.0018008693032676264
leaf_weight=359 13.999999999999998 13.999999999999998 74 21
leaf_count=359 14 14 74 21
internal_value=0 -0.000688387 0.000158514 0.00879168
internal_weight=0 447 433 35
internal_count=482 447 433 35
is_linear=0
shrinkage=0.1


Tree=89
num_leaves=7
num_cat=0
split_feature=24 2 33 65 82 80
split_gain=0.288446 1.52566 0.924637 0.863528 0.401017 0.331907
threshold=2.8029010331479989 3.9415346756528771 2.0126758453675753 3.4811217321331038 3.0677824455408698 2.4414009612931857
decision_type=2 2 2 2 2 2
left_child=2 -2 3 -1 -4 -3
right_child=1 5 4 -5 -6 -7
leaf_value=-9.9440959246504992e-05 -0.040136044252325191 0.006116503084430824 0.0080405947912082672 -0.027395586390048268 0.027715581411925646 -0.010143658950140603
leaf_weight=339 10.999999999999998 37 51 11.999999999999998 12.999999999999998 19
leaf_count=339 11 37 51 12 13 19
internal_value=0 -0.00608829 0.000982929 -0.00103264 0.0120371 0.000599662
internal_weight=0 67 415 351 64 56
internal_count=482 67 415 351 64 56
is_linear=0
shrinkage=0.1


Tree=90
num_leaves=6
num_cat=0
split_feature=7 73 7 18 19
split_gain=0.291185 0.810396 0.7446 0.699235 0.595566
threshold=3.2769667020129059 0.69314718055994551 3.1984648276080736 2.3716922523120409e-20 2.9174053685313028
decision_type=2 2 2 2 2
left_child=2 -2 3 -1 -3
right_child=1 4 -4 -5 -6
leaf_value=0.011295386214020119 -0.021149868216542973 0.0070721453371723857 0.027968385383825414 -0.0019072275814797845 -0.0039661611672519581
leaf_weight=53 21 70 10.999999999999998 165 162
leaf_count=53 21 70 11 165 162
internal_value=0 -0.0023384 0.00258347 0.00130258 -0.000635638
internal_weight=0 253 229 218 232
internal_count=482 253 229 218 232
is_linear=0
shrinkage=0.1


Tree=91
num_leaves=8
num_cat=0
split_feature=63 43 4 31 22 39 5
split_gain=0.300034 1.35126 1.36497 1.2372 0.573371 0.583609 0.277835
threshold=3.6242520361853052 3.4498615536424366 3.5408542930527882 2.9174053685313028 0.89587973461402759 4.6051201834879256 4.2835627800822236
decision_type=2 2 2 2 2 2 2
left_child=1 3 -3 -1 6 -6 -2
right_child=4 2 -4 -5 5 -7 -8
leaf_value=0.00019057601897952121 0.00062850098474882528 -0.033851972032014448 -0.0040158426875005603 0.031710275950340122 0.02941532162949443 0.0054126747375210895 -0.020016702586276969
leaf_weight=296 16.000000000000004 23 46 12.999999999999998 11.999999999999998 65 10.999999999999998
leaf_count=296 16 23 46 13 12 65 11
internal_value=0 -0.00130868 -0.0139612 0.00151665 0.00475654 0.00915335 -0.00778251
internal_weight=0 378 69 309 104 77 27
internal_count=482 378 69 309 104 77 27
is_linear=0
shrinkage=0.1


Tree=92
num_leaves=6
num_cat=0
split_feature=25 30 6 66 8
split_gain=0.281517 1.46269 1.32034 0.799842 0.631813
threshold=1.0000000180025095e-35 4.3882378946731615 1.9459101490553141 2.6562953225894865e-17 2.0126758453675748
decision_type=2 2 2 2 2
left_child=1 2 -1 -2 -5
right_child=3 -3 -4 4 -6
leaf_value=-0.016994367190636694 0.022312317569466198 -0.031450734809999735 0.012674292749725284 -0.009009634370782546 0.0019434678266724325
leaf_weight=24 17 17 40 63 321
leaf_count=24 17 17 40 63 321
internal_value=0 -0.00537723 0.00154855 0.00108617 0.000146474
internal_weight=0 81 64 401 384
internal_count=482 81 64 401 384
is_linear=0
shrinkage=0.1


Tree=93
num_leaves=7
num_cat=0
split_feature=6 74 6 56 47 77
split_gain=0.277224 1.62915 0.79734 0.711342 0.887978 0.85299
threshold=3.0201273556387074 3.2769667020129059 2.740319461670996 2.8029010331479989 2.8029010331479989 2.3502401828962087
decision_type=2 2 2 2 2 2
left_child=1 2 -1 5 -5 -2
right_child=3 -3 -4 4 -6 -7
leaf_value=-0.0033416989330454904 -0.0018738273416377912 0.034781159766862406 0.016003590234770226 0.02604669083375484 0.00091630894217062094 -0.01762111940317684
leaf_weight=118 146 14.999999999999998 26 15.999999999999998 116 45
leaf_count=118 146 15 26 16 116 45
internal_value=0 0.00341818 0.000151201 -0.00168263 0.00396242 -0.00558392
internal_weight=0 159 144 323 132 191
internal_count=482 159 144 323 132 191
is_linear=0
shrinkage=0.1


Tree=94
num_leaves=5
num_cat=0
split_feature=7 50 70 75
split_gain=0.257981 0.372725 0.752721 0.625924
threshold=4.9556038377756337 4.5536491244391194e-18 4.891920202254596e-16 5.3181079790900982
decision_type=2 2 2 2
left_child=1 2 -1 -3
right_child=-2 3 -4 -5
leaf_value=-0.016231669029220939 0.013895850263249417 0.0030558808241345874 -0.00025082604427422795 -0.011694149905815722
leaf_weight=40 12.999999999999998 285 112 32
leaf_count=40 13 285 112 32
internal_value=0 -0.000385173 -0.00445631 0.00156692
internal_weight=0 469 152 317
internal_count=482 469 152 317
is_linear=0
shrinkage=0.1


Tree=95
num_leaves=7
num_cat=0
split_feature=72 6 72 56 7 67
split_gain=0.26145 1.04643 0.529449 0.730557 0.584022 0.181887
threshold=4.3502571242716384 3.4498615536424366 3.9796379800581989 2.4414009612931862 4.6491756246494491 0.34657359027997336
decision_type=2 2 2 2 2 2
left_child=2 -2 4 -4 -1 -3
right_child=1 5 3 -5 -6 -7
leaf_value=-0.00040707643144423622 0.033774222704497252 -0.013093429634516885 -0.0023548915795981885 -0.032371886462594077 0.018012467238845097 0.0050918119874867529
leaf_weight=394 10.999999999999998 11.000000000000002 25 11.999999999999998 18 10.999999999999998
leaf_count=394 11 11 25 12 18 11
internal_value=0 0.00859087 -0.0006314 -0.0120901 0.000397661 -0.00400081
internal_weight=0 33 449 37 412 22
internal_count=482 33 449 37 412 22
is_linear=0
shrinkage=0.1


Tree=96
num_leaves=6
num_cat=0
split_feature=9 24 68 64 66
split_gain=0.244144 0.579427 1.0065 0.628227 0.227381
threshold=4.4127799275304262 2.8617925509761908 2.1383330595080281 4.70043904177074 4.4829865921051741
decision_type=2 2 2 2 2
left_child=1 3 -3 -1 -2
right_child=4 2 -4 -5 -6
leaf_value=-0.00066407376637918846 -0.0022242705982465009 -0.037930748154493897 -0.0020450547992907193 0.013928414046677063 0.014603851114710173
leaf_weight=378 12.999999999999998 10.999999999999998 27 32 21
leaf_count=378 13 11 27 32 21
internal_value=0 -0.000620012 -0.012433 0.000474852 0.00816957
internal_weight=0 448 38 410 34
internal_count=482 448 38 410 34
is_linear=0
shrinkage=0.1


Tree=97
num_leaves=7
num_cat=0
split_feature=13 64 53 4 31 26
split_gain=0.24401 0.978857 1.35201 0.921497 0.900384 0.536132
threshold=1.2229038175983963e-20 7.5894152073985326e-18 7.7791505875834959e-18 2.3502401828962087 0.89587973461402759 4.6249247525354482
decision_type=2 2 2 2 2 2
left_child=4 2 -2 -3 5 -1
right_child=1 3 -4 -5 -6 -7
leaf_value=-0.0015418799475390608 -0.041354143892281814 0.013534859000808664 0.00061032436788082127 -0.0019016565946142446 0.028660386070035973 0.019302851280164242
leaf_weight=104 14.000000000000002 45 17 275 12.999999999999998 13.999999999999998
leaf_count=104 14 45 17 275 13 14
internal_value=0 -0.00137456 -0.0183414 0.000269103 0.00368297 0.000931224
internal_weight=0 351 31 320 131 118
internal_count=482 351 31 320 131 118
is_linear=0
shrinkage=0.1


Tree=98
num_leaves=6
num_cat=0
split_feature=46 75 12 46 6
split_gain=0.262062 0.920366 0.991256 0.82454 0.40093
threshold=1.0000000180025095e-35 3.1132683346437333 2.740319461670996 3.8857805861880474e-16 3.0201273556387074
decision_type=2 2 2 2 2
left_child=1 2 -1 -2 -5
right_child=3 -3 -4 4 -6
leaf_value=0.016283706658960961 -0.022386637549189962 0.032395511018958961 -0.015239943741332918 0.0052898279439824543 -0.0017761332329293928
leaf_weight=19 17 10.999999999999998 21 109 305
leaf_count=19 17 11 21 109 305
internal_value=0 0.00677848 -0.00026621 -0.000802093 8.42285e-05
internal_weight=0 51 40 431 414
internal_count=482 51 40 431 414
is_linear=0
shrinkage=0.1


Tree=99
num_leaves=5
num_cat=0
split_feature=78 76 63 4
split_gain=0.24908 0.288025 0.7272 0.505026
threshold=3.6105525490912482 2.1383330595080285 2.0126758453675753 1.8688348091416844
decision_type=2 2 2 2
left_child=1 3 -3 -1
right_child=-2 2 -4 -5
leaf_value=0.012783938895777933 0.014226714319859944 0.0044267106366885911 -0.008983415179182868 5.8657812703877012e-06
leaf_weight=35 11.999999999999998 67 102 266
leaf_count=35 12 67 102 266
internal_value=0 -0.000363235 -0.00366697 0.00149169
internal_weight=0 470 169 301
internal_count=482 470 169 301
is_linear=0
shrinkage=0.1


end of trees

feature_importances:
Column_76=37
Column_0=33
Column_4=25
Column_7=22
Column_1=21
Column_75=19
Column_6=18
Column_21=18
Column_63=18
Column_25=15
Column_67=14
Column_70=12
Column_77=12
Column_79=11
Column_80=11
Column_12=10
Column_83=10
Column_58=9
Column_65=9
Column_71=9
Column_3=8
Column_5=8
Column_8=8
Column_29=8
Column_35=8
Column_38=8
Column_64=8
Column_2=7
Column_30=7
Column_49=7
Column_78=7
Column_10=6
Column_31=6
Column_43=6
Column_72=6
Column_73=6
Column_74=6
Column_82=6
Column_13=5
Column_19=5
Column_47=5
Column_48=5
Column_51=5
Column_62=5
Column_66=5
Column_14=4
Column_24=4
Column_28=4
Column_39=4
Column_41=4
Column_46=4
Column_56=4
Column_81=4
Column_16=3
Column_18=3
Column_22=3
Column_23=3
Column_33=3
Column_34=3
Column_40=3
Column_42=3
Column_53=3
Column_54=3
Column_60=3
Column_61=3
Column_68=3
Column_69=3
Column_17=2
Column_20=2
Column_26=2
Column_36=2
Column_44=2
Column_52=2
Column_55=2
Column_57=2
Column_9=1
Column_11=1
Column_15=1
Column_27=1
Column_32=1
Column_37=1
Column_50=1

parameters:
[boosting: gbdt]
[objective: regression]
[metric: l1]
[tree_learner: serial]
[device_type: cpu]
[data_sample_strategy: bagging]
[data: ]
[valid: ]
[num_iterations: 100]
[learning_rate: 0.1]
[num_leaves: 8]
[num_threads: 16]
[seed: 0]
[deterministic: 0]
[force_col_wise: 0]
[force_row_wise: 0]
[histogram_pool_size: -1]
[max_depth: 3]
[min_data_in_leaf: 11]
[min_sum_hessian_in_leaf: 0.001]
[bagging_fraction: 1]
[pos_bagging_fraction: 1]
[neg_bagging_fraction: 1]
[bagging_freq: 0]
[bagging_seed: 3]
[feature_fraction: 1]
[feature_fraction_bynode: 1]
[feature_fraction_seed: 2]
[extra_trees: 0]
[extra_seed: 6]
[early_stopping_round: 0]
[first_metric_only: 0]
[max_delta_step: 0]
[lambda_l1: 0]
[lambda_l2: 0]
[linear_lambda: 0]
[min_gain_to_split: 0]
[drop_rate: 0.1]
[max_drop: 50]
[skip_drop: 0.5]
[xgboost_dart_mode: 0]
[uniform_drop: 0]
[drop_seed: 4]
[top_rate: 0.2]
[other_rate: 0.1]
[min_data_per_group: 100]
[max_cat_threshold: 32]
[cat_l2: 10]
[cat_smooth: 10]
[max_cat_to_onehot: 4]
[top_k: 20]
[monotone_constraints: ]
[monotone_constraints_method: basic]
[monotone_penalty: 0]
[feature_contri: ]
[forcedsplits_filename: ]
[refit_decay_rate: 0.9]
[cegb_tradeoff: 1]
[cegb_penalty_split: 0]
[cegb_penalty_feature_lazy: ]
[cegb_penalty_feature_coupled: ]
[path_smooth: 0]
[interaction_constraints: ]
[verbosity: -1]
[saved_feature_importance_type: 0]
[use_quantized_grad: 0]
[num_grad_quant_bins: 4]
[quant_train_renew_leaf: 0]
[stochastic_rounding: 1]
[linear_tree: 0]
[max_bin: 255]
[max_bin_by_feature: ]
[min_data_in_bin: 3]
[bin_construct_sample_cnt: 200000]
[data_random_seed: 1]
[is_enable_sparse: 1]
[enable_bundle: 1]
[use_missing: 1]
[zero_as_missing: 0]
[feature_pre_filter: 1]
[pre_partition: 0]
[two_round: 0]
[header: 0]
[label_column: ]
[weight_column: ]
[group_column: ]
[ignore_column: ]
[categorical_feature: ]
[forcedbins_filename: ]
[precise_float_parser: 0]
[parser_config_file: ]
[objective_seed: 5]
[num_class: 1]
[is_unbalance: 0]
[scale_pos_weight: 1]
[sigmoid: 1]
[boost_from_average: 1]
[reg_sqrt: 0]
[alpha: 0.9]
[fair_c: 1]
[poisson_max_delta_step: 0.7]
[tweedie_variance_power: 1.5]
[lambdarank_truncation_level: 30]
[lambdarank_norm: 1]
[label_gain: ]
[lambdarank_position_bias_regularization: 0]
[eval_at: ]
[multi_error_top_k: 1]
[auc_mu_weights: ]
[num_machines: 1]
[local_listen_port: 12400]
[time_out: 120]
[machine_list_filename: ]
[machines: ]
[gpu_platform_id: -1]
[gpu_device_id: -1]
[gpu_use_dp: 0]
[num_gpu: 1]

end of parameters

pandas_categorical:null
