tree
version=v4
num_class=1
num_tree_per_iteration=1
label_index=0
max_feature_idx=91
objective=regression
feature_names=Column_0 Column_1 Column_2 Column_3 Column_4 Column_5 Column_6 Column_7 Column_8 Column_9 Column_10 Column_11 Column_12 Column_13 Column_14 Column_15 Column_16 Column_17 Column_18 Column_19 Column_20 Column_21 Column_22 Column_23 Column_24 Column_25 Column_26 Column_27 Column_28 Column_29 Column_30 Column_31 Column_32 Column_33 Column_34 Column_35 Column_36 Column_37 Column_38 Column_39 Column_40 Column_41 Column_42 Column_43 Column_44 Column_45 Column_46 Column_47 Column_48 Column_49 Column_50 Column_51 Column_52 Column_53 Column_54 Column_55 Column_56 Column_57 Column_58 Column_59 Column_60 Column_61 Column_62 Column_63 Column_64 Column_65 Column_66 Column_67 Column_68 Column_69 Column_70 Column_71 Column_72 Column_73 Column_74 Column_75 Column_76 Column_77 Column_78 Column_79 Column_80 Column_81 Column_82 Column_83 Column_84 Column_85 Column_86 Column_87 Column_88 Column_89 Column_90 Column_91
feature_infos=[0:5.6559918108198524] [0:5.6559918108198524] [0:5.6559918108198524] [0:5.6559918108198524] [0:5.6559918108198524] [0:5.6559918108198524] [0:5.3132059790417872] [0:5.3132059790417872] [0:5.3132059790417872] [0.69314718055994529:7.4012312644130152] [0:5.6733232671714928] [0.69314718055994529:8.2602342916072971] [0.69314718055994529:6.6567265241783913] [0.69314718055994529:7.8087293067443992] [0.69314718055994529:8.4274872783317445] [0.69314718055994529:7.2078598714324755] [0.69314718055994529:7.4798641311650265] [0:5.0751738152338266] [0.69314718055994529:7.4012312644130152] [0:5.6733232671714928] [0.69314718055994529:8.2602342916072971] [0.69314718055994529:6.6567265241783913] [0.69314718055994529:7.8087293067443992] [0.69314718055994529:8.4274872783317445] [0.69314718055994529:7.2078598714324755] [0.69314718055994529:7.4798641311650265] [0:5.0751738152338266] [0.69314718055994529:7.4012312644130152] [0:5.6733232671714928] [0.69314718055994529:8.2602342916072971] [0.69314718055994529:6.6567265241783913] [0.69314718055994529:7.8087293067443992] [0.69314718055994529:8.4274872783317445] [0.69314718055994529:7.2078598714324755] [0.69314718055994529:7.4798641311650265] [0:5.0751738152338266] [0.69314718055994529:7.4012312644130152] [0:5.6733232671714928] [0.69314718055994529:8.2602342916072971] [0.69314718055994529:6.6567265241783913] [0.69314718055994529:7.8087293067443992] [0.69314718055994529:8.4274872783317445] [0.69314718055994529:7.2078598714324755] [0.69314718055994529:7.4798641311650265] [0:5.0751738152338266] [0.69314718055994529:7.4012312644130152] [0:5.6733232671714928] [0.69314718055994529:8.2602342916072971] [0.69314718055994529:6.6567265241783913] [0.69314718055994529:7.8087293067443992] [0.69314718055994529:8.4274872783317445] [0.69314718055994529:7.2078598714324755] [0.69314718055994529:7.4798641311650265] [0:5.0751738152338266] [0.69314718055994529:7.4012312644130152] [0:5.6733232671714928] [0.69314718055994529:8.2602342916072971] [0.69314718055994529:6.6567265241783913] [0.69314718055994529:7.8087293067443992] [0.69314718055994529:8.4274872783317445] [0.69314718055994529:7.2078598714324755] [0.69314718055994529:7.4798641311650265] [0:5.0751738152338266] [0.69314718055994529:7.4012312644130152] [0:5.3612921657094255] [0.69314718055994529:8.2602342916072971] [0.69314718055994529:6.481577129276431] [0.69314718055994529:7.8087293067443992] [0.69314718055994529:8.4274872783317445] [0.69314718055994529:7.2078598714324755] [0.69314718055994529:7.4798641311650265] [0:4.8520302639196169] [0.69314718055994529:7.4012312644130152] [0:5.3612921657094255] [0.69314718055994529:8.0627479010863539] [0.69314718055994529:6.4002574453088208] [0.69314718055994529:7.7323692222843876] [0.69314718055994529:8.4274872783317445] [0.69314718055994529:7.2078598714324755] [0.69314718055994529:7.4798641311650265] [0:4.8520302639196169] [0.69314718055994529:7.4012312644130152] [0:5.3612921657094255] [0.69314718055994529:8.0484687436688827] [0.69314718055994529:6.4002574453088208] [0.69314718055994529:7.7323692222843876] [0.69314718055994529:8.4274872783317445] [0.69314718055994529:7.2078598714324755] [0.69314718055994529:7.4798641311650265] [0:4.8520302639196169] [0.69314718055994529:3.970291913552122] [0.69314718055994529:3.970291913552122]
tree_sizes=800 828 798 813 801 798 832 805 807 824 808 818 747 841 852 827 873 824 746 779 747 759 761 676 844 748 750 847 766 860 871 848 761 832 794 785 841 758 763 738 505 853 754 490 797 520 781 869 783 853 520 754 826 622 885 589 519 660 523 788 884 768 763 520 856 522 520 792 856 901 742 537 859 757 755 606 876 521 535 790 883 821 762 605 522 858 758 690 900 860 590 688 600 518 788 759 671 792 786 801

Tree=0
num_leaves=8
num_cat=0
split_feature=0 11 90 15 16 11 11
split_gain=670.909 77.0731 52.8001 23.0271 18.1783 15.51 4.55049
threshold=2.3502401828962087 6.4831026754353713 3.8606743063089755 4.234001473612734 4.6346818562128229 7.460410184040053 4.976709960642169
decision_type=2 2 2 2 2 2 2
left_child=2 4 3 -1 -2 -3 -4
right_child=1 5 6 -5 -6 -7 -8
leaf_value=1.959755594755588 2.0945002200027156 2.2451745075451499 2.0504376961584185 2.101348094146076 2.179706807111593 2.3354427911308573 2.1276320932533439
leaf_weight=268 42 92 11.999999999999998 11.999999999999998 62 24 21
leaf_count=268 42 92 12 12 62 24 21
internal_value=2.07398 2.20781 1.97992 1.96582 2.1453 2.26385 2.09956
internal_weight=0 220 313 280 104 116 33
internal_count=533 220 313 280 104 116 33
is_linear=0
shrinkage=1


Tree=1
num_leaves=8
num_cat=0
split_feature=0 11 90 9 0 11 29
split_gain=545.227 75.2127 31.9121 16.5778 14.4092 12.5631 2.26895
threshold=2.1383330595080281 6.4831026754353713 3.8606743063089755 4.8441560854355483 1.2424533248940004 7.460410184040053 4.1430087342023825
decision_type=2 2 2 2 2 2 2
left_child=2 3 4 -2 -1 -3 -4
right_child=1 5 6 -5 -6 -7 -8
leaf_value=-0.11377477914613872 0.017550536385652692 0.15407104537538863 -0.013391903849939503 0.092146540093593882 -0.061369241809498681 0.23531249364217124 0.046908474255066654
leaf_weight=201 55 92 12.000000000000002 65 71 24 12.999999999999998
leaf_count=201 55 92 12 65 71 24 13
internal_value=0 0.113461 -0.0901577 0.0579567 -0.100095 0.17088 0.0179643
internal_weight=0 236 297 120 272 116 25
internal_count=533 236 297 120 272 116 25
is_linear=0
shrinkage=0.1


Tree=2
num_leaves=8
num_cat=0
split_feature=0 11 90 15 13 0 13
split_gain=441.634 60.9223 26.4666 18.0957 15.1928 11.1176 5.69274
threshold=2.1383330595080281 6.4831026754353713 3.6505739029280164 2.9174053685313028 4.7094896185437563 4.2413008733233104 3.4334666422309414
decision_type=2 2 2 2 2 2 2
left_child=2 4 6 -4 -2 -3 -1
right_child=1 5 3 -5 -6 -7 -8
leaf_value=-0.11233577123830017 0.0027697507473753722 0.13133222343106019 -0.070415221937632153 0.021177976841435714 0.077794486868985102 0.19646459639072419 -0.0760166023467337
leaf_weight=142 41 76 59 34 79 40 62
leaf_count=142 41 76 59 34 79 40 62
internal_value=0 0.102115 -0.0811419 -0.0369295 0.052161 0.153792 -0.101298
internal_weight=0 236 297 93 120 116 204
internal_count=533 236 297 93 120 116 204
is_linear=0
shrinkage=0.1


Tree=3
num_leaves=8
num_cat=0
split_feature=9 15 12 90 90 16 11
split_gain=360.09 49.5143 24.5946 18.5892 10.5676 8.16559 4.12219
threshold=4.8441560854355483 3.1132683346437333 5.2417330174952186 3.6505739029280164 3.6242520361853052 5.0688844241303981 7.7034329814238047
decision_type=2 2 2 2 2 2 2
left_child=1 4 5 -3 -1 -2 -4
right_child=2 3 6 -5 -6 -7 -8
leaf_value=-0.096760901123627854 0.050710980022060016 -0.048028027075667716 0.15068535804748537 0.040094047915880331 -0.052464745124467672 0.10552569987711968 0.21559241513411204
leaf_weight=174 42 43 53 54 78 77 11.999999999999998
leaf_count=174 42 43 53 54 78 77 12
internal_value=0 -0.0596813 0.1132 0.00102962 -0.0830502 0.0861793 0.162668
internal_weight=0 349 184 97 252 119 65
internal_count=533 349 184 97 252 119 65
is_linear=0
shrinkage=0.1


Tree=4
num_leaves=8
num_cat=0
split_feature=0 16 90 24 0 45 37
split_gain=295.909 33.3859 24.852 12.3948 11.7612 7.59978 5.15456
threshold=2.3502401828962087 5.0688844241303981 3.7012257604091228 2.3937458713910238 3.8064155152036787 5.1761337726651186 2.602003343538398
decision_type=2 2 2 2 2 2 2
left_child=2 5 6 -4 -3 -2 -1
right_child=1 4 3 -5 -6 -7 -8
leaf_value=-0.088206464620628242 0.06448518443387001 0.089754110149806374 -0.064177851811708778 0.013179424573790352 0.14678094551183177 0.00067835671295012751 -0.052324718591542196
leaf_weight=174 40 76 34 53 69 35 52
leaf_count=174 40 76 34 53 69 35 52
internal_value=0 0.0888743 -0.0624676 -0.0170522 0.116891 0.0347087 -0.0799505
internal_weight=0 220 313 87 145 75 226
internal_count=533 220 313 87 145 75 226
is_linear=0
shrinkage=0.1


Tree=5
num_leaves=8
num_cat=0
split_feature=9 15 12 90 90 16 76
split_gain=240.165 33.2388 16.5203 12.7242 7.15035 5.16082 3.42838
threshold=4.8441560854355483 3.1132683346437333 5.2417330174952186 3.6505739029280164 3.6242520361853052 4.744894319750431 5.8550678171289681
decision_type=2 2 2 2 2 2 2
left_child=1 4 5 -3 -1 -2 -4
right_child=2 3 6 -5 -6 -7 -8
leaf_value=-0.079165060295798326 0.026573964005166834 -0.039585511496853694 0.15360315011607276 0.033321668151162429 -0.042728106859020704 0.080219737246402148 0.10740222848694901
leaf_weight=174 22 43 36 54 78 97 29
leaf_count=174 22 43 36 54 78 97 29
internal_value=0 -0.0487402 0.0924474 0.00100199 -0.067887 0.070302 0.13299
internal_weight=0 349 184 97 252 119 65
internal_count=533 349 184 97 252 119 65
is_linear=0
shrinkage=0.1


Tree=6
num_leaves=8
num_cat=0
split_feature=0 11 90 15 0 13 85
split_gain=197.599 22.7731 16.8622 9.76712 6.74243 5.91052 2.87508
threshold=2.3502401828962087 6.2878309201999221 3.8606743063089755 4.234001473612734 4.4367340276668159 4.317399216745252 3.3497501700808394
decision_type=2 2 2 2 2 2 2
left_child=2 5 3 -1 -3 -2 -4
right_child=1 4 6 -5 -6 -7 -8
leaf_value=-0.062967101523458066 -0.020044954044415669 0.088897631590121567 0.046987803501542663 0.029248478760321935 0.1506445782525199 0.045690375627683744 -0.012072741875753683
leaf_weight=268 17 112 15.999999999999998 11.999999999999998 21 70 17
leaf_count=268 17 112 16 12 21 70 17
internal_value=0 0.0726256 -0.0510468 -0.059015 0.0986471 0.0328455 0.0165627
internal_weight=0 220 313 280 133 87 33
internal_count=533 220 313 280 133 87 33
is_linear=0
shrinkage=0.1


Tree=7
num_leaves=8
num_cat=0
split_feature=0 11 13 65 13 0 88
split_gain=160.809 22.4998 11.1559 10.0524 5.82401 5.6974 2.93483
threshold=2.1383330595080281 6.348986148812565 3.4334666422309414 4.9052473428434826 4.317399216745252 4.0773937863842606 2.4414009612931857
decision_type=2 2 2 2 2 2 2
left_child=2 4 6 -4 -2 -3 -1
right_child=1 5 3 -5 -6 -7 -8
leaf_value=-0.042212074564562906 -0.018614640493284575 0.073402995820415304 -0.0034023429977854619 -0.065854167288694629 0.03925558927592384 0.11668570699791114 -0.071646865313179306
leaf_weight=45 22 83 76 39 83 48 137
leaf_count=45 22 83 76 39 83 48 137
internal_value=0 0.0616189 -0.0489631 -0.0245817 0.0271304 0.0892623 -0.064369
internal_weight=0 236 297 115 105 131 182
internal_count=533 236 297 115 105 131 182
is_linear=0
shrinkage=0.1


Tree=8
num_leaves=8
num_cat=0
split_feature=9 0 81 12 69 79 69
split_gain=130.574 20.7375 13.5276 9.49809 3.45957 2.69456 2.28743
threshold=4.8441560854355483 1.2424533248940004 3.2180751841847144 5.2417330174952186 3.1132683346437333 5.6664207015582333 0.89587973461402759
decision_type=2 2 2 2 2 2 2
left_child=1 6 -3 4 -2 -5 -1
right_child=3 2 -4 5 -6 -7 -8
leaf_value=-0.040932530275921329 0.091763399375809573 0.020277263865702683 -0.042074189716988231 0.11500404633581639 0.04417650747403392 0.073153567984700213 -0.063400163315236568
leaf_weight=67 18 81 61 40 101 25 140
leaf_count=67 18 81 61 40 101 25 140
internal_value=0 -0.0359386 -0.00650752 0.0681661 0.0513745 0.0989077 -0.056128
internal_weight=0 349 142 184 119 65 207
internal_count=533 349 142 184 119 65 207
is_linear=0
shrinkage=0.1


Tree=9
num_leaves=8
num_cat=0
split_feature=0 16 13 77 0 69 88
split_gain=107.542 15.8468 7.74769 7.85902 5.44974 3.60435 2.04061
threshold=2.1383330595080281 5.0688844241303981 3.4334666422309414 4.8282817362782584 3.8064155152036787 5.6418064622552455 2.4414009612931857
decision_type=2 2 2 2 2 2 2
left_child=2 5 6 -4 -3 -2 -1
right_child=1 4 3 -5 -6 -7 -8
leaf_value=-0.034403980763422125 0.024620509217182798 0.052429829905740924 0.0061932405842275457 -0.046092311900697264 0.090783891686494811 -0.034406646154820919 -0.058948178611777348
leaf_weight=45 75 80 58 57 69 11.999999999999998 137
leaf_count=45 75 80 58 57 69 12 137
internal_value=0 0.0503904 -0.0400409 -0.0197222 0.0701911 0.0164788 -0.0528796
internal_weight=0 236 297 115 149 87 182
internal_count=533 236 297 115 149 87 182
is_linear=0
shrinkage=0.1


Tree=10
num_leaves=8
num_cat=0
split_feature=9 91 16 10 11 87 37
split_gain=88.3766 11.626 11.447 10.1019 4.12046 3.04512 2.01705
threshold=4.4601277074540464 3.6505739029280164 5.0688844241303981 1.7005986908310777 7.5574236794141045 4.8597823571876004 2.6735537653587347
decision_type=2 2 2 2 2 2 2
left_child=1 6 5 -3 -4 -2 -1
right_child=2 3 4 -5 -6 -7 -8
leaf_value=-0.054613097511183206 0.032236953623332947 -0.034524091290576119 0.05776788123211888 0.023990018881273039 0.10654949605464936 -0.010138865181111865 -0.029137125592201187
leaf_weight=153 43 70 129 51 20 28 39
leaf_count=153 43 70 129 51 20 28 39
internal_value=0 -0.0341385 0.0485698 -0.00986112 0.0643157 0.0155254 -0.0494383
internal_weight=0 313 220 121 149 71 192
internal_count=533 313 220 121 149 71 192
is_linear=0
shrinkage=0.1


Tree=11
num_leaves=8
num_cat=0
split_feature=15 0 13 85 90 12 50
split_gain=72.6864 13.6355 5.3282 4.96207 3.67275 3.45137 1.01014
threshold=4.234001473612734 1.8688348091416842 5.6715665445765078 3.2180751841847144 3.8606743063089755 5.0497738177202995 6.3007841113004242
decision_type=2 2 2 2 2 2 2
left_child=1 4 6 -3 -1 -4 -2
right_child=2 3 5 -5 -6 -7 -8
leaf_value=-0.040230821207330292 0.035109815638926296 0.054887154982942679 0.043906496316194532 -0.0037339926984365267 0.0043098729848861693 0.079305358965631956 0.002456261869519949
leaf_weight=249 45 18 45 73 20 71 11.999999999999998
leaf_count=249 45 18 45 73 20 71 12
internal_value=0 -0.0255997 0.053271 0.0078614 -0.0369192 0.065573 0.0282354
internal_weight=0 360 173 91 269 116 57
internal_count=533 360 173 91 269 116 57
is_linear=0
shrinkage=0.1


Tree=12
num_leaves=7
num_cat=0
split_feature=11 15 70 91 16 74
split_gain=60.0328 9.71178 6.79632 5.66662 5.62403 2.19283
threshold=5.8347936374918037 2.6735537653587347 3.6105525490912482 3.6505739029280164 4.6727851606181448 1.0397207708399181
decision_type=2 2 2 2 2 2
left_child=1 5 -2 -3 -4 -1
right_child=2 3 4 -5 -6 -7
leaf_value=-0.0119270000261841 0.11354764359337943 -0.024431598694944705 -0.0073797883332840028 0.014572369405378899 0.047943752625209543 -0.042545048201722759
leaf_weight=27 13.999999999999998 74 21 75 147 175
leaf_count=27 14 74 21 75 147 175
internal_value=0 -0.0241664 0.0466067 -0.00479873 0.0410283 -0.0384525
internal_weight=0 351 182 149 168 202
internal_count=533 351 182 149 168 202
is_linear=0
shrinkage=0.1


Tree=13
num_leaves=8
num_cat=0
split_feature=9 11 81 13 70 14 31
split_gain=50.6315 7.71117 5.9134 6.69716 4.7407 3.00069 0.945593
threshold=4.2835627800822236 5.8464220685739372 2.8029010331479989 2.9700856263602158 3.9701138825728512 4.6913057964583187 2.3937458713910238
decision_type=2 2 2 2 2 2 2
left_child=2 5 3 -1 -3 -2 -4
right_child=1 4 6 -5 -6 -7 -8
leaf_value=-0.038133174170027762 -0.035031401472432271 0.10133002804858345 -0.031640682300116789 0.0037555466331113344 0.040567680338637967 0.016550701363253054 -0.049140851583538786
leaf_weight=68 13.999999999999998 13.999999999999998 47 87 155 58 90
leaf_count=68 14 14 47 87 155 58 90
internal_value=0 0.0339258 -0.0280004 -0.0146214 0.0456012 0.00652085 -0.0431371
internal_weight=0 241 292 155 169 72 137
internal_count=533 241 292 155 169 72 137
is_linear=0
shrinkage=0.1


Tree=14
num_leaves=8
num_cat=0
split_feature=15 0 81 12 36 28 85
split_gain=41.2227 8.03992 4.06716 3.52872 3.17998 1.72076 1.3255
threshold=4.234001473612734 2.8314802400679731 2.8029010331479989 5.2417330174952186 5.0304165616299539 4.007167868649713 4.2762801676267657
decision_type=2 2 2 2 2 2 2
left_child=1 2 -1 5 -3 -2 -5
right_child=3 4 -4 6 -6 -7 -8
leaf_value=-0.013112316910898494 0.03377839600940169 0.058759161854783692 -0.035737898281455453 0.089073122541109717 0.0013330275624024647 -0.0063188036244052163 0.052063884451985357
leaf_weight=155 99 14.999999999999998 163 11.999999999999998 27 11.999999999999998 50
leaf_count=155 99 15 163 12 27 12 50
internal_value=0 -0.0192786 -0.0247097 0.0401174 0.0218424 0.0294436 0.059227
internal_weight=0 360 318 173 42 111 62
internal_count=533 360 318 173 42 111 62
is_linear=0
shrinkage=0.1


Tree=15
num_leaves=8
num_cat=0
split_feature=9 13 81 13 75 12 36
split_gain=34.5855 5.64264 3.87923 5.19254 3.48726 2.60927 0.868562
threshold=4.2835627800822236 5.4070812728123245 2.8029010331479989 2.9700856263602158 2.6735537653587347 5.0497738177202995 4.0342014792848504
decision_type=2 2 2 2 2 2 2
left_child=2 4 3 -1 -2 -3 -4
right_child=1 5 6 -5 -6 -7 -8
leaf_value=-0.033008625163861056 0.050998457963578409 0.025813713335040692 -0.040696097739580044 0.0038757038848667314 -0.00036680760156167181 0.052352643919875846 -0.023426814803055356
leaf_weight=68 15.999999999999998 69 95 87 76 80 42
leaf_count=68 16 69 95 87 76 80 42
internal_value=0 0.0280392 -0.023142 -0.0123058 0.00856628 0.0400628 -0.0354019
internal_weight=0 241 292 155 92 149 137
internal_count=533 241 292 155 92 149 137
is_linear=0
shrinkage=0.1


Tree=16
num_leaves=8
num_cat=0
split_feature=9 11 61 79 13 36 34
split_gain=28.0142 4.98538 3.62314 3.5689 7.31005 1.73725 1.39567
threshold=4.2835627800822236 5.0875201215290131 3.6105525490912482 3.3667009459186801 2.9700856263602158 4.6346818562128229 4.8441560854355483
decision_type=2 2 2 2 2 2 2
left_child=3 5 -3 4 -1 -2 -5
right_child=1 2 -4 6 -6 -7 -8
leaf_value=-0.02933495173421808 0.010475074406713246 0.083827725549538934 0.027263289557942785 -0.034303601915016767 0.017092694844274472 -0.039342482654111728 -0.001188668076481138
leaf_weight=78 14.000000000000002 11.999999999999998 201 140 60 13.999999999999998 13.999999999999998
leaf_count=78 14 12 201 140 60 14 14
internal_value=0 0.0252353 0.03045 -0.0208278 -0.00914902 -0.0144337 -0.0312932
internal_weight=0 241 213 292 138 28 154
internal_count=533 241 213 292 138 28 154
is_linear=0
shrinkage=0.1


Tree=17
num_leaves=8
num_cat=0
split_feature=15 12 62 13 10 32 11
split_gain=23.1573 4.45888 3.096 2.53522 2.21369 1.35305 0.923498
threshold=4.234001473612734 3.4175922930736511 1.2424533248940006 6.1799630691723033 2.0126758453675748 6.5323247576069283 7.7034329814238047
decision_type=2 2 2 2 2 2 2
left_child=1 4 -3 5 -1 -2 -5
right_child=3 2 -4 6 -6 -7 -8
leaf_value=-0.027162270451540522 0.02568256325605843 0.028339205204974863 -0.0083993526830993311 0.04000071897259299 -0.0046928237600807566 -0.0043512986093345611 0.070722484029829502
leaf_weight=190 90 32 81 53 57 18 11.999999999999998
leaf_count=190 90 32 81 53 57 18 12
internal_value=0 -0.0144495 0.00200449 0.0300683 -0.021977 0.0206769 0.0456724
internal_weight=0 360 113 173 247 108 65
internal_count=533 360 113 173 247 108 65
is_linear=0
shrinkage=0.1


Tree=18
num_leaves=7
num_cat=0
split_feature=11 70 15 70 16 37
split_gain=19.2914 3.79814 3.67657 3.59789 2.65098 1.84746
threshold=5.8347936374918037 3.5408542930527882 2.6735537653587347 3.4960482137079443 5.7713974492862539 2.6735537653587347
decision_type=2 2 2 2 2 2
left_child=2 -2 5 -4 -3 -1
right_child=1 4 3 -5 -6 -7
leaf_value=-0.025832670871394736 0.080793226137757301 0.011219351286048531 0.019440602641910887 -0.013160309042138309 0.036305916231948059 0.0048657008192755959
leaf_weight=180 11.999999999999998 93 52 97 77 22
leaf_count=180 12 93 52 97 77 22
internal_value=0 0.0264202 -0.0136994 -0.00178281 0.0225821 -0.0224893
internal_weight=0 182 351 149 170 202
internal_count=533 182 351 149 170 202
is_linear=0
shrinkage=0.1


Tree=19
num_leaves=7
num_cat=0
split_feature=9 23 75 37 61 88
split_gain=16.3626 3.28546 2.66064 4.42676 2.53347 1.40243
threshold=4.2835627800822236 4.6913057964583187 2.4414009612931857 2.602003343538398 3.6105525490912482 4.0773937863842606
decision_type=2 2 2 2 2 2
left_child=2 -2 3 -1 -3 -4
right_child=1 4 5 -5 -6 -7
leaf_value=-0.013057427179188497 -0.026034689396619799 0.065151148432722461 -0.045219604950398208 0.042190420906990767 0.019678487671472782 -0.020809895124579415
leaf_weight=155 14.999999999999998 12.999999999999998 32 15.999999999999998 213 89
leaf_count=155 15 13 32 16 213 89
internal_value=0 0.0192862 -0.0159177 -0.00788804 0.0222942 -0.0272654
internal_weight=0 241 292 171 226 121
internal_count=533 241 292 171 226 121
is_linear=0
shrinkage=0.1


Tree=20
num_leaves=7
num_cat=0
split_feature=13 10 90 11 1 67
split_gain=13.9384 3.2812 4.39441 2.17041 1.87024 1.37787
threshold=5.4510292435120062 2.0126758453675748 3.5694334999727624 5.2310943182715759 1.8688348091416842 6.0661053984658606
decision_type=2 2 2 2 2 2
left_child=1 4 -3 -2 -1 -5
right_child=3 2 -4 5 -6 -7
leaf_value=-0.021769345184000807 -0.016090648000439009 -0.0098827772994726816 0.027819298734065408 0.034985620786949077 0.0063213302529658427 0.014447951026032774
leaf_weight=194 11.999999999999998 110 43 98 27 49
leaf_count=194 12 110 43 98 27 49
internal_value=0 -0.010544 0.000713231 0.0248016 -0.0183375 0.0281397
internal_weight=0 374 153 159 221 147
internal_count=533 374 153 159 221 147
is_linear=0
shrinkage=0.1


Tree=21
num_leaves=7
num_cat=0
split_feature=34 90 79 15 27 87
split_gain=11.6841 4.06822 2.34795 1.87134 1.98062 0.934979
threshold=4.7273486598447958 3.8815106545092593 2.602003343538398 5.9427683741036583 6.1290288502980639 5.3706272113530096
decision_type=2 2 2 2 2 2
left_child=1 2 -1 4 -2 -5
right_child=3 -3 -4 5 -6 -7
leaf_value=-0.0014886825634656767 0.01755930021367717 0.030927568345907187 -0.020393308494327494 0.04820470985557352 -0.020563401952385901 0.014842000277712942
leaf_weight=95 149 21 213 28 14.999999999999998 11.999999999999998
leaf_count=95 149 21 213 28 15 12
internal_value=0 -0.0116587 -0.0145623 0.0188026 0.0140725 0.0381959
internal_weight=0 329 308 204 164 40
internal_count=533 329 308 204 164 40
is_linear=0
shrinkage=0.1


Tree=22
num_leaves=7
num_cat=0
split_feature=12 90 70 37 39 0
split_gain=9.58654 2.68927 1.94391 1.5554 1.40469 1.62764
threshold=4.6913057964583187 3.8815106545092593 3.5408542930527882 1.4978661367769956 5.7381203667477259 4.0773937863842606
decision_type=2 2 2 2 2 2
left_child=1 3 -3 -1 5 -2
right_child=4 2 -4 -5 -6 -7
leaf_value=-0.018512353592592738 0.017108427659564076 0.05022960143784682 0.00093567210327213024 -0.0049838651151448074 -0.01202287127574285 0.041032381053679651
leaf_weight=161 105 11.999999999999998 24 180 11.999999999999998 39
leaf_count=161 105 12 24 180 12 39
internal_value=0 -0.00862698 0.017367 -0.0113712 0.0208485 0.0235878
internal_weight=0 377 36 341 156 144
internal_count=533 377 36 341 156 144
is_linear=0
shrinkage=0.1


Tree=23
num_leaves=6
num_cat=0
split_feature=15 0 91 39 0
split_gain=7.99349 2.16879 1.42451 1.20122 1.58172
threshold=4.234001473612734 3.4175922930736511 3.8815106545092593 5.7381203667477259 4.0773937863842606
decision_type=2 2 2 2 2
left_child=1 2 -1 4 -2
right_child=3 -3 -4 -5 -6
leaf_value=-0.011895826118324633 0.014431457577189961 0.033308700627336901 0.01089962498129656 -0.012856045054892698 0.037773231113035433
leaf_weight=318 123 11.999999999999998 30 11.999999999999998 38
leaf_count=318 123 12 30 12 38
internal_value=0 -0.00848939 -0.0099307 0.0176658 0.0199407
internal_weight=0 360 348 173 161
internal_count=533 360 348 173 161
is_linear=0
shrinkage=0.1


Tree=24
num_leaves=8
num_cat=0
split_feature=34 79 22 4 15 43 67
split_gain=6.76161 2.88855 5.69897 1.2683 1.20678 1.28348 1.16355
threshold=4.7273486598447958 3.4960482137079443 2.9700856263602158 3.4334666422309414 5.2957859693768059 6.5875462202912018 6.2803888252062245
decision_type=2 2 2 2 2 2 2
left_child=1 2 -1 -3 6 -6 -2
right_child=4 3 -4 -5 5 -7 -8
leaf_value=-0.016555000667788342 0.012429675295628528 -0.015565807735562542 0.02109790928158406 -0.048092253964680892 0.028234826792031528 -0.0047485876296247754 -0.013143779201941055
leaf_weight=88 93 154 74 12.999999999999998 75 13.999999999999998 22
leaf_count=88 93 154 74 13 75 14 22
internal_value=0 -0.00886908 0.000644477 -0.0180978 0.0143036 0.0230464 0.00753736
internal_weight=0 329 162 167 204 89 115
internal_count=533 329 162 167 204 89 115
is_linear=0
shrinkage=0.1


Tree=25
num_leaves=7
num_cat=0
split_feature=9 39 34 75 46 88
split_gain=5.75282 1.88626 2.56182 1.71735 2.99788 1.22655
threshold=4.2835627800822236 2.8029010331479989 4.7094896185437563 2.4414009612931857 2.524928003624769 4.0773937863842606
decision_type=2 2 2 2 2 2
left_child=3 -2 -3 4 -1 -5
right_child=1 2 -4 5 -6 -7
leaf_value=-0.0078059771418916863 0.045775624588131905 -0.013459500150255314 0.014168588887220501 -0.035345854889601472 0.033394436798989777 -0.01251800741707341
leaf_weight=151 14.999999999999998 41 185 32 20 89
leaf_count=151 15 41 185 32 20 89
internal_value=0 0.0114356 0.00915641 -0.0094383 -0.00298722 -0.0185551
internal_weight=0 241 226 292 171 121
internal_count=533 241 226 292 171 121
is_linear=0
shrinkage=0.1


Tree=26
num_leaves=7
num_cat=0
split_feature=13 12 62 55 11 67
split_gain=4.79399 1.34428 2.56951 1.07297 1.059 0.961289
threshold=5.4510292435120062 2.1383330595080285 1.2424533248940006 1.4978661367769956 5.2310943182715759 4.2762801676267657
decision_type=2 2 2 2 2 2
left_child=1 3 -3 -1 -2 -6
right_child=4 2 -4 -5 5 -7
leaf_value=-0.01830166307179076 -0.014018679146344463 0.01822006974231314 -0.0076738645096845696 -0.0028739334369699164 0.037254729988053445 0.013667943358501992
leaf_weight=113 11.999999999999998 54 132 75 20 127
leaf_count=113 12 54 132 75 20 127
internal_value=0 -0.00618369 -0.000156271 -0.012147 0.0145453 0.016877
internal_weight=0 374 186 188 159 147
internal_count=533 374 186 188 159 147
is_linear=0
shrinkage=0.1


Tree=27
num_leaves=8
num_cat=0
split_feature=12 24 70 37 15 11 30
split_gain=4.17652 1.36284 2.94674 1.17516 0.985853 0.951883 0.346738
threshold=4.7749040587885982 2.6735537653587347 3.2769667020129059 2.602003343538398 5.9427683741036583 1.0397207708399181 4.9487347401052828
decision_type=2 2 2 2 2 2 2
left_child=1 5 -3 6 -5 -1 -2
right_child=3 2 -4 4 -6 -7 -8
leaf_value=0.0025929914188704325 0.047050359348456056 0.022907685096699583 -0.0062399526271995501 0.0045787498215213423 0.024700973762997559 -0.014269059254138759 0.0230108802827696
leaf_weight=42 12.000000000000002 46 141 80 35 165 11.999999999999998
leaf_count=42 12 46 141 80 35 165 12
internal_value=0 -0.00525779 0.000930055 0.0149034 0.0107029 -0.0108478 0.0350306
internal_weight=0 394 187 139 115 207 24
internal_count=533 394 187 139 115 207 24
is_linear=0
shrinkage=0.1


Tree=28
num_leaves=7
num_cat=0
split_feature=9 59 32 39 34 36
split_gain=3.42686 1.64563 1.45109 1.43262 1.79011 0.493181
threshold=4.2835627800822236 5.497134631044525 4.5053345884235583 2.8029010331479989 4.7094896185437563 3.8064155152036787
decision_type=2 2 2 2 2 2
left_child=1 2 -1 -2 -5 -3
right_child=3 5 -4 4 -6 -7
leaf_value=-0.010174248393741437 0.038753266595304016 -0.043462385982275011 0.0054802603375642229 -0.012065394336170314 0.011029543610717597 -0.018953827023506165
leaf_weight=160 14.999999999999998 11.999999999999998 94 41 185 26
leaf_count=160 15 12 94 41 185 26
internal_value=0 -0.00728453 -0.00438085 0.00882607 0.00683975 -0.0266934
internal_weight=0 292 254 241 226 38
internal_count=533 292 254 241 226 38
is_linear=0
shrinkage=0.1


Tree=29
num_leaves=8
num_cat=0
split_feature=12 90 70 70 37 7 30
split_gain=2.86952 1.1315 1.34603 1.03083 0.945325 0.820247 0.279857
threshold=4.7749040587885982 3.8606743063089755 3.5408542930527882 1.0397207708399181 2.602003343538398 1.8688348091416842 4.9487347401052828
decision_type=2 2 2 2 2 2 2
left_child=1 3 -3 -1 6 -6 -2
right_child=4 2 -4 -5 5 -7 -8
leaf_value=0.0056452211613456406 0.041203796056409669 0.032761942288454846 -0.0029103300534188748 -0.0087587583467693027 -0.012421932839788498 0.011981084961161922 0.019606837987278899
leaf_weight=60 12.000000000000002 17 28 289 15.999999999999998 99 11.999999999999998
leaf_count=60 12 17 28 289 16 99 12
internal_value=0 -0.00435813 0.0105659 -0.00628243 0.0123533 0.00858588 0.0304053
internal_weight=0 394 45 349 139 115 24
internal_count=533 394 45 349 139 115 24
is_linear=0
shrinkage=0.1


Tree=30
num_leaves=8
num_cat=0
split_feature=20 17 43 54 75 46 24
split_gain=2.52336 1.44428 1.85491 1.17599 0.981095 2.86527 0.735858
threshold=4.0428973506407848 0.89587973461402759 4.1510089048756029 5.1761337726651186 2.4414009612931857 2.4414009612931857 2.9174053685313028
decision_type=2 2 2 2 2 2 2
left_child=4 3 -3 -2 5 -1 -6
right_child=1 2 -4 -5 6 -7 -8
leaf_value=-0.0095948041878316723 -0.0014173607042027732 0.030736659709928615 0.0054247572641204101 -0.034642731856841309 -0.013909165296057353 0.036873844961325328 -0.040671446632880436
leaf_weight=115 59 33 236 12.999999999999998 49 14.999999999999998 12.999999999999998
leaf_count=115 59 33 236 13 49 15 13
internal_value=0 0.00516297 0.00852993 -0.00741639 -0.00916965 -0.00423304 -0.0195206
internal_weight=0 341 269 72 192 130 62
internal_count=533 341 269 72 192 130 62
is_linear=0
shrinkage=0.1


Tree=31
num_leaves=8
num_cat=0
split_feature=13 70 88 9 24 53 90
split_gain=2.20845 1.77807 2.48152 2.46507 0.691382 2.10604 0.749161
threshold=3.4960482137079443 3.2180751841847144 1.0397207708399181 4.4367340276668159 2.6735537653587347 1.2424533248940006 3.7256208424938388
decision_type=2 2 2 2 2 2 2
left_child=4 2 -2 -3 6 -6 -1
right_child=1 3 -4 -5 5 -7 -8
leaf_value=-0.0095955427738709936 0.000910703796294651 -0.012962520304193467 0.043813902153991738 0.0077155674661044038 0.031714725960046056 -0.011707314432321772 -0.033932816769395559
leaf_weight=131 28 81 26 200 15.999999999999998 37 13.999999999999998
leaf_count=131 28 81 26 200 16 37 14
internal_value=0 0.00494869 0.0215678 0.00175498 -0.00837278 0.00140123 -0.0119453
internal_weight=0 335 54 281 198 53 145
internal_count=533 335 54 281 198 53 145
is_linear=0
shrinkage=0.1


Tree=32
num_leaves=7
num_cat=0
split_feature=15 91 83 43 37 86
split_gain=1.92998 1.05225 1.39732 1.00875 0.876809 0.515416
threshold=5.2957859693768059 3.9019216517693867 2.3937458713910238 6.5875462202912018 1.4978661367769956 4.744894319750431
decision_type=2 2 2 2 2 2
left_child=1 4 -3 5 -1 -2
right_child=3 2 -4 -5 -6 -7
leaf_value=-0.0098576678179541563 0.0031116882390860058 -0.0114764016254672 0.028593757874129905 -0.01131647883781365 -0.00037744547915453318 0.022481942144704278
leaf_weight=163 18 13.999999999999998 23 13.999999999999998 243 58
leaf_count=163 18 14 23 14 243 58
internal_value=0 -0.00271226 0.0134321 0.0133504 -0.00418354 0.0178943
internal_weight=0 443 37 90 406 76
internal_count=533 443 37 90 406 76
is_linear=0
shrinkage=0.1


Tree=33
num_leaves=8
num_cat=0
split_feature=32 70 22 16 55 81 61
split_gain=1.60477 2.1342 2.26202 2.18049 1.21641 1.96825 0.789327
threshold=4.5053345884235583 3.0201273556387074 3.1132683346437333 3.3667009459186801 2.0126758453675748 1.4978661367769956 2.4414009612931857
decision_type=2 2 2 2 2 2 2
left_child=4 2 -2 -3 6 -6 -1
right_child=1 3 -4 -5 5 -7 -8
leaf_value=-0.027359479696800311 -0.0050728070549666887 -0.024211067288753489 0.042377662841506583 0.0037154875278907931 0.024900192838162184 -0.010538948983109246 -0.0087622834633047878
leaf_weight=33 15.999999999999998 31 27 285 25 42 74
leaf_count=33 16 31 27 285 25 42 74
internal_value=0 0.00382006 0.0247217 0.000975857 -0.00788163 0.00268461 -0.0144979
internal_weight=0 359 43 316 174 67 107
internal_count=533 359 43 316 174 67 107
is_linear=0
shrinkage=0.1


Tree=34
num_leaves=7
num_cat=0
split_feature=15 67 54 0 40 89
split_gain=1.46077 0.946359 1.61525 1.14419 0.836967 0.532201
threshold=5.2957859693768059 6.2803888252062245 5.5797227059640084 3.3497501700808394 7.0491583813346361 3.3667009459186801
decision_type=2 2 2 2 2 2
left_child=1 3 -3 -1 5 -2
right_child=4 2 -4 -5 -6 -7
leaf_value=-0.0027357128017504793 0.019834909830853099 -0.047715295851230605 0.003162427189258429 0.016941745812073351 -0.011854965354387577 -0.00065585563206695954
leaf_weight=386 61 12.000000000000002 12.999999999999998 32 12.999999999999998 15.999999999999998
leaf_count=386 61 12 13 32 13 16
internal_value=0 -0.00235964 -0.0212589 -0.0012293 0.0116147 0.0155771
internal_weight=0 443 25 418 90 77
internal_count=533 443 25 418 90 77
is_linear=0
shrinkage=0.1


Tree=35
num_leaves=7
num_cat=0
split_feature=34 52 10 39 0 66
split_gain=1.22281 1.60822 1.41915 0.919352 0.591635 0.478346
threshold=4.7273486598447958 4.7273486598447958 2.1383330595080277 5.7381203667477259 4.3943729409690677 4.7749040587885982
decision_type=2 2 2 2 2 2
left_child=1 2 -1 4 -2 -3
right_child=3 5 -4 -5 -6 -7
leaf_value=-0.0061122958054831648 0.005984325409287501 -0.042035855143330983 0.008923721177440681 -0.019649102739416637 0.024579595058764281 -0.015249323938041926
leaf_weight=213 172 12.000000000000002 89 12.999999999999998 19 14.999999999999998
leaf_count=213 172 12 89 13 19 15
internal_value=0 -0.00377167 -0.00168115 0.00608274 0.00783412 -0.0271544
internal_weight=0 329 302 204 191 27
internal_count=533 329 302 204 191 27
is_linear=0
shrinkage=0.1


Tree=36
num_leaves=8
num_cat=0
split_feature=32 70 22 16 46 80 49
split_gain=1.16251 1.82713 1.79882 1.53013 0.900502 0.597846 0.576091
threshold=4.5053345884235583 3.0201273556387074 2.9700856263602158 3.3667009459186801 1.0000000180025095e-35 2.524928003624769 3.2951505240983434
decision_type=2 2 2 2 2 2 2
left_child=4 2 -2 -3 6 -6 -1
right_child=1 3 -4 -5 5 -7 -8
leaf_value=-0.0098222266962485656 -0.0084796402030266251 -0.020479312301012537 0.036054800252119705 0.0029146741662905125 0.0012742180330678821 -0.01766536008566618 -0.031450989744380903
leaf_weight=35 12.999999999999998 31 30 285 100 20 19
leaf_count=35 13 31 30 285 100 20 19
internal_value=0 0.00325134 0.0225909 0.000619694 -0.00670823 -0.00188238 -0.0174323
internal_weight=0 359 43 316 174 120 54
internal_count=533 359 43 316 174 120 54
is_linear=0
shrinkage=0.1


Tree=37
num_leaves=7
num_cat=0
split_feature=21 39 68 50 32 76
split_gain=0.976623 0.842294 0.804015 1.53382 1.31287 0.798165
threshold=4.9199542854466296 5.7381203667477259 5.4204958404047412 5.883318508925429 4.5538214868689204 5.7960531314223358
decision_type=2 2 2 2 2 2
left_child=2 5 4 -4 -1 -2
right_child=1 -3 3 -5 -6 -7
leaf_value=-0.0053536982226035637 0.020062212851902874 -0.015811466253720798 -0.022284828875140817 0.0013946951816837163 0.0078154982385614802 0.0023702382849638956
leaf_weight=174 51 12.999999999999998 51 59 134 51
leaf_count=174 51 13 51 59 134 51
internal_value=0 0.00816092 -0.00224523 -0.00958399 0.000375757 0.0112162
internal_weight=0 115 418 110 308 102
internal_count=533 115 418 110 308 102
is_linear=0
shrinkage=0.1


Tree=38
num_leaves=7
num_cat=0
split_feature=15 45 36 27 13 22
split_gain=0.828454 0.864936 0.816746 0.580757 0.848452 0.289371
threshold=5.2957859693768059 5.8521859647705927 5.4680512393485436 5.9988595898443 6.6732332341066201 6.3296430527342187
decision_type=2 2 2 2 2 2
left_child=1 2 -1 5 -5 -2
right_child=3 -3 -4 4 -6 -7
leaf_value=-0.0020094570263590778 0.020499952099121671 -0.02324782245171567 0.015963291730386794 -0.016344650167350965 0.017983255783716838 0.0064854640728579122
leaf_weight=398 34 18 27 18.000000000000004 11.999999999999998 26
leaf_count=398 34 18 27 18 12 26
internal_value=0 -0.00177701 -0.000867659 0.00874684 -0.00261349 0.014427
internal_weight=0 443 425 90 30 60
internal_count=533 443 425 90 30 60
is_linear=0
shrinkage=0.1


Tree=39
num_leaves=7
num_cat=0
split_feature=13 52 88 16 35 10
split_gain=0.747364 1.42778 1.7408 1.1998 1.11107 0.618366
threshold=2.9700856263602158 2.8029010331479989 1.0397207708399181 3.4175922930736511 2.1383330595080281 1.0000000180025095e-35
decision_type=2 2 2 2 2 2
left_child=4 2 -2 -3 5 -1
right_child=1 3 -4 -5 -6 -7
leaf_value=-0.0012810807013134394 -0.0036768886679783468 -0.019744832373024629 0.035247867735516691 0.0018817957505519848 0.018164555098423185 -0.014925559447146953
leaf_weight=59 20 28 27 306 17 76
leaf_count=59 20 28 27 306 17 76
internal_value=0 0.00236517 0.0186841 6.8785e-05 -0.00592848 -0.00896242
internal_weight=0 381 47 334 152 135
internal_count=533 381 47 334 152 135
is_linear=0
shrinkage=0.1


Tree=40
num_leaves=4
num_cat=0
split_feature=0 27 21
split_gain=0.677768 0.816503 0.803715
threshold=4.4995626957636246 6.3186027501934587 4.9199542854466296
decision_type=2 2 2
left_child=1 2 -1
right_child=-2 -3 -4
leaf_value=-0.0018324195852298547 0.019074103484551113 -0.025409838803226684 0.0088366235746070755
leaf_weight=417 18 12.999999999999998 85
leaf_count=417 18 13 85
internal_value=0 -0.000666668 -2.59083e-05
internal_weight=0 515 502
internal_count=533 515 502
is_linear=0
shrinkage=0.1


Tree=41
num_leaves=8
num_cat=0
split_feature=20 59 61 52 65 34 9
split_gain=0.59362 0.718863 1.67889 0.704336 1.60306 0.989903 0.373639
threshold=4.0428973506407848 2.191013317336941 1.0397207708399181 4.2045812236012674 4.8121513051691478 4.7273486598447958 2.249904835165133
decision_type=2 2 2 2 2 2 2
left_child=1 6 -3 4 -2 -5 -1
right_child=3 2 -4 5 -6 -7 -8
leaf_value=-0.026408745422959332 0.024519193181540909 0.032817654426281269 -0.0046955808133472979 -0.010597727110849298 -0.0038009401760064065 0.0035708821854458597 -0.0051084062084555629
leaf_weight=20 41 12.999999999999998 145 66 39 195 13.999999999999998
leaf_count=20 41 13 145 66 39 195 14
internal_value=0 -0.00444751 -0.00160905 0.00250417 0.0107131 -1.19845e-05 -0.017638
internal_weight=0 192 158 341 80 261 34
internal_count=533 192 158 341 80 261 34
is_linear=0
shrinkage=0.1


Tree=42
num_leaves=7
num_cat=0
split_feature=32 52 16 55 81 61
split_gain=0.520291 1.34182 0.851791 0.84109 1.32416 0.599556
threshold=4.5053345884235583 2.3502401828962087 2.524928003624769 2.0126758453675748 1.4978661367769956 2.4414009612931857
decision_type=2 2 2 2 2 2
left_child=3 -2 -3 5 -5 -1
right_child=1 2 -4 4 -6 -7
leaf_value=-0.021198809141236726 0.031452624835073953 -0.020278272120695977 0.0020677730842119232 0.022520084515213968 -0.0065478120919405707 -0.0049906459489107331
leaf_weight=33 14.999999999999998 18 326 25 42 74
leaf_count=33 15 18 326 25 42 74
internal_value=0 0.00217514 0.000898503 -0.00448778 0.00429842 -0.00998943
internal_weight=0 359 344 174 67 107
internal_count=533 359 344 174 67 107
is_linear=0
shrinkage=0.1


Tree=43
num_leaves=4
num_cat=0
split_feature=0 44 35
split_gain=0.506345 0.758438 0.562497
threshold=4.4995626957636246 4.0342014792848504 2.1383330595080281
decision_type=2 2 2
left_child=1 2 -1
right_child=-2 -3 -4
leaf_value=-0.0022436512779501964 0.016486447883976831 -0.021346716933390675 0.0048857249041138421
leaf_weight=332 18 17 166
leaf_count=332 18 17 166
internal_value=0 -0.000576225 0.000132807
internal_weight=0 515 498
internal_count=533 515 498
is_linear=0
shrinkage=0.1


Tree=44
num_leaves=7
num_cat=0
split_feature=59 23 91 29 88 63
split_gain=0.478162 0.971186 0.794088 0.752917 0.74739 0.271871
threshold=2.191013317336941 1.5890269151739729 3.6762205501217919 3.4175922930736511 2.8029010331479989 1.0397207708399181
decision_type=2 2 2 2 2 2
left_child=2 -2 5 -4 -3 -1
right_child=1 4 3 -5 -6 -7
leaf_value=-0.032588686048984516 0.023189293598069958 0.010618885204006556 -0.010231324357568823 0.021764040218355755 -0.0014415828363040356 -0.012076423197452512
leaf_weight=12.000000000000002 19 59 19.000000000000004 11.999999999999998 398 13.999999999999998
leaf_count=12 19 59 19 12 398 14
internal_value=0 0.00103647 -0.00865545 0.00215398 0.000115458 -0.0215436
internal_weight=0 476 57 31 457 26
internal_count=533 476 57 31 457 26
is_linear=0
shrinkage=0.1


Tree=45
num_leaves=4
num_cat=0
split_feature=14 19 21
split_gain=0.415626 0.838993 0.640387
threshold=7.6927760629113999 4.211441255972499 4.9199542854466296
decision_type=2 2 2
left_child=1 2 -1
right_child=-2 -3 -4
leaf_value=-0.0013987496280825293 0.018399926461279394 -0.023730985348423324 0.0078642499169630925
leaf_weight=415 11.999999999999998 14.999999999999998 91
leaf_count=415 12 15 91
internal_value=0 -0.000423799 0.000267126
internal_weight=0 521 506
internal_count=533 521 506
is_linear=0
shrinkage=0.1


Tree=46
num_leaves=7
num_cat=0
split_feature=59 23 91 86 88 63
split_gain=0.373527 0.799069 0.643212 0.63718 0.62006 0.220216
threshold=2.191013317336941 1.5890269151739729 3.6762205501217919 1.0397207708399181 2.8029010331479989 1.0397207708399181
decision_type=2 2 2 2 2 2
left_child=2 -2 5 -4 -3 -1
right_child=1 4 3 -5 -6 -7
leaf_value=-0.02918994240462779 0.021010239338992459 0.0096476149059619015 0.017876763522092783 -0.010931916655424763 -0.0013375676027415047 -0.010728905775717328
leaf_weight=12.000000000000002 19 59 14.000000000000002 17 398 13.999999999999998
leaf_count=12 19 59 14 17 398 14
internal_value=0 0.000916075 -0.00765003 0.00207846 8.06507e-05 -0.0192494
internal_weight=0 476 57 31 457 26
internal_count=533 476 57 31 457 26
is_linear=0
shrinkage=0.1


Tree=47
num_leaves=8
num_cat=0
split_feature=15 67 54 37 41 82 11
split_gain=0.386764 0.858189 1.21899 0.507208 0.413334 0.413624 0.231479
threshold=5.2957859693768059 6.2803888252062245 5.5797227059640084 1.4978661367769956 6.4830886471075013 2.6735537653587347 6.9016643295070761
decision_type=2 2 2 2 2 2 2
left_child=1 3 -3 -1 6 -6 -2
right_child=4 2 -4 -5 5 -7 -8
leaf_value=-0.0042425440354937954 0.020451828389195726 -0.042194679301852972 0.0020037667281240621 0.0028183386172455404 -0.017046370605627695 0.0050288543109139753 0.0064675594551552992
leaf_weight=175 20 12.000000000000002 12.999999999999998 243 11.999999999999998 29 29
leaf_count=175 20 12 13 243 12 29 29
internal_value=0 -0.00121417 -0.0192115 -0.000137773 0.0059764 -0.00143219 0.0121754
internal_weight=0 443 25 418 90 41 49
internal_count=533 443 25 418 90 41 49
is_linear=0
shrinkage=0.1


Tree=48
num_leaves=7
num_cat=0
split_feature=0 18 30 16 23 14
split_gain=0.351867 0.584994 0.820769 0.392248 0.297792 0.343362
threshold=4.0773937863842606 5.4595764601916565 4.9199542854466296 5.0688844241303981 6.80641558989121 7.6241071972594039
decision_type=2 2 2 2 2 2
left_child=1 2 -1 -3 -2 -6
right_child=4 3 -4 -5 5 -7
leaf_value=-0.00097484019411333113 0.01707690648645872 -0.025822035743084809 0.014236716344618264 -0.0058272555412258956 -0.0089853376864145185 0.013219010944549853
leaf_weight=392 21 12.999999999999998 39 40 15.000000000000002 12.999999999999998
leaf_count=392 21 13 39 40 15 13
internal_value=0 -0.000817525 0.000401612 -0.0107316 0.00807515 0.00132382
internal_weight=0 484 431 53 49 28
internal_count=533 484 431 53 49 28
is_linear=0
shrinkage=0.1


Tree=49
num_leaves=8
num_cat=0
split_feature=62 10 68 56 85 12 12
split_gain=0.349542 1.00118 1.07127 0.738704 0.860568 0.694518 0.280703
threshold=1.2424533248940006 2.1383330595080277 2.3937458713910238 2.524928003624769 2.602003343538398 2.1383330595080285 1.7005986908310777
decision_type=2 2 2 2 2 2 2
left_child=1 5 -3 6 -5 -1 -2
right_child=3 2 -4 4 -6 -7 -8
leaf_value=-0.0063448397589782358 -0.0080459902024206994 -0.0046288071200251578 0.0223972661272538 0.017538945132400841 -0.0021675862003742979 0.0098535242710715617 -0.029675554763525725
leaf_weight=93 12.000000000000002 22 44 24 289 37 11.999999999999998
leaf_count=93 12 22 44 24 289 37 12
internal_value=0 0.00335794 0.0133886 -0.00195299 -0.000656542 -0.00173454 -0.0188608
internal_weight=0 196 66 337 313 130 24
internal_count=533 196 66 337 313 130 24
is_linear=0
shrinkage=0.1


Tree=50
num_leaves=4
num_cat=0
split_feature=32 18 21
split_gain=0.317583 0.540568 0.465349
threshold=7.5897147224269998 6.1943970611727286 4.9487347401052828
decision_type=2 2 2
left_child=1 2 -1
right_child=-2 -3 -4
leaf_value=-0.0012626901617165589 0.014344465583562852 -0.020549583759230491 0.0068506761407479654
leaf_weight=420 14.999999999999998 12.999999999999998 85
leaf_count=420 15 13 85
internal_value=0 -0.00041538 0.000102926
internal_weight=0 518 505
internal_count=533 518 505
is_linear=0
shrinkage=0.1


Tree=51
num_leaves=7
num_cat=0
split_feature=69 46 23 83 91 40
split_gain=0.324654 2.43749 0.971547 0.818156 0.953037 0.261476
threshold=0.89587973461402759 2.524928003624769 4.8559213341406453 2.191013317336941 3.9019216517693867 4.317399216745252
decision_type=2 2 2 2 2 2
left_child=1 2 -1 5 -5 -2
right_child=3 -3 -4 4 -6 -7
leaf_value=-0.0090116564805308979 -0.0071212761704960176 0.047411456308327618 0.012377617478237622 -0.00085463086215080376 0.020146793495539741 -0.021573244274726937
leaf_weight=54 31 11.999999999999998 35 357 23 21
leaf_count=54 31 12 35 357 23 21
internal_value=0 0.0051042 -0.000600144 -0.00119334 0.000416508 -0.0129576
internal_weight=0 101 89 432 380 52
internal_count=533 101 89 432 380 52
is_linear=0
shrinkage=0.1


Tree=52
num_leaves=8
num_cat=0
split_feature=62 55 59 32 32 41 37
split_gain=0.299263 0.809334 1.24575 1.19981 0.665013 0.945217 0.727269
threshold=1.2424533248940006 1.4978661367769956 3.4960482137079443 4.6913057964583187 5.2469686674288658 5.1179758838799021 2.4414009612931857
decision_type=2 2 2 2 2 2 2
left_child=1 3 -3 -1 5 -2 -6
right_child=4 2 -4 -5 6 -7 -8
leaf_value=-0.0096144176008620946 -0.003153069031960113 -0.0049626409847907532 0.021502128537015424 0.010988844235738119 0.014464739739039056 -0.024410613856385821 -0.0010306862230317858
leaf_weight=76 107 29 46 45 37 26 167
leaf_count=76 107 29 46 45 37 26 167
internal_value=0 0.00310706 0.0112691 -0.00195205 -0.00180707 -0.00730868 0.00177976
internal_weight=0 196 75 121 337 133 204
internal_count=533 196 75 121 337 133 204
is_linear=0
shrinkage=0.1


Tree=53
num_leaves=5
num_cat=0
split_feature=60 42 67 81
split_gain=0.288638 0.434943 0.754227 0.405234
threshold=6.2651204632761832 5.2417330174952186 6.2803888252062245 4.0773937863842606
decision_type=2 2 2 2
left_child=1 2 -1 -3
right_child=-2 3 -4 -5
leaf_value=-6.6315634991245842e-05 -0.013228138140402735 -0.0093916545311609912 -0.024515355392717399 0.010658716100800714
leaf_weight=429 15.999999999999998 11.999999999999998 12.999999999999998 63
leaf_count=429 16 12 13 63
internal_value=0 0.000409381 -0.000785405 0.00745066
internal_weight=0 517 442 75
internal_count=533 517 442 75
is_linear=0
shrinkage=0.1


Tree=54
num_leaves=8
num_cat=0
split_feature=35 43 54 59 82 10 16
split_gain=0.260001 0.692423 0.683023 0.482401 0.481446 0.47586 0.413623
threshold=2.1383330595080281 4.4425820475484112 5.1761337726651186 2.191013317336941 1.7005986908310777 2.4414009612931857 4.4425820475484112
decision_type=2 2 2 2 2 2 2
left_child=2 5 3 -1 -3 -2 -4
right_child=1 4 6 -5 -6 -7 -8
leaf_value=-0.009663129830732942 0.0034531823747480902 -0.01119258119323259 -0.031095158867537966 0.0012480630842716123 0.002913851518190326 0.030590796364205225 -0.00483925623993855
leaf_weight=48 12.000000000000002 29 12.000000000000002 260 146 13.999999999999998 11.999999999999998
leaf_count=48 12 29 12 260 146 14 12
internal_value=0 0.00283854 -0.00171851 -0.000452383 0.000576214 0.0180657 -0.0179672
internal_weight=0 201 332 308 175 26 24
internal_count=533 201 332 308 175 26 24
is_linear=0
shrinkage=0.1


Tree=55
num_leaves=5
num_cat=0
split_feature=39 30 28 24
split_gain=0.255539 0.359647 0.771343 0.483121
threshold=5.7381203667477259 4.9052473428434826 3.3497501700808394 3.9316333620047872
decision_type=2 2 2 2
left_child=1 2 -1 -3
right_child=-2 3 -4 -5
leaf_value=0.00019645331101130135 -0.013331671165568488 0.021019701672770785 -0.016992576440264071 0.0026053365813409491
leaf_weight=386 13.999999999999998 17 28 88
leaf_count=386 14 17 28 88
internal_value=0 0.000359621 -0.00096609 0.00558671
internal_weight=0 519 414 105
internal_count=533 519 414 105
is_linear=0
shrinkage=0.1


Tree=56
num_leaves=4
num_cat=0
split_feature=32 38 15
split_gain=0.276632 0.457614 0.284867
threshold=7.5897147224269998 7.460410184040053 5.638297675925922
decision_type=2 2 2
left_child=1 2 -1
right_child=-2 -3 -4
leaf_value=-0.00057675401737514078 0.013387726893027625 -0.01968821833531062 0.0087741101879094327
leaf_weight=471 14.999999999999998 11.999999999999998 35
leaf_count=471 15 12 35
internal_value=0 -0.000387675 7.00449e-05
internal_weight=0 518 506
internal_count=533 518 506
is_linear=0
shrinkage=0.1


Tree=57
num_leaves=6
num_cat=0
split_feature=62 67 40 83 53
split_gain=0.252946 0.753745 1.05734 0.59781 0.489681
threshold=1.2424533248940006 4.8751681865209777 3.7132745361986528 1.0397207708399181 1.2424533248940006
decision_type=2 2 2 2 2
left_child=1 2 -1 -2 -5
right_child=3 -3 -4 4 -6
leaf_value=-0.00043434301998628223 -0.019934658925322927 -0.014151088852921261 0.01612589691348117 0.0089797490147045921 -0.0022730072903901933
leaf_weight=115 17 23 58 45 275
leaf_count=115 17 23 58 45 275
internal_value=0 0.00285652 0.00511764 -0.00166136 -0.000690588
internal_weight=0 196 173 337 320
internal_count=533 196 173 337 320
is_linear=0
shrinkage=0.1


Tree=58
num_leaves=4
num_cat=0
split_feature=13 21 35
split_gain=0.249797 0.420646 0.321374
threshold=7.0491583813346361 5.5872416446462791 2.1383330595080281
decision_type=2 2 2
left_child=1 2 -1
right_child=-2 -3 -4
leaf_value=-0.0016618606810112969 0.013181045950789536 -0.016317984438501298 0.0036742155745827011
leaf_weight=332 13.999999999999998 15.999999999999998 171
leaf_count=332 14 16 171
internal_value=0 -0.000355558 0.000152193
internal_weight=0 519 503
internal_count=533 519 503
is_linear=0
shrinkage=0.1


Tree=59
num_leaves=7
num_cat=0
split_feature=85 76 9 42 76 67
split_gain=0.251726 0.928651 0.691315 0.571477 0.465208 0.857403
threshold=3.1567740231385479 3.2180751841847144 2.3502401828962087 2.8029010331479989 2.6735537653587347 3.2951505240983434
decision_type=2 2 2 2 2 2
left_child=1 2 -1 -3 -2 -6
right_child=4 3 -4 -5 5 -7
leaf_value=-0.0048976601778586556 0.016408852767199278 0.03672606237232684 0.0098525295781049255 0.0064634046302391931 -0.018060528390830565 -0.00064525207870195968
leaf_weight=94 13.999999999999998 12.000000000000002 48 12.999999999999998 31 321
leaf_count=94 14 12 48 13 31 321
internal_value=0 0.00321724 8.83195e-05 0.0209895 -0.00146797 -0.00217898
internal_weight=0 167 142 25 366 352
internal_count=533 167 142 25 366 352
is_linear=0
shrinkage=0.1


Tree=60
num_leaves=8
num_cat=0
split_feature=52 32 55 25 56 16 29
split_gain=0.225785 1.07581 0.834653 0.46894 0.429208 0.418332 0.255503
threshold=2.8029010331479989 4.5746578350692051 1.7005986908310777 2.6735537653587347 1.0397207708399181 2.524928003624769 1.9356005054539456
decision_type=2 2 2 2 2 2 2
left_child=1 2 -1 -3 6 -6 -2
right_child=4 3 -4 -5 5 -7 -8
leaf_value=-0.010996277447239581 -0.0023926953785121437 0.036529959303637331 0.0083730836564468013 0.009116335213184357 -0.013964368152387796 0.00054362128967873639 -0.021969588994979861
leaf_weight=44 12.000000000000002 12.000000000000002 45 12.999999999999998 21 371 14.999999999999998
leaf_count=44 12 12 45 13 21 371 15
internal_value=0 0.00394583 -0.00120278 0.0222749 -0.00107357 -0.000233592 -0.0132687
internal_weight=0 114 89 25 419 392 27
internal_count=533 114 89 25 419 392 27
is_linear=0
shrinkage=0.1


Tree=61
num_leaves=7
num_cat=0
split_feature=69 46 49 16 11 83
split_gain=0.238206 1.7108 0.741457 0.533045 0.697851 0.612151
threshold=0.89587973461402759 2.524928003624769 4.8751681865209777 2.524928003624769 2.6735537653587347 2.3937458713910238
decision_type=2 2 2 2 2 2
left_child=1 2 -1 4 -2 -5
right_child=3 -3 -4 5 -6 -7
leaf_value=-0.004010073832302753 -7.0454559668346687e-05 0.039816210232675078 0.022713959372291963 -0.01058672004500809 -0.024063548784364355 0.0017112851869356363
leaf_weight=77 27 11.999999999999998 11.999999999999998 46 22 337
leaf_count=77 27 12 12 46 22 337
internal_value=0 0.00437214 -0.000406833 -0.00102219 -0.0108429 0.00023424
internal_weight=0 101 89 432 49 383
internal_count=533 101 89 432 49 383
is_linear=0
shrinkage=0.1


Tree=62
num_leaves=7
num_cat=0
split_feature=62 67 85 79 77 28
split_gain=0.228324 0.568964 0.796314 0.454831 0.869547 0.481795
threshold=1.2424533248940006 4.8751681865209777 3.8499212036984933 4.5950688323293329 5.5471267646873921 2.524928003624769
decision_type=2 2 2 2 2 2
left_child=1 2 -1 4 -2 -5
right_child=3 -3 -4 5 -6 -7
leaf_value=0.00071611993893342047 -0.0034597538526288775 -0.012062631438121849 0.01629528171298179 0.0098168271735274044 -0.030676394629363831 -0.0014155670562965832
leaf_weight=129 121 23 44 51 12.999999999999998 152
leaf_count=129 121 23 44 51 13 152
internal_value=0 0.00271394 0.00467845 -0.00157843 -0.00610017 0.00140636
internal_weight=0 196 173 337 134 203
internal_count=533 196 173 337 134 203
is_linear=0
shrinkage=0.1


Tree=63
num_leaves=4
num_cat=0
split_feature=32 38 30
split_gain=0.224858 0.348283 0.275344
threshold=7.5897147224269998 7.460410184040053 4.9052473428434826
decision_type=2 2 2
left_child=1 2 -1
right_child=-2 -3 -4
leaf_value=-0.0010571556555650696 0.012070069015026094 -0.017187330266460778 0.0049656152909231047
leaf_weight=413 14.999999999999998 11.999999999999998 93
leaf_count=413 15 12 93
internal_value=0 -0.000349519 4.97963e-05
internal_weight=0 518 506
internal_count=533 518 506
is_linear=0
shrinkage=0.1


Tree=64
num_leaves=8
num_cat=0
split_feature=85 76 38 59 83 73 91
split_gain=0.240265 0.687681 0.637711 0.565554 0.402608 0.629679 0.519878
threshold=3.1567740231385479 3.2180751841847144 2.6735537653587347 4.3303869599468818 4.8121513051691478 2.3502401828962087 3.5114340430413216
decision_type=2 2 2 2 2 2 2
left_child=1 2 -1 -3 5 -2 -6
right_child=4 3 -4 -5 6 -7 -8
leaf_value=-0.00749780951162516 -0.010375678433954571 0.0027819138951599592 0.0061006883285162662 0.032887345093947189 -0.0004342369980850751 0.007608371491194703 0.017672090046107768
leaf_weight=59 88 12.000000000000002 83 12.999999999999998 236 25 17
leaf_count=59 88 12 83 13 236 25 17
internal_value=0 0.00314314 0.000450608 0.0184367 -0.00143417 -0.00639691 0.000782394
internal_weight=0 167 142 25 366 113 253
internal_count=533 167 142 25 366 113 253
is_linear=0
shrinkage=0.1


Tree=65
num_leaves=4
num_cat=0
split_feature=39 32 78
split_gain=0.212169 0.314842 0.234105
threshold=5.7381203667477259 7.1962680984109983 5.7868785620882379
decision_type=2 2 2
left_child=1 2 -1
right_child=-2 -3 -4
leaf_value=0.00044498162954173331 -0.012147772684693338 0.014604533190528552 -0.0086640162552551678
leaf_weight=474 13.999999999999998 14.999999999999998 30
leaf_count=474 14 15 30
internal_value=0 0.000327686 -9.72206e-05
internal_weight=0 519 504
internal_count=533 519 504
is_linear=0
shrinkage=0.1


Tree=66
num_leaves=4
num_cat=0
split_feature=14 27 21
split_gain=0.198545 0.415675 0.267898
threshold=7.6927760629113999 6.3186027501934587 4.9487347401052828
decision_type=2 2 2
left_child=1 2 -1
right_child=-2 -3 -4
leaf_value=-0.00089222090418496962 0.01271728395173947 -0.01794996950058983 0.0051758519013922278
leaf_weight=420 11.999999999999998 12.999999999999998 88
leaf_count=420 12 13 88
internal_value=0 -0.000292913 0.000158941
internal_weight=0 521 508
internal_count=533 521 508
is_linear=0
shrinkage=0.1


Tree=67
num_leaves=7
num_cat=0
split_feature=85 7 90 81 76 76
split_gain=0.199803 0.560088 0.374604 0.86388 0.612148 0.372076
threshold=3.1567740231385479 1.8688348091416842 2.8029010331479989 3.5972184255501678 2.6735537653587347 3.4334666422309414
decision_type=2 2 2 2 2 2
left_child=1 5 3 -2 -4 -1
right_child=2 -3 4 -5 -6 -7
leaf_value=-0.00030882653948712224 -0.017457709468803123 0.022798637415354067 0.017026305943727494 0.0053376174379574292 -0.0053642698505717281 0.017371682937328631
leaf_weight=141 19 12.999999999999998 12.999999999999998 133 201 12.999999999999998
leaf_count=141 19 13 13 133 201 13
internal_value=0 0.00286629 -0.00130784 0.0024882 -0.00400409 0.00118368
internal_weight=0 167 366 152 214 154
internal_count=533 167 366 152 214 154
is_linear=0
shrinkage=0.1


Tree=68
num_leaves=8
num_cat=0
split_feature=28 46 21 51 53 85 43
split_gain=0.216889 0.654277 0.588205 0.588078 0.502901 0.406354 0.404519
threshold=2.8029010331479989 2.6735537653587347 3.1345481418531311 5.0231008273676521 2.3502401828962087 3.0433873634561537 5.2831908449625269
decision_type=2 2 2 2 2 2 2
left_child=1 5 -3 4 -2 -1 -5
right_child=3 2 -4 6 -6 -7 -8
leaf_value=0.0040128415005118954 -0.0020101373195648194 0.029597753895879059 0.0052431247553185508 -0.014913584447155397 -0.017160352263360833 -0.0035388497454000682 0.0045834272261461289
leaf_weight=126 50 13.999999999999998 34 11.999999999999998 39 164 94
leaf_count=126 50 14 34 12 39 164 94
internal_value=0 0.00153219 0.0123466 -0.0026558 -0.008649 -0.00025777 0.00237622
internal_weight=0 338 48 195 89 290 106
internal_count=533 338 48 195 89 290 106
is_linear=0
shrinkage=0.1


Tree=69
num_leaves=8
num_cat=0
split_feature=59 23 13 91 38 29 63
split_gain=0.189903 0.595091 1.40832 0.496252 0.477054 0.336802 0.170664
threshold=2.191013317336941 3.1345481418531311 3.3497501700808394 3.6762205501217919 3.1132683346437333 2.3937458713910238 1.0397207708399181
decision_type=2 2 2 2 2 2 2
left_child=3 2 -2 6 -3 -5 -1
right_child=1 4 -4 5 -6 -7 -8
leaf_value=-0.024394111211101209 0.00061363089949853966 -0.0079559403879922146 0.040960853236416982 -0.0063685480066958582 0.0010089376236479962 0.014576429714049613 -0.0081422729949866025
leaf_weight=12.000000000000002 31 71 11.999999999999998 17.000000000000004 362 13.999999999999998 13.999999999999998
leaf_count=12 31 71 12 17 362 14 14
internal_value=0 0.000653186 0.0118733 -0.00545467 -0.000461054 0.00309047 -0.0156431
internal_weight=0 476 43 57 433 31 26
internal_count=533 476 43 57 433 31 26
is_linear=0
shrinkage=0.1


Tree=70
num_leaves=7
num_cat=0
split_feature=62 55 59 9 83 53
split_gain=0.190074 0.521551 0.985516 0.770839 0.405258 0.379514
threshold=1.2424533248940006 1.7005986908310777 3.4960482137079443 2.4414009612931857 1.0397207708399181 1.2424533248940006
decision_type=2 2 2 2 2 2
left_child=1 3 -3 -1 -2 -6
right_child=4 2 -4 -5 5 -7
leaf_value=-0.0069977006190512564 -0.016485471716698476 -0.0044072695782986183 0.0199346626846072 0.0092555953645043904 0.0078724445475058438 -0.0020339659199287946
leaf_weight=83 17 29 39 45 45 275
leaf_count=83 17 29 39 45 45 275
internal_value=0 0.00247619 0.00955354 -0.00128365 -0.00144016 -0.000640877
internal_weight=0 196 68 128 337 320
internal_count=533 196 68 128 337 320
is_linear=0
shrinkage=0.1


Tree=71
num_leaves=4
num_cat=0
split_feature=79 88 88
split_gain=0.176423 0.357162 0.247929
threshold=6.5944050384056014 6.3367489768805552 6.1158896889367904
decision_type=2 2 2
left_child=1 2 -1
right_child=-2 -3 -4
leaf_value=0.00021220759994610233 -0.011987890644619864 0.015483098570257425 -0.012839048840105532
leaf_weight=491 11.999999999999998 14.999999999999998 14.999999999999998
leaf_count=491 12 15 15
internal_value=0 0.000276113 -0.000174687
internal_weight=0 521 506
internal_count=533 521 506
is_linear=0
shrinkage=0.1


Tree=72
num_leaves=8
num_cat=0
split_feature=35 18 59 21 32 11 22
split_gain=0.174868 0.595776 0.493826 0.746884 0.553067 0.462509 0.318702
threshold=2.1383330595080281 4.6150714996361826 5.2310943182715759 4.9199542854466296 4.5538214868689204 5.0875201215290131 4.0856584373598661
decision_type=2 2 2 2 2 2 2
left_child=2 6 4 -4 -1 -3 -2
right_child=1 5 3 -5 -6 -7 -8
leaf_value=-0.0027891020299339632 0.021519890317524021 -0.017564596362145884 -0.013331202433688478 0.0097661665899472106 0.0069525669177022313 0.0014299335816567215 0.0017709763075869818
leaf_weight=159 22 13.999999999999998 63 18 92 152 12.999999999999998
leaf_count=159 22 14 63 18 92 152 13
internal_value=0 0.00232789 -0.00140935 -0.00819845 0.00078155 -0.000172015 0.0141846
internal_weight=0 201 332 81 251 166 35
internal_count=533 201 332 81 251 166 35
is_linear=0
shrinkage=0.1


Tree=73
num_leaves=7
num_cat=0
split_feature=60 46 56 16 81 43
split_gain=0.182064 0.48653 0.674978 0.472091 0.600138 0.521295
threshold=2.1383330595080281 2.524928003624769 1.0397207708399181 3.4175922930736511 5.4071617168636603 3.7609296261008152
decision_type=2 2 2 2 2 2
left_child=1 2 -1 4 -2 -5
right_child=3 -3 -4 5 -6 -7
leaf_value=-0.014091140493750574 -0.013862313099168973 0.018762722699081198 0.0038966560794506224 0.014218279711902142 0.010993042301076155 -0.00085942958248779182
leaf_weight=25 51 17 126 25 11.999999999999998 277
leaf_count=25 51 17 126 25 12 277
internal_value=0 0.0027242 0.000918544 -0.00125388 -0.00912796 0.000388725
internal_weight=0 168 151 365 63 302
internal_count=533 168 151 365 63 302
is_linear=0
shrinkage=0.1


Tree=74
num_leaves=7
num_cat=0
split_feature=28 84 51 25 89 43
split_gain=0.16442 0.561439 0.464308 0.4033 0.351138 0.340112
threshold=2.8029010331479989 5.0172579074712669 5.0231008273676521 5.3612811448469326 3.1984648276080736 5.2831908449625269
decision_type=2 2 2 2 2 2
left_child=1 4 3 -2 -1 -4
right_child=2 -3 5 -5 -6 -7
leaf_value=-0.00049555854751573251 -0.0031953754827320096 0.018033856666328289 -0.013694835935408871 -0.017838414890057823 0.013522794438329967 0.0041827626855786343
leaf_weight=300 62 19 11.999999999999998 27 19 94
leaf_count=300 62 19 12 27 19 94
internal_value=0 0.00133405 -0.00231235 -0.00763765 0.00033939 0.00215888
internal_weight=0 338 195 89 319 106
internal_count=533 338 195 89 319 106
is_linear=0
shrinkage=0.1


Tree=75
num_leaves=5
num_cat=0
split_feature=39 35 73 56
split_gain=0.166106 0.23742 0.460103 0.372739
threshold=5.7381203667477259 2.1383330595080281 2.9944807084449319 4.0428973506407848
decision_type=2 2 2 2
left_child=1 2 -1 -3
right_child=-2 3 -4 -5
leaf_value=0.00023379171622568224 -0.010748524671154364 -0.013909626317520938 -0.010261764639646424 0.0043089043858594127
leaf_weight=283 13.999999999999998 11.999999999999998 49 175
leaf_count=283 14 12 49 175
internal_value=0 0.000289941 -0.00131525 0.0031398
internal_weight=0 519 332 187
internal_count=533 519 332 187
is_linear=0
shrinkage=0.1


Tree=76
num_leaves=8
num_cat=0
split_feature=52 32 61 25 29 51 30
split_gain=0.171394 0.707763 0.534813 0.355831 0.278581 0.652135 0.555115
threshold=2.8029010331479989 4.5746578350692051 2.602003343538398 2.6735537653587347 4.6346818562128229 2.8029010331479989 3.4960482137079443
decision_type=2 2 2 2 2 2 2
left_child=1 2 -1 -3 5 -2 -6
right_child=4 3 -4 -5 6 -7 -8
leaf_value=-0.0042282698771167497 0.00012340859755931888 0.030722100792142243 0.01647955208706359 0.0068423500141272173 0.014568650911570769 -0.014158245386119853 -0.00053948551007755564
leaf_weight=74 100 12.000000000000002 14.999999999999998 12.999999999999998 27 47 245
leaf_count=74 100 12 15 13 27 47 245
internal_value=0 0.00343787 -0.000738188 0.0183046 -0.000935363 -0.00444283 0.000960219
internal_weight=0 114 89 25 419 147 272
internal_count=533 114 89 25 419 147 272
is_linear=0
shrinkage=0.1


Tree=77
num_leaves=4
num_cat=0
split_feature=32 38 78
split_gain=0.165517 0.284016 0.207925
threshold=7.5897147224269998 7.460410184040053 5.7868785620882379
decision_type=2 2 2
left_child=1 2 -1
right_child=-2 -3 -4
leaf_value=0.00057858253449299621 0.010355627884467443 -0.015505036261553565 -0.0078742153446881048
leaf_weight=475 14.999999999999998 11.999999999999998 31
leaf_count=475 15 12 31
internal_value=0 -0.000299873 6.07234e-05
internal_weight=0 518 506
internal_count=533 518 506
is_linear=0
shrinkage=0.1


Tree=78
num_leaves=4
num_cat=0
split_feature=13 21 34
split_gain=0.149202 0.284482 0.21281
threshold=7.0491583813346361 5.5872416446462791 6.3663228131319025
decision_type=2 2 2
left_child=1 2 -1
right_child=-2 -3 -4
leaf_value=-0.0002052650589473638 0.010186923375087125 -0.013401860487647355 0.012299104633608036
leaf_weight=489 13.999999999999998 15.999999999999998 13.999999999999998
leaf_count=489 14 16 14
internal_value=0 -0.000274792 0.000142769
internal_weight=0 519 503
internal_count=533 519 503
is_linear=0
shrinkage=0.1


Tree=79
num_leaves=7
num_cat=0
split_feature=69 46 49 16 32 43
split_gain=0.143544 1.03666 0.570154 0.352913 0.554561 0.502496
threshold=0.89587973461402759 2.524928003624769 4.8751681865209777 2.524928003624769 4.3693677306817369 2.8029010331479989
decision_type=2 2 2 2 2 2
left_child=1 2 -1 4 -2 -5
right_child=3 -3 -4 5 -6 -7
leaf_value=-0.0034857987335508139 -0.0020560326540310469 0.030984606966376307 0.019948664358526005 0.013935707472264768 -0.025605156725006448 -0.00072835792646569063
leaf_weight=77 35 11.999999999999998 11.999999999999998 25 13.999999999999998 358
leaf_count=77 35 12 12 25 14 358
internal_value=0 0.00339399 -0.000326096 -0.000793502 -0.00878435 0.000228826
internal_weight=0 101 89 432 49 383
internal_count=533 101 89 432 49 383
is_linear=0
shrinkage=0.1


Tree=80
num_leaves=8
num_cat=0
split_feature=59 23 64 91 83 86 69
split_gain=0.1524 0.461699 0.74753 0.367022 0.351068 0.254202 0.158532
threshold=2.191013317336941 2.7058230259275202 1.7005986908310777 3.6762205501217919 2.3937458713910238 1.0397207708399181 1.7917594692280554
decision_type=2 2 2 2 2 2 2
left_child=3 2 -2 6 -3 -5 -1
right_child=1 4 -4 5 -6 -7 -8
leaf_value=-0.022082694433629507 -0.0013604829041900016 -0.0074591929519201745 0.028502379458708066 0.012440887106848611 0.00082750497901196293 -0.0057553520207019419 -0.0064191162918827357
leaf_weight=12.000000000000002 19 59 14.999999999999998 14.000000000000002 383 17 13.999999999999998
leaf_count=12 19 59 15 14 383 17 14
internal_value=0 0.000585144 0.0118143 -0.00488647 -0.000278638 0.0024623 -0.0136485
internal_weight=0 476 34 57 442 31 26
internal_count=533 476 34 57 442 31 26
is_linear=0
shrinkage=0.1


Tree=81
num_leaves=7
num_cat=0
split_feature=91 52 36 91 56 87
split_gain=0.144906 0.504709 0.444039 0.191255 0.251632 0.216499
threshold=3.9019216517693867 3.7609296261008152 4.0342014792848504 3.8393944990995772 3.1132683346437333 1.7917594692280554
decision_type=2 2 2 2 2 2
left_child=3 -2 -3 5 -5 -1
right_child=1 2 -4 4 -6 -7
leaf_value=0.0037827509227658118 0.022045450199108859 -0.013100054115056992 0.010459415713557975 -0.015713684178060953 0.0029809242424865563 -0.0012456366334443502
leaf_weight=114 12.999999999999998 15.999999999999998 15.999999999999998 18.000000000000004 11.999999999999998 344
leaf_count=114 13 16 16 18 12 344
internal_value=0 0.00542979 -0.00132032 -0.000500698 -0.00823584 5.97075e-06
internal_weight=0 45 32 488 30 458
internal_count=533 45 32 488 30 458
is_linear=0
shrinkage=0.1


Tree=82
num_leaves=7
num_cat=0
split_feature=35 26 71 5 16 26
split_gain=0.14785 0.475575 0.458468 0.352961 0.351561 0.212817
threshold=2.1383330595080281 2.6735537653587347 2.1383330595080281 3.4334666422309414 5.8021138116885078 1.2424533248940006
decision_type=2 2 2 2 2 2
left_child=3 2 -2 5 -3 -1
right_child=1 4 -4 -5 -6 -7
leaf_value=0.0017672055209986869 -0.00091963354843082256 -0.0064015943730778213 0.016032035916279525 -0.015786222525639462 0.0038048677420353186 -0.0034533678360798578
leaf_weight=175 27 67 39 15.999999999999998 68 141
leaf_count=175 27 67 39 16 68 141
internal_value=0 0.00214051 0.00909726 -0.00129591 -0.00126056 -0.000562228
internal_weight=0 201 66 332 135 316
internal_count=533 201 66 332 135 316
is_linear=0
shrinkage=0.1


Tree=83
num_leaves=5
num_cat=0
split_feature=39 36 3 63
split_gain=0.141899 0.224384 0.499213 0.406639
threshold=5.7381203667477259 5.4680512393485436 3.2769667020129059 6.2356778615192381
decision_type=2 2 2 2
left_child=1 2 -1 -3
right_child=-2 3 -4 -5
leaf_value=0.00050500163503994168 -0.0099344892427325263 0.0081112565684764246 -0.010618694544666345 -0.010558177775237709
leaf_weight=390 13.999999999999998 70 45 13.999999999999998
leaf_count=390 14 70 45 14
internal_value=0 0.000267982 -0.000645726 0.00499968
internal_weight=0 519 435 84
internal_count=533 519 435 84
is_linear=0
shrinkage=0.1


Tree=84
num_leaves=4
num_cat=0
split_feature=14 18 35
split_gain=0.129677 0.302519 0.169863
threshold=7.6927760629113999 6.3186027501934587 2.1383330595080281
decision_type=2 2 2
left_child=1 2 -1
right_child=-2 -3 -4
leaf_value=-0.001200586567346725 0.010277720633894205 -0.015930440121640764 0.0026351828358299233
leaf_weight=332 11.999999999999998 11.999999999999998 177
leaf_count=332 12 12 177
internal_value=0 -0.000236723 0.000133266
internal_weight=0 521 509
internal_count=533 521 509
is_linear=0
shrinkage=0.1


Tree=85
num_leaves=8
num_cat=0
split_feature=28 42 57 37 70 49 48
split_gain=0.131762 0.402302 0.46654 0.344499 0.62097 0.480399 0.257641
threshold=2.8617925509761908 4.9050278038717883 5.081385075233106 1.4978661367769956 3.4960482137079443 4.8751681865209777 4.9487347401052828
decision_type=2 2 2 2 2 2 2
left_child=3 2 -2 5 -5 -1 -3
right_child=1 6 -4 4 -6 -7 -8
leaf_value=-0.0035684882420299138 -0.011457201073907557 0.0098373477744612969 0.0087539672726831812 0.01319055222707835 0.00029425959916754571 0.015137660725352664 -0.0012415422972193674
leaf_weight=162 62 29 13.999999999999998 54 121 14.999999999999998 76
leaf_count=162 62 29 14 54 121 15 76
internal_value=0 -0.00219262 -0.00773409 0.00112746 0.00427369 -0.00198322 0.00181834
internal_weight=0 181 76 352 175 177 105
internal_count=533 181 76 352 175 177 105
is_linear=0
shrinkage=0.1


Tree=86
num_leaves=7
num_cat=0
split_feature=60 37 21 16 37 43
split_gain=0.130122 0.377078 0.457058 0.372839 0.460926 0.330563
threshold=2.1383330595080281 2.602003343538398 1.7005986908310777 3.3667009459186801 1.4978661367769956 3.7609296261008152
decision_type=2 2 2 2 2 2
left_child=1 2 -1 4 -2 -5
right_child=3 -3 -4 5 -6 -7
leaf_value=-0.0038697959611663359 -0.020640833973884581 0.018661995604634284 0.0070732243211429763 0.010933677013963462 -0.0021237173163127609 -0.0006578814617395133
leaf_weight=87 20 12.999999999999998 68 27 41 277
leaf_count=87 20 13 68 27 41 277
internal_value=0 0.00230305 0.000931013 -0.00106004 -0.0081949 0.000371632
internal_weight=0 168 155 365 61 304
internal_count=533 168 155 365 61 304
is_linear=0
shrinkage=0.1


Tree=87
num_leaves=6
num_cat=0
split_feature=68 23 24 83 48
split_gain=0.135638 0.330198 0.291082 0.202315 0.17607
threshold=1.5890269151739729 1.5890269151739729 2.1383330595080281 2.3937458713910238 0.89587973461402759
decision_type=2 2 2 2 2
left_child=2 -2 -1 -3 -4
right_child=1 3 4 -5 -6
leaf_value=-0.015568430108182572 0.012450877661732111 -0.0051273139354581125 0.0089174358905958259 0.00077376809365928344 -0.0072443250853281753
leaf_weight=17 22 68 14.000000000000002 399 12.999999999999998
leaf_count=17 22 68 14 399 13
internal_value=0 0.000478518 -0.00531808 -8.54901e-05 0.00113585
internal_weight=0 489 44 467 27
internal_count=533 489 44 467 27
is_linear=0
shrinkage=0.1


Tree=88
num_leaves=8
num_cat=0
split_feature=59 52 55 91 16 20 63
split_gain=0.12698 0.350832 1.04366 0.291144 0.236601 0.191523 0.132724
threshold=2.191013317336941 2.3502401828962087 1.7005986908310777 3.6762205501217919 2.524928003624769 4.0428973506407848 1.0397207708399181
decision_type=2 2 2 2 2 2 2
left_child=3 2 -2 6 -3 -5 -1
right_child=1 4 -4 5 -6 -7 -8
leaf_value=-0.019981478092571097 -0.0022537042303676052 -0.0079687609998005862 0.030434403854111832 -0.004594992856598562 0.00039311190414468222 0.011333809886127711 -0.0056494575792125296
leaf_weight=12.000000000000002 28 37 14.999999999999998 18.000000000000004 396 12.999999999999998 13.999999999999998
leaf_count=12 28 37 15 18 396 13 14
internal_value=0 0.000534119 0.00914912 -0.00446036 -0.000321413 0.00208483 -0.0122642
internal_weight=0 476 43 57 433 31 26
internal_count=533 476 43 57 433 31 26
is_linear=0
shrinkage=0.1


Tree=89
num_leaves=8
num_cat=0
split_feature=60 65 46 79 70 86 9
split_gain=0.125407 0.328817 0.758029 0.318747 0.549784 0.438423 0.229726
threshold=2.1383330595080281 4.8121513051691478 2.4414009612931857 4.5538214868689204 4.5538214868689204 4.9089648320872419 1.0397207708399181
decision_type=2 2 2 2 2 2 2
left_child=1 2 -1 5 -5 -2 -3
right_child=3 6 -4 4 -6 -7 -8
leaf_value=0.0020552798524597843 -0.0012138497508787807 -0.01248167885562659 0.026723705630450113 0.020599224820866117 0.00010064342780970036 -0.01323919327086991 0.0025292808401373851
leaf_weight=113 109 22 13.999999999999998 13.999999999999998 200 42 19
leaf_count=113 109 22 14 14 200 42 19
internal_value=0 0.00226094 0.00477463 -0.00104065 0.00144167 -0.00455865 -0.00552538
internal_weight=0 168 127 365 214 151 41
internal_count=533 168 127 365 214 151 41
is_linear=0
shrinkage=0.1


Tree=90
num_leaves=5
num_cat=0
split_feature=91 23 61 2
split_gain=0.123159 0.148312 0.658258 0.354576
threshold=1.2424533248940004 4.744894319750431 3.1345481418531311 2.7058230259275202
decision_type=2 2 2 2
left_child=-1 3 -3 -2
right_child=1 2 -4 -5
leaf_value=-0.007326025213114918 -0.00065948080195812506 0.016957268346315967 0.00030264015881317286 -0.01770295386130993
leaf_weight=22 200 26 272 12.999999999999998
leaf_count=22 200 26 272 13
internal_value=0 0.000315406 0.00175573 -0.00169969
internal_weight=0 511 298 213
internal_count=533 511 298 213
is_linear=0
shrinkage=0.1


Tree=91
num_leaves=6
num_cat=0
split_feature=88 70 90 31 29
split_gain=0.123245 0.810151 0.252418 0.290673 0.25041
threshold=1.0397207708399181 1.0397207708399181 3.6242520361853052 4.317399216745252 3.0433873634561537
decision_type=2 2 2 2 2
left_child=2 -2 -1 -4 -3
right_child=1 4 3 -5 -6
leaf_value=-0.013797454428123801 0.025159971584351015 -0.0048848675130607772 0.0068818786032497888 -0.010379051254130901 0.00099656207903879817
leaf_weight=19 12.999999999999998 90 25 15.999999999999998 370
leaf_count=19 13 90 25 16 370
internal_value=0 0.000541585 -0.00426949 0.000145906 -0.000154152
internal_weight=0 473 60 41 460
internal_count=533 473 60 41 460
is_linear=0
shrinkage=0.1


Tree=92
num_leaves=5
num_cat=0
split_feature=79 70 67 1
split_gain=0.120149 0.26892 0.57544 0.215004
threshold=6.5944050384056014 6.1158896889367904 6.2633964485293765 4.0428973506407848
decision_type=2 2 2 2
left_child=1 2 -1 -3
right_child=-2 3 -4 -5
leaf_value=0.00036333042522257648 -0.0098929440757880623 0.019739613910981762 -0.01695612455252558 0.0026419557165354491
leaf_weight=470 11.999999999999998 12.000000000000002 20 19
leaf_count=470 12 12 20 19
internal_value=0 0.000227861 -0.000343586 0.0092604
internal_weight=0 521 490 31
internal_count=533 521 490 31
is_linear=0
shrinkage=0.1


Tree=93
num_leaves=4
num_cat=0
split_feature=32 38 3
split_gain=0.113652 0.20043 0.153262
threshold=7.5897147224269998 7.460410184040053 3.891612008168019
decision_type=2 2 2
left_child=1 2 -1
right_child=-2 -3 -4
leaf_value=-0.00044148487230790453 0.0085811414817968997 -0.013021723468167087 0.006162065421966346
leaf_weight=468 14.999999999999998 11.999999999999998 38
leaf_count=468 15 12 38
internal_value=0 -0.000248489 5.44339e-05
internal_weight=0 518 506
internal_count=533 518 506
is_linear=0
shrinkage=0.1


Tree=94
num_leaves=7
num_cat=0
split_feature=85 6 85 79 40 78
split_gain=0.118138 0.416807 0.269968 0.239199 0.983735 0.452947
threshold=3.1567740231385479 1.4978661367769959 1.9356005054539456 2.4414009612931857 4.317399216745252 2.8029010331479989
decision_type=2 2 2 2 2 2
left_child=1 2 -1 4 -2 -5
right_child=3 -3 -4 5 -6 -7
leaf_value=-0.0031572248814405787 -0.011755541332352617 0.018107247017323972 0.0053186410105006549 -0.0085269075751727413 0.026446384880858077 0.00023782588983598226
leaf_weight=84 13.000000000000002 14.999999999999998 68 76 13.999999999999998 263
leaf_count=84 13 15 68 76 14 263
internal_value=0 0.00220401 0.00063461 -0.00100565 0.00805286 -0.00172713
internal_weight=0 167 152 366 27 339
internal_count=533 167 152 366 27 339
is_linear=0
shrinkage=0.1


Tree=95
num_leaves=7
num_cat=0
split_feature=13 34 2 83 70 27
split_gain=0.119896 0.666408 0.672586 0.366839 0.400419 0.190179
threshold=4.5325416796595226 4.744894319750431 2.7058230259275202 3.1132683346437333 3.4960482137079443 4.1430087342023825
decision_type=2 2 2 2 2 2
left_child=1 2 -1 5 -5 -2
right_child=3 -3 -4 4 -6 -7
leaf_value=0.0016389960662465831 -0.014813950737672194 0.020655447025509442 -0.018427140234659117 0.013289860609386648 -0.0012221085795172983 -0.0011471116027678364
leaf_weight=232 28 17 18 21 201 15.999999999999998
leaf_count=232 28 17 18 21 201 16
internal_value=0 0.00149701 0.000194234 -0.00150264 0.000150645 -0.00984419
internal_weight=0 267 250 266 222 44
internal_count=533 267 250 266 222 44
is_linear=0
shrinkage=0.1


Tree=96
num_leaves=6
num_cat=0
split_feature=91 83 80 91 71
split_gain=0.11859 0.334116 0.311024 0.285669 0.174858
threshold=3.8815106545092593 2.191013317336941 1.7005986908310777 3.8393944990995772 1.2424533248940006
decision_type=2 2 2 2 2
left_child=3 -2 -3 4 -1
right_child=1 2 -4 -5 -6
leaf_value=0.00271036086038977 -0.0051484554879028697 0.019094735148705938 -0.00054849519760214859 -0.012204608656466007 -0.0014062774189429951
leaf_weight=157 22 19 13.999999999999998 20 301
leaf_count=157 22 19 14 20 301
internal_value=0 0.00439736 0.0107612 -0.000505973 4.88461e-06
internal_weight=0 55 33 478 458
internal_count=533 55 33 478 458
is_linear=0
shrinkage=0.1


Tree=97
num_leaves=7
num_cat=0
split_feature=88 52 16 15 1 10
split_gain=0.122764 0.629529 0.206937 0.192131 0.300747 0.0953264
threshold=1.0397207708399181 1.0397207708399181 2.524928003624769 1.4978661367769956 1.4978661367769959 1.0000000180025095e-35
decision_type=2 2 2 2 2 2
left_child=3 -2 -3 5 -5 -1
right_child=1 2 -4 4 -6 -7
leaf_value=-0.0050239765479301018 0.017902998235076666 -0.0064343825121492663 0.0005097758640207489 0.010622848523780704 -0.0079850764589776326 -0.017383857257664205
leaf_weight=13.000000000000002 20 48 405 15.999999999999998 19 11.999999999999998
leaf_count=13 20 48 405 16 19 12
internal_value=0 0.000540526 -0.000226029 -0.00426115 0.000521404 -0.0109567
internal_weight=0 473 453 60 35 25
internal_count=533 473 453 60 35 25
is_linear=0
shrinkage=0.1


Tree=98
num_leaves=7
num_cat=0
split_feature=46 54 70 86 72 86
split_gain=0.111183 0.610502 0.345969 0.333179 0.313652 0.252815
threshold=3.4175922930736511 5.5797227059640084 5.8021138116885078 6.6745326949395087 5.6664207015582333 6.0330833463930107
decision_type=2 2 2 2 2 2
left_child=3 2 -2 5 -3 -1
right_child=1 4 -4 -5 -6 -7
leaf_value=0.0010295782742028485 -0.0052129820848886774 0.010956729971803726 -0.028759464365430178 0.016442371643363284 -0.0031455326400211324 -0.006897227834496234
leaf_weight=380 13.000000000000002 24 11.999999999999998 12.999999999999998 46 45
leaf_count=380 13 24 12 13 46 45
internal_value=0 -0.00310121 -0.0165153 0.000672638 0.00168953 0.000190269
internal_weight=0 95 25 438 70 425
internal_count=533 95 25 438 70 425
is_linear=0
shrinkage=0.1


Tree=99
num_leaves=7
num_cat=0
split_feature=68 16 75 16 24 48
split_gain=0.110064 0.27052 1.06757 0.415179 0.183546 0.100876
threshold=1.5890269151739729 1.9356005054539456 0.89587973461402759 2.524928003624769 1.7917594692280554 0.89587973461402759
decision_type=2 2 2 2 2 2
left_child=4 2 -2 -3 -1 -6
right_child=1 3 -4 -5 5 -7
leaf_value=-0.013334637519437821 0.032051802111359745 -0.01408302539826504 -0.0012609001554271862 0.00032657504363504069 0.005679567406574884 -0.0063557121759423843
leaf_weight=15.999999999999998 12.999999999999998 21 37 418 15.000000000000002 12.999999999999998
leaf_count=16 13 21 37 418 15 13
internal_value=0 0.000431053 0.0074004 -0.000362722 -0.00479057 9.1759e-05
internal_weight=0 489 50 439 44 28
internal_count=533 489 50 439 44 28
is_linear=0
shrinkage=0.1


end of trees

feature_importances:
Column_0=24
Column_16=24
Column_11=21
Column_13=21
Column_15=20
Column_32=18
Column_70=17
Column_90=17
Column_9=16
Column_91=16
Column_12=13
Column_37=13
Column_59=12
Column_88=12
Column_85=11
Column_21=10
Column_39=10
Column_46=10
Column_67=10
Column_83=10
Column_23=9
Column_34=9
Column_43=9
Column_52=9
Column_79=9
Column_81=9
Column_10=8
Column_35=8
Column_24=7
Column_36=7
Column_55=7
Column_61=7
Column_62=7
Column_69=7
Column_76=7
Column_28=6
Column_29=6
Column_30=6
Column_38=6
Column_86=6
Column_14=5
Column_22=5
Column_27=5
Column_54=5
Column_56=5
Column_63=5
Column_75=5
Column_18=4
Column_40=4
Column_49=4
Column_53=4
Column_60=4
Column_68=4
Column_1=3
Column_20=3
Column_25=3
Column_42=3
Column_48=3
Column_51=3
Column_65=3
Column_78=3
Column_87=3
Column_2=2
Column_3=2
Column_7=2
Column_26=2
Column_31=2
Column_41=2
Column_45=2
Column_50=2
Column_71=2
Column_73=2
Column_77=2
Column_80=2
Column_82=2
Column_89=2
Column_4=1
Column_5=1
Column_6=1
Column_17=1
Column_19=1
Column_44=1
Column_57=1
Column_64=1
Column_66=1
Column_72=1
Column_74=1
Column_84=1

parameters:
[boosting: gbdt]
[objective: regression]
[metric: l1]
[tree_learner: serial]
[device_type: cpu]
[data_sample_strategy: bagging]
[data: ]
[valid: ]
[num_iterations: 100]
[learning_rate: 0.1]
[num_leaves: 8]
[num_threads: 16]
[seed: 0]
[deterministic: 0]
[force_col_wise: 0]
[force_row_wise: 0]
[histogram_pool_size: -1]
[max_depth: 3]
[min_data_in_leaf: 12]
[min_sum_hessian_in_leaf: 0.001]
[bagging_fraction: 1]
[pos_bagging_fraction: 1]
[neg_bagging_fraction: 1]
[bagging_freq: 0]
[bagging_seed: 3]
[feature_fraction: 1]
[feature_fraction_bynode: 1]
[feature_fraction_seed: 2]
[extra_trees: 0]
[extra_seed: 6]
[early_stopping_round: 0]
[first_metric_only: 0]
[max_delta_step: 0]
[lambda_l1: 0]
[lambda_l2: 0]
[linear_lambda: 0]
[min_gain_to_split: 0]
[drop_rate: 0.1]
[max_drop: 50]
[skip_drop: 0.5]
[xgboost_dart_mode: 0]
[uniform_drop: 0]
[drop_seed: 4]
[top_rate: 0.2]
[other_rate: 0.1]
[min_data_per_group: 100]
[max_cat_threshold: 32]
[cat_l2: 10]
[cat_smooth: 10]
[max_cat_to_onehot: 4]
[top_k: 20]
[monotone_constraints: ]
[monotone_constraints_method: basic]
[monotone_penalty: 0]
[feature_contri: ]
[forcedsplits_filename: ]
[refit_decay_rate: 0.9]
[cegb_tradeoff: 1]
[cegb_penalty_split: 0]
[cegb_penalty_feature_lazy: ]
[cegb_penalty_feature_coupled: ]
[path_smooth: 0]
[interaction_constraints: ]
[verbosity: -1]
[saved_feature_importance_type: 0]
[use_quantized_grad: 0]
[num_grad_quant_bins: 4]
[quant_train_renew_leaf: 0]
[stochastic_rounding: 1]
[linear_tree: 0]
[max_bin: 255]
[max_bin_by_feature: ]
[min_data_in_bin: 3]
[bin_construct_sample_cnt: 200000]
[data_random_seed: 1]
[is_enable_sparse: 1]
[enable_bundle: 1]
[use_missing: 1]
[zero_as_missing: 0]
[feature_pre_filter: 1]
[pre_partition: 0]
[two_round: 0]
[header: 0]
[label_column: ]
[weight_column: ]
[group_column: ]
[ignore_column: ]
[categorical_feature: ]
[forcedbins_filename: ]
[precise_float_parser: 0]
[parser_config_file: ]
[objective_seed: 5]
[num_class: 1]
[is_unbalance: 0]
[scale_pos_weight: 1]
[sigmoid: 1]
[boost_from_average: 1]
[reg_sqrt: 0]
[alpha: 0.9]
[fair_c: 1]
[poisson_max_delta_step: 0.7]
[tweedie_variance_power: 1.5]
[lambdarank_truncation_level: 30]
[lambdarank_norm: 1]
[label_gain: ]
[lambdarank_position_bias_regularization: 0]
[eval_at: ]
[multi_error_top_k: 1]
[auc_mu_weights: ]
[num_machines: 1]
[local_listen_port: 12400]
[time_out: 120]
[machine_list_filename: ]
[machines: ]
[gpu_platform_id: -1]
[gpu_device_id: -1]
[gpu_use_dp: 0]
[num_gpu: 1]

end of parameters

pandas_categorical:null
