tree
version=v4
num_class=1
num_tree_per_iteration=1
label_index=0
max_feature_idx=61
objective=regression
feature_names=Column_0 Column_1 Column_2 Column_3 Column_4 Column_5 Column_6 Column_7 Column_8 Column_9 Column_10 Column_11 Column_12 Column_13 Column_14 Column_15 Column_16 Column_17 Column_18 Column_19 Column_20 Column_21 Column_22 Column_23 Column_24 Column_25 Column_26 Column_27 Column_28 Column_29 Column_30 Column_31 Column_32 Column_33 Column_34 Column_35 Column_36 Column_37 Column_38 Column_39 Column_40 Column_41 Column_42 Column_43 Column_44 Column_45 Column_46 Column_47 Column_48 Column_49 Column_50 Column_51 Column_52 Column_53 Column_54 Column_55 Column_56 Column_57 Column_58 Column_59 Column_60 Column_61
feature_infos=[0.69314718055994529:6.9508147684425836] [0.69314718055994529:6.9508147684425836] [0.69314718055994529:6.9508147684425836] [0.69314718055994529:6.9508147684425836] [0.69314718055994529:6.9508147684425836] [0.69314718055994529:6.9508147684425836] [0.69314718055994529:8.4287990406536419] [0.69314718055994529:6.1612073216950769] [0.69314718055994529:7.4512416849876759] [0:6.7226297948554485] [0.69314718055994473:5.9635793436184459] [0.69314718055994529:8.2602342916072971] [0.69314718055994529:7.4798641311650265] [0:6.8956826977478682] [0.69314718055994529:7.8087293067443992] [0.69314718055994529:8.4287990406536419] [0.69314718055994529:6.1612073216950769] [0.69314718055994529:7.4512416849876759] [0:6.7226297948554485] [0.69314718055994473:5.9635793436184459] [0.69314718055994529:8.2602342916072971] [0.69314718055994529:7.4798641311650265] [0:6.8956826977478682] [0.69314718055994529:7.8087293067443992] [0.69314718055994529:8.4287990406536419] [0.69314718055994529:6.1612073216950769] [0.69314718055994529:7.4512416849876759] [0:6.7226297948554485] [0.69314718055994473:5.9635793436184459] [0.69314718055994529:8.2602342916072971] [0.69314718055994529:7.4798641311650265] [0:6.8956826977478682] [0.69314718055994529:7.8087293067443992] [0.69314718055994529:8.4287990406536419] [0.69314718055994529:6.1612073216950769] [0.69314718055994529:7.4512416849876759] [0:6.7226297948554485] [0.69314718055994473:5.9635793436184459] [0.69314718055994529:8.2602342916072971] [0.69314718055994529:7.4798641311650265] [0:6.8956826977478682] [0.69314718055994529:7.8087293067443992] [0.69314718055994529:8.4287990406536419] [0.69314718055994529:6.1612073216950769] [0.69314718055994529:7.4512416849876759] [0:6.7226297948554485] [0.69314718055994473:5.9635793436184459] [0.69314718055994529:8.2602342916072971] [0.69314718055994529:7.4798641311650265] [0:6.8956826977478682] [0.69314718055994529:7.8087293067443992] [0.69314718055994529:8.4287990406536419] [0.69314718055994529:6.1612073216950769] [0.69314718055994529:7.4512416849876759] [0.69314718055994529:6.6346333578616861] [0.69314718055994529:5.9635793436184459] [0.69314718055994529:8.0484687436688827] [0.69314718055994529:7.4798641311650265] [0.69314718055994529:6.8956826977478682] [0.69314718055994529:7.7323692222843876] [0.69314718055994529:3.970291913552122] [0.69314718055994529:3.970291913552122]
tree_sizes=697 715 717 715 719 721 721 722 720 723 727 724 724 718 722 721 725 724 728 723 728 727 731 731 731 734 727 731 727 726 732 733 724 729 732 726 651 731 736 729 735 733 729 733 736 731 726 731 734 566 570 732 733 570 731 566 651 731 727 735 734 731 653 734 737 735 736 569 572 733 737 651 732 735 734 654 733 742 737 735 738 653 729 736 732 658 738 655 736 657 653 734 574 656 654 742 576 653 740 739

Tree=0
num_leaves=7
num_cat=0
split_feature=7 0 6 12 1 61
split_gain=970.956 183.232 102.478 37.2406 24.7216 16.0253
threshold=3.6632328069201612 1.8688348091416842 6.5567622143685629 3.5408542930527882 0.89587973461402759 3.795426061844291
decision_type=2 2 2 2 2 2
left_child=1 4 -2 -3 -1 -5
right_child=2 3 -4 5 -6 -7
leaf_value=2.9263547286677887 3.2211502184865299 3.0495804930790045 3.3842154575710826 3.1270882807882399 3.0058750397623437 3.2172579288122245
leaf_weight=87 57 56 119 73 71 27
leaf_count=87 57 56 119 73 71 27
internal_value=3.14338 3.03799 3.3314 3.11487 2.96209 3.15143
internal_weight=0 314 176 156 158 100
internal_count=490 314 176 156 158 100
is_linear=0
shrinkage=1


Tree=1
num_leaves=7
num_cat=0
split_feature=7 0 6 12 57 6
split_gain=786.475 148.418 83.0074 30.1648 22.3709 15.516
threshold=3.6632328069201612 1.8688348091416842 6.5567622143685629 3.5408542930527882 2.3937458713910238 7.2004204375898437
decision_type=2 2 2 2 2 2
left_child=1 4 -2 -3 -1 -4
right_child=2 3 5 -5 -6 -7
leaf_value=-0.21465719324621288 0.069991533066097053 -0.084421222696879086 0.17576274029337444 0.007247009459882975 -0.13566760107585527 0.2485614523958804
leaf_weight=55 57 56 52 100 103 67
leaf_count=55 57 56 52 100 103 67
internal_value=0 -0.0948497 0.16922 -0.0256595 -0.163164 0.21675
internal_weight=0 314 176 156 158 119
internal_count=490 314 176 156 158 119
is_linear=0
shrinkage=0.1


Tree=2
num_leaves=7
num_cat=0
split_feature=6 0 6 8 57 0
split_gain=642.48 121.645 61.629 27.5141 16.7928 15.725
threshold=5.9401574021130825 1.8688348091416842 6.5567622143685629 3.0433873634561537 2.3937458713910238 2.6735537653587347
decision_type=2 2 2 2 2 2
left_child=1 4 -2 -3 -1 -5
right_child=2 3 -4 5 -6 -7
leaf_value=-0.19319148134101521 0.062357886271694529 -0.081961315863511783 0.19221248237825023 -0.057554383062083152 -0.12427505153899242 0.028843702163015097
leaf_weight=55 52 55 123 29 99 77
leaf_count=55 52 55 123 29 99 77
internal_value=0 -0.0853484 0.153627 -0.0245713 -0.148888 0.00520649
internal_weight=0 315 175 161 154 106
internal_count=490 315 175 161 154 106
is_linear=0
shrinkage=0.1


Tree=3
num_leaves=7
num_cat=0
split_feature=7 6 6 0 0 43
split_gain=522.313 99.9653 52.9194 24.5151 22.75 15.4673
threshold=3.6632328069201612 4.3943729409690677 6.5567622143685629 0.89587973461402759 2.8029010331479989 2.8029010331479989
decision_type=2 2 2 2 2 2
left_child=1 3 -2 -1 -3 -6
right_child=2 4 -4 -5 5 -7
leaf_value=-0.1649942768562366 0.058674093728002752 -0.05697636268803942 0.17585397292585936 -0.091070907561500603 0.082462504362398437 -0.011605700723488224
leaf_weight=85 57 61 119 95 29 44
leaf_count=85 57 61 119 95 29 44
internal_value=0 -0.0772963 0.137904 -0.125979 -0.0119015 0.0257639
internal_weight=0 314 176 180 134 73
internal_count=490 314 176 180 134 73
is_linear=0
shrinkage=0.1


Tree=4
num_leaves=7
num_cat=0
split_feature=6 0 0 8 44 24
split_gain=425.693 81.2064 44.2399 19.5948 16.0971 13.4369
threshold=5.9401574021130825 1.8688348091416842 5.2443855436100657 3.0433873634561537 4.8441560854355483 3.9701138825728512
decision_type=2 2 2 2 2 2
left_child=1 5 4 -3 -2 -1
right_child=2 3 -4 -5 -6 -7
leaf_value=-0.13888475857021518 0.12270108956930251 -0.068246490467678431 0.1785962586722723 0.0053147143420745752 0.039256953299045563 -0.071520698969252408
leaf_weight=114 43 55 82 106 50 40
leaf_count=114 43 55 82 106 50 40
internal_value=0 -0.0694727 0.125051 -0.0198149 0.0778387 -0.121388
internal_weight=0 315 175 161 93 154
internal_count=490 315 175 161 93 154
is_linear=0
shrinkage=0.1


Tree=5
num_leaves=7
num_cat=0
split_feature=7 6 0 1 51 12
split_gain=352.786 82.6318 24.1229 22.1314 19.9588 13.2596
threshold=3.8499212036984933 4.3943729409690677 5.1357292281083566 2.0126758453675748 1.0397207708399181 3.4960482137079443
decision_type=2 2 2 2 2 2
left_child=1 4 -2 -3 -1 -5
right_child=2 3 -4 5 -6 -7
leaf_value=-0.15150669734728964 0.083412939948695045 -0.074460348048630887 0.16333750507271871 -0.046423425260358135 -0.080193421492973968 0.034171920038367574
leaf_weight=57 70 34 82 26 126 95
leaf_count=57 70 34 82 26 126 95
internal_value=0 -0.0569011 0.12653 -0.00317631 -0.102406 0.0168539
internal_weight=0 338 152 155 183 121
internal_count=490 338 152 155 183 121
is_linear=0
shrinkage=0.1


Tree=6
num_leaves=7
num_cat=0
split_feature=7 0 6 46 12 1
split_gain=287.236 48.7007 37.9684 15.3211 12.229 11.7775
threshold=3.4811217321331038 1.8688348091416842 6.5567622143685629 3.9316333620047872 3.2769667020129059 1.4978661367769959
decision_type=2 2 2 2 2 2
left_child=1 5 3 -2 -3 -1
right_child=2 4 -4 -5 -6 -7
leaf_value=-0.11626855642374219 0.071618454570465895 -0.061833303426797305 0.12983042990478377 -0.025274571478366856 0.00077020695202590272 -0.052745649610192347
leaf_weight=116 47 46 120 25 97 39
leaf_count=116 47 46 120 25 97 39
internal_value=0 -0.0614559 0.0953847 0.037975 -0.019368 -0.100285
internal_weight=0 298 192 72 143 155
internal_count=490 298 192 72 143 155
is_linear=0
shrinkage=0.1


Tree=7
num_leaves=7
num_cat=0
split_feature=6 51 6 6 32 54
split_gain=234.091 49.0205 29.5512 25.7833 18.5889 8.24522
threshold=5.9401574021130825 1.0397207708399181 4.4425820475484112 7.1791673619156446 5.1984817689835037 4.9342409716686575
decision_type=2 2 2 2 2 2
left_child=1 -1 -3 5 -4 -2
right_child=3 2 4 -5 -6 -7
leaf_value=-0.12670225512017222 0.045863834051415329 -0.063633471030670283 0.027997986382145564 0.14030721252379211 -0.065423311825309485 0.11068584013443727
leaf_weight=68 80 130 89 69 28 26
leaf_count=68 80 130 89 69 28 26
internal_value=0 -0.0515179 -0.0308194 0.0927322 0.00564075 0.0617636
internal_weight=0 315 247 175 117 106
internal_count=490 315 247 175 117 106
is_linear=0
shrinkage=0.1


Tree=8
num_leaves=7
num_cat=0
split_feature=7 0 0 61 1 49
split_gain=193.448 33.5272 25.6228 12.4043 11.568 10.6059
threshold=3.4811217321331038 2.3502401828962087 5.2443855436100657 3.7726948748059121 0.89587973461402759 4.8282817362782584
decision_type=2 2 2 2 2 2
left_child=1 4 5 -3 -1 -2
right_child=2 3 -4 -5 -6 -7
leaf_value=-0.10294309544273549 0.063899885935858755 -0.027091516409353873 0.1215025481581688 0.049121073595181641 -0.052241399135608747 -0.010001734852790833
leaf_weight=90 87 90 80 28 90 25
leaf_count=90 87 90 80 28 90 25
internal_value=0 -0.0504344 0.0782784 -0.00900717 -0.0775922 0.047404
internal_weight=0 298 192 118 180 112
internal_count=490 298 192 118 180 112
is_linear=0
shrinkage=0.1


Tree=9
num_leaves=7
num_cat=0
split_feature=7 6 1 6 60 51
split_gain=159.751 38.8226 12.6748 11.35 10.9467 9.77222
threshold=3.8499212036984933 4.3943729409690677 2.0126758453675748 7.1791673619156446 3.6762205501217919 1.0397207708399181
decision_type=2 2 2 2 2 2
left_child=1 5 -3 -2 -4 -1
right_child=3 2 4 -5 -6 -7
leaf_value=-0.10383805271826292 0.060230065011475466 -0.055410793292171814 -0.0086391392522133324 0.11511540829703429 0.054203280475163873 -0.053938180826131311
leaf_weight=57 83 34 78 69 43 126
leaf_count=57 83 34 78 69 43 126
internal_value=0 -0.0382901 -0.00146502 0.0851451 0.0136933 -0.0694808
internal_weight=0 338 155 152 121 183
internal_count=490 338 155 152 121 183
is_linear=0
shrinkage=0.1


Tree=10
num_leaves=7
num_cat=0
split_feature=6 51 0 0 44 1
split_gain=131.713 25.8048 18.8552 17.1974 9.74806 7.76691
threshold=5.6902681384622422 1.0397207708399181 2.524928003624769 5.2091127565610185 4.8441560854355483 0.89587973461402759
decision_type=2 2 2 2 2 2
left_child=1 -1 5 4 -2 -3
right_child=3 2 -4 -5 -6 -7
leaf_value=-0.095886565701049919 0.069010929276163757 -0.090347563861743418 0.0057264337813159316 0.097963167590034372 0.0088831349675144479 -0.035741997757312759
leaf_weight=68 52 37 104 85 56 88
leaf_count=68 52 37 104 85 56 88
internal_value=0 -0.0417943 -0.0257319 0.0643155 0.0378336 -0.0519052
internal_weight=0 297 229 193 108 125
internal_count=490 297 229 193 108 125
is_linear=0
shrinkage=0.1


Tree=11
num_leaves=7
num_cat=0
split_feature=7 0 6 31 50 24
split_gain=108.685 18.113 17.7053 13.7284 8.68357 10.2016
threshold=3.2769667020129059 1.8688348091416842 6.5567622143685629 4.3943729409690677 4.3693677306817369 3.7132745361986528
decision_type=2 2 2 2 2 2
left_child=1 4 3 -2 5 -1
right_child=2 -3 -4 -5 -6 -7
leaf_value=-0.067181153106753544 0.046998340199243725 -0.013391230050335401 0.07987004451853924 -0.040219698939472442 -0.1111209813625582 0.0036752698584817927
leaf_weight=93 59 134 121 26 31 26
leaf_count=93 59 134 121 26 31 26
internal_value=0 -0.0401108 0.0552984 0.0203199 -0.0639803 -0.0516999
internal_weight=0 284 206 85 150 119
internal_count=490 284 206 85 150 119
is_linear=0
shrinkage=0.1


Tree=12
num_leaves=7
num_cat=0
split_feature=6 57 0 0 49 1
split_gain=89.6936 19.583 16.5765 12.3756 7.89819 5.08934
threshold=5.6902681384622422 1.0397207708399181 2.524928003624769 5.6347640923143762 5.2283988939541377 0.89587973461402759
decision_type=2 2 2 2 2 2
left_child=1 -1 5 4 -2 -3
right_child=3 2 -4 -5 -6 -7
leaf_value=-0.086614199663544528 0.047683739211305837 -0.070666118478402498 0.0089444347883178166 0.090324151399927069 -0.014745608144439757 -0.030345374127436014
leaf_weight=58 107 48 101 61 25 90
leaf_count=58 107 48 101 61 25 90
internal_value=0 -0.0344892 -0.0218396 0.0530741 0.03586 -0.04437
internal_weight=0 297 239 193 132 138
internal_count=490 297 239 193 132 138
is_linear=0
shrinkage=0.1


Tree=13
num_leaves=7
num_cat=0
split_feature=7 57 0 50 6 24
split_gain=74.1715 18.5772 16.1418 6.96134 6.096 5.69563
threshold=3.8499212036984933 1.9356005054539456 2.740319461670996 5.225688860219468 7.626056013675 3.1345481418531311
decision_type=2 2 2 2 2 2
left_child=1 -1 5 -4 -2 -3
right_child=4 2 3 -5 -6 -7
leaf_value=-0.072805869458791084 0.049131992891225523 -0.055517109513240154 0.032829933618572921 -0.021834283459055075 0.10315419721603394 -0.017726963186370476
leaf_weight=68 127 71 74 34 25 91
leaf_count=68 127 71 74 34 25 91
internal_value=0 -0.0260906 -0.0143253 0.0156208 0.0580172 -0.0342893
internal_weight=0 338 270 108 152 162
internal_count=490 338 270 108 152 162
is_linear=0
shrinkage=0.1


Tree=14
num_leaves=7
num_cat=0
split_feature=7 30 50 24 6 40
split_gain=61.1204 10.269 15.1215 12.066 9.97684 10.8525
threshold=3.2769667020129059 1.9356005054539456 2.3937458713910238 4.234001473612734 6.5567622143685629 4.5325416796595226
decision_type=2 2 2 2 2 2
left_child=1 -1 3 -3 5 -2
right_child=4 2 -4 -5 -6 -7
leaf_value=-0.068026724091747356 0.038276448125640551 -0.014983343330617899 -0.036899542152295232 0.072963237791107249 0.059913754077582072 -0.040143829278647902
leaf_weight=57 60 39 162 26 121 25
leaf_count=57 60 39 162 26 121 25
internal_value=0 -0.0300794 -0.0205508 0.0201953 0.0414687 0.0152117
internal_weight=0 284 227 65 206 85
internal_count=490 284 227 65 206 85
is_linear=0
shrinkage=0.1


Tree=15
num_leaves=7
num_cat=0
split_feature=6 57 0 6 44 30
split_gain=50.873 11.7248 9.36192 7.23532 7.75608 5.56977
threshold=5.6902681384622422 1.0397207708399181 2.524928003624769 7.1791673619156446 5.5834680418285876 5.003923783930186
decision_type=2 2 2 2 2 2
left_child=1 -1 -3 4 5 -2
right_child=3 2 -4 -5 -6 -7
leaf_value=-0.066307348565294827 0.02010988320603415 -0.033118406503690759 0.0069480819240359988 0.065926962916104906 -0.016003330796957017 0.070476373325328565
leaf_weight=58 54 138 101 69 33 37
leaf_count=58 54 138 101 69 33 37
internal_value=0 -0.0259744 -0.0161865 0.039971 0.0255278 0.0405886
internal_weight=0 297 239 193 124 91
internal_count=490 297 239 193 124 91
is_linear=0
shrinkage=0.1


Tree=16
num_leaves=7
num_cat=0
split_feature=7 57 0 49 61 53
split_gain=41.3669 12.0087 10.1956 7.84319 5.02564 4.37263
threshold=3.9316333620047872 1.9356005054539456 2.740319461670996 4.5325416796595226 3.7256208424938388 5.5490079490170325
decision_type=2 2 2 2 2 2
left_child=1 -1 -3 -4 5 -2
right_child=4 2 3 -5 -6 -7
leaf_value=-0.056018447119961769 0.017335664896693612 -0.025503472036516373 0.026018831844588641 -0.036932518571615218 0.086775716364383693 0.056511277663682052
leaf_weight=68 56 163 95 25 25 58
leaf_count=68 56 163 95 25 25 58
internal_value=0 -0.0182845 -0.00921763 0.012904 0.0461715 0.0372671
internal_weight=0 351 283 120 139 114
internal_count=490 351 283 120 139 114
is_linear=0
shrinkage=0.1


Tree=17
num_leaves=7
num_cat=0
split_feature=6 51 49 6 45 56
split_gain=34.4703 9.95637 9.67775 12.7741 4.26812 4.59475
threshold=6.3722732548560854 1.0397207708399181 4.7790881836238563 4.4425820475484112 4.6727851606181448 6.6253888500646871
decision_type=2 2 2 2 2 2
left_child=1 -1 3 -3 -2 -6
right_child=4 2 -4 -5 5 -7
leaf_value=-0.05090530788635507 0.066228502167730921 -0.025115034705231666 -0.067746567863971 0.019221355288931537 0.0049387305338935159 0.0507456610355764
leaf_weight=68 49 128 25 132 41 47
leaf_count=68 49 128 25 132 41 47
internal_value=0 -0.0165233 -0.00831989 -0.00260579 0.0425747 0.0294038
internal_weight=0 353 285 260 137 88
internal_count=490 353 285 260 137 88
is_linear=0
shrinkage=0.1


Tree=18
num_leaves=7
num_cat=0
split_feature=7 50 21 0 49 30
split_gain=28.8644 8.6464 13.9927 5.26562 5.8343 3.85821
threshold=3.2769667020129059 4.7621374077860166 4.1107394736335969 5.6347640923143762 4.9199542854466296 1.9356005054539456
decision_type=2 2 2 2 2 2
left_child=1 2 5 4 -2 -1
right_child=3 -3 -4 -5 -6 -7
leaf_value=-0.046295156136707025 0.029229463233721553 -0.056681011299844146 0.040741061060348666 0.053147252778843294 -0.018115890015135794 -0.014668023219263113
leaf_weight=54 111 54 41 61 34 135
leaf_count=54 111 54 41 61 34 135
internal_value=0 -0.0206708 -0.0122163 0.0284976 0.0181278 -0.0237043
internal_weight=0 284 230 206 145 189
internal_count=490 284 230 206 145 189
is_linear=0
shrinkage=0.1


Tree=19
num_leaves=7
num_cat=0
split_feature=6 23 6 43 6 51
split_gain=24.1372 7.19592 9.55878 7.27169 3.80248 3.28593
threshold=5.6902681384622422 4.7621374077860166 4.5271940351011493 2.3502401828962087 7.626056013675 5.3565417728696607
decision_type=2 2 2 2 2 2
left_child=1 2 5 -4 -2 -1
right_child=4 -3 3 -5 -6 -7
leaf_value=-0.029766825574437439 0.022117789990443271 -0.053790761229205647 0.05993286447316807 -0.0065122808888554568 0.063918874859809877 0.0039648006778507912
leaf_weight=146 168 47 28 40 25 36
leaf_count=146 168 47 28 40 25 36
internal_value=0 -0.0178914 -0.0111424 0.0208475 0.0275324 -0.0230946
internal_weight=0 297 250 68 193 182
internal_count=490 297 250 68 193 182
is_linear=0
shrinkage=0.1


Tree=20
num_leaves=7
num_cat=0
split_feature=7 57 15 49 50 23
split_gain=19.97 6.52696 5.91063 6.7756 4.27797 3.93358
threshold=3.9701138825728512 1.9356005054539456 4.1430087342023825 4.7790881836238563 2.191013317336941 3.891612008168019
decision_type=2 2 2 2 2 2
left_child=1 4 5 -4 -1 -3
right_child=-2 2 3 -5 -6 -7
leaf_value=-0.019897273437279026 0.032905145919075542 -0.013941985645737405 0.013302627616832333 -0.038617211071153484 -0.071159744842184916 -0.059524170786142354
leaf_weight=41 134 78 155 30 27 25
leaf_count=41 134 78 155 30 27 25
internal_value=0 -0.0123856 -0.00580621 0.00488319 -0.0402515 -0.0250056
internal_weight=0 356 288 185 68 103
internal_count=490 356 288 185 68 103
is_linear=0
shrinkage=0.1


Tree=21
num_leaves=7
num_cat=0
split_feature=7 56 12 58 6 61
split_gain=16.802 6.25144 13.4799 5.35766 5.92671 4.47803
threshold=3.2769667020129059 4.744894319750431 4.0342014792848504 4.1430087342023825 3.1345481418531311 3.9219243190762363
decision_type=2 2 2 2 2 2
left_child=1 2 -1 4 -3 -2
right_child=5 3 -4 -5 -6 -7
leaf_value=-0.017471664492665923 0.016138935352921383 -0.018991033809588238 0.053164734256764261 0.0016691703848274694 -0.075778589751571424 0.060535973568375291
leaf_weight=149 180 34 33 28 40 26
leaf_count=149 180 34 33 28 40 26
internal_value=0 -0.0157709 -0.00466397 -0.0355892 -0.049687 0.0217424
internal_weight=0 284 182 102 74 206
internal_count=490 284 182 102 74 206
is_linear=0
shrinkage=0.1


Tree=22
num_leaves=7
num_cat=0
split_feature=6 51 49 0 36 56
split_gain=14.5398 4.62389 5.97288 7.12949 3.46158 3.74312
threshold=6.3722732548560854 1.0397207708399181 4.7790881836238563 2.8029010331479989 4.8441560854355483 6.6253888500646871
decision_type=2 2 2 2 2 2
left_child=1 -1 3 -3 -2 -6
right_child=4 2 -4 -5 5 -7
leaf_value=-0.034162008477484483 0.046482357593547359 -0.014281086947829012 -0.051826827675104138 0.019467493547348395 -0.010293560373995987 0.033309980024480157
leaf_weight=68 57 155 25 105 35 45
leaf_count=68 57 155 25 105 35 45
internal_value=0 -0.0107314 -0.00514089 -0.000651853 0.0276509 0.0142334
internal_weight=0 353 285 260 137 80
internal_count=490 353 285 260 137 80
is_linear=0
shrinkage=0.1


Tree=23
num_leaves=7
num_cat=0
split_feature=6 23 12 51 52 51
split_gain=11.8835 5.48845 6.01959 2.7015 4.09389 2.47172
threshold=5.6902681384622422 4.7621374077860166 4.2625806805327082 5.0812307304255837 3.2951505240983434 5.3565417728696607
decision_type=2 2 2 2 2 2
left_child=1 2 5 -2 -5 -1
right_child=3 -3 -4 4 -6 -7
leaf_value=-0.018997665094597452 0.049988176653161645 -0.043905968528161664 0.026459938900338282 -0.021726742659050686 0.021434288301187876 0.0098614063941770136
leaf_weight=169 25 47 45 26 142 36
leaf_count=169 25 47 45 26 142 36
internal_value=0 -0.0125538 -0.00665959 0.0193185 0.0147546 -0.0139297
internal_weight=0 297 250 193 168 205
internal_count=490 297 250 193 168 205
is_linear=0
shrinkage=0.1


Tree=24
num_leaves=7
num_cat=0
split_feature=6 49 12 50 61 57
split_gain=9.83795 3.67076 5.84732 8.25946 2.86909 2.85501
threshold=6.3722732548560854 4.7790881836238563 4.1107394736335969 3.8064155152036787 3.2769667020129059 4.9344480538832558
decision_type=2 2 2 2 2 2
left_child=1 2 -1 -4 5 -2
right_child=4 -3 3 -5 -6 -7
leaf_value=-0.015757109678163253 -0.011746172686772686 -0.045763938143849381 0.058363743254850657 -0.0034407187625765802 0.053375009804964069 0.025125595791004818
leaf_weight=214 28 25 29 85 25 84
leaf_count=214 28 25 29 85 25 84
internal_value=0 -0.00882729 -0.00601199 0.0122815 0.0227448 0.0159077
internal_weight=0 353 328 114 137 112
internal_count=490 353 328 114 137 112
is_linear=0
shrinkage=0.1


Tree=25
num_leaves=7
num_cat=0
split_feature=16 49 12 50 4 20
split_gain=8.43448 3.86005 4.5578 5.60054 2.99729 2.11821
threshold=3.9316333620047872 4.7790881836238563 3.6105525490912482 3.8064155152036787 6.0136404258932332 4.4880679366512748
decision_type=2 2 2 2 2 2
left_child=1 2 5 -4 -2 -1
right_child=4 -3 3 -5 -6 -7
leaf_value=-0.010473178312397347 0.028886381931011087 -0.046087794311344625 0.02973330342465488 -0.0087022801460598098 -0.0064263574989332304 -0.036788427205756306
leaf_weight=130 107 25 64 93 31 40
leaf_count=130 107 25 64 93 31 40
internal_value=0 -0.00821485 -0.00531936 0.00696573 0.0209538 -0.016665
internal_weight=0 352 327 157 138 170
internal_count=490 352 327 157 138 170
is_linear=0
shrinkage=0.1


Tree=26
num_leaves=7
num_cat=0
split_feature=7 56 6 61 6 13
split_gain=7.4644 5.29679 8.03937 3.77583 3.73275 3.72446
threshold=3.0433873634561537 4.744894319750431 4.7094896185437563 3.6242520361853052 5.0172579074712669 4.7957563937576522
decision_type=2 2 2 2 2 2
left_child=1 2 -1 5 -3 -2
right_child=3 4 -4 -5 -6 -7
leaf_value=-0.012284299746371194 -0.0076795341303715339 -0.018119310884846047 0.040372663341160568 0.036731433573196519 -0.062668241947316211 0.021800823076225728
leaf_weight=134 91 68 37 53 26 81
leaf_count=134 91 68 37 53 26 81
internal_value=0 -0.0113728 -0.000890688 0.0133946 -0.0304414 0.00620366
internal_weight=0 265 171 225 94 172
internal_count=490 265 171 225 94 172
is_linear=0
shrinkage=0.1


Tree=27
num_leaves=7
num_cat=0
split_feature=25 4 40 6 22 13
split_gain=6.37872 3.95587 3.91076 7.29422 5.77479 2.68392
threshold=3.8064155152036787 3.8606743063089755 3.8064155152036787 5.6902681384622422 3.3667009459186801 2.9430520157250784
decision_type=2 2 2 2 2 2
left_child=2 -2 4 -4 5 -1
right_child=1 -3 3 -5 -6 -7
leaf_value=-0.012594501081871512 0.053146978467702867 0.0097382087168063382 -0.069190459077556929 0.004315512328995047 0.032131924265995621 0.021430384912169899
leaf_weight=214 25 131 27 27 40 26
leaf_count=214 25 131 27 27 40 26
internal_value=0 0.0166947 -0.00779754 -0.0324375 -0.00304556 -0.00890847
internal_weight=0 156 334 54 280 240
internal_count=490 156 334 54 280 240
is_linear=0
shrinkage=0.1


Tree=28
num_leaves=7
num_cat=0
split_feature=6 44 2 28 21 50
split_gain=5.3878 4.44487 6.86821 3.8245 3.8768 4.76851
threshold=4.9199542854466296 3.4498615536424366 3.5972184255501678 3.0201273556387074 2.9174053685313028 2.191013317336941
decision_type=2 2 2 2 2 2
left_child=3 -2 -3 4 -1 -6
right_child=1 2 -4 -5 5 -7
leaf_value=-0.020856350637516199 0.042922553704785454 -0.029874846278487341 0.013373995757569652 -0.047376737757944147 0.040492194965481759 -0.0068652338549265099
leaf_weight=98 35 46 182 26 30 73
leaf_count=98 35 46 182 26 30 73
internal_value=0 0.00974188 0.00464835 -0.0112868 -0.0066185 0.00692819
internal_weight=0 263 228 227 201 103
internal_count=490 263 228 227 201 103
is_linear=0
shrinkage=0.1


Tree=29
num_leaves=7
num_cat=0
split_feature=0 49 8 50 57 48
split_gain=4.62424 3.72315 4.21112 2.90447 2.49039 2.25888
threshold=5.0905596445672048 4.7790881836238563 4.5847591887279648 2.191013317336941 4.7273486598447958 6.2528292924923905
decision_type=2 2 2 2 2 2
left_child=1 2 3 -1 -4 -2
right_child=5 -3 4 -5 -6 -7
leaf_value=0.0060125218685140314 0.03030624056987178 -0.036809431117338441 0.037833359901394165 -0.015495674038604114 0.0038296795184058806 -0.0045695667692388486
leaf_weight=97 65 33 35 178 56 26
leaf_count=97 65 33 35 178 56 26
internal_value=0 -0.00463934 -0.00173876 -0.00790915 0.016908 0.0203417
internal_weight=0 399 366 275 91 91
internal_count=490 399 366 275 91 91
is_linear=0
shrinkage=0.1


Tree=30
num_leaves=7
num_cat=0
split_feature=13 36 22 50 39 47
split_gain=4.00576 3.5647 3.44408 2.81626 2.87887 3.37722
threshold=3.5972184255501678 4.135134555718313 2.8029010331479989 4.3693677306817369 4.9052473428434826 6.5294177726742184
decision_type=2 2 2 2 2 2
left_child=1 2 -1 -2 -5 -6
right_child=3 -3 -4 4 5 -7
leaf_value=-0.0074458706300132545 0.039404059805232906 -0.033937707878860905 0.029339941446508828 -0.02137303370436712 0.029999381361218793 -0.00076819972442039716
leaf_weight=208 29 44 29 32 60 88
leaf_count=208 29 44 29 32 60 88
internal_value=0 -0.00779766 -0.00294465 0.0104839 0.00582458 0.0117051
internal_weight=0 281 237 209 180 148
internal_count=490 281 237 209 180 148
is_linear=0
shrinkage=0.1


Tree=31
num_leaves=7
num_cat=0
split_feature=15 23 44 2 38 12
split_gain=3.56813 4.41218 3.52804 3.23539 3.06269 4.42118
threshold=5.3752355389054705 4.7621374077860166 3.7132745361986528 3.5972184255501678 4.5746578350692051 1.9356005054539456
decision_type=2 2 2 2 2 2
left_child=1 4 -2 -4 -1 -6
right_child=2 -3 3 -5 5 -7
leaf_value=-0.009415995577453741 0.044907369503751404 -0.041892214751604838 -0.028580334931612019 0.0099928732004998157 -0.015446389429271221 0.039614181497267316
leaf_weight=180 25 33 25 167 25 35
leaf_count=180 25 33 25 167 25 35
internal_value=0 -0.00760801 0.00957136 0.00497032 -0.00289393 0.0166723
internal_weight=0 273 217 192 240 60
internal_count=490 273 217 192 240 60
is_linear=0
shrinkage=0.1


Tree=32
num_leaves=7
num_cat=0
split_feature=57 1 5 12 60 54
split_gain=3.24629 3.03483 3.11488 3.27124 2.66635 2.95679
threshold=1.9356005054539456 1.8688348091416842 3.2180751841847144 2.6735537653587347 3.795426061844291 4.3036997296511936
decision_type=2 2 2 2 2 2
left_child=-1 2 3 -2 -3 -6
right_child=1 4 -4 -5 5 -7
leaf_value=-0.020276693705305021 -0.024074390858411791 0.0033504907762137606 -0.030540020034668294 0.02301248979444305 0.049207327961921697 0.0074491322565919315
leaf_weight=68 25 245 47 36 30 39
leaf_count=68 25 245 47 36 30 39
internal_value=0 0.00326733 -0.0111925 0.00371459 0.00824078 0.0256049
internal_weight=0 422 108 61 314 69
internal_count=490 422 108 61 314 69
is_linear=0
shrinkage=0.1


Tree=33
num_leaves=7
num_cat=0
split_feature=56 49 12 53 56 52
split_gain=2.92237 3.87612 3.73597 2.7749 2.66377 1.17918
threshold=6.5991842030753247 5.2283988939541377 4.6727851606181448 5.1416464569318583 4.744894319750431 4.7957563937576522
decision_type=2 2 2 2 2 2
left_child=1 2 4 -4 -1 -2
right_child=5 -3 3 -5 -6 -7
leaf_value=0.0005881375255749415 0.02884700522735352 -0.034943821700289847 0.030139334144167092 -0.0086701013561752121 -0.020296612658486188 0.0057543907236928746
leaf_weight=190 41 36 58 27 90 48
leaf_count=190 41 36 58 27 90 48
internal_value=0 -0.00363825 -0.000550576 0.0178116 -0.00612482 0.0163926
internal_weight=0 401 365 85 280 89
internal_count=490 401 365 85 280 89
is_linear=0
shrinkage=0.1


Tree=34
num_leaves=7
num_cat=0
split_feature=12 59 5 49 13 47
split_gain=2.53545 2.43493 3.53383 3.31434 3.31224 1.11102
threshold=5.9161984299557089 6.0799305768627407 4.4187680230537838 2.6735537653587347 3.7012257604091228 6.9469593498466224
decision_type=2 2 2 2 2 2
left_child=1 2 4 -4 -1 -2
right_child=5 -3 3 -5 -6 -7
leaf_value=-0.0066945349949086644 0.031565627340001588 0.021482084054303796 -0.00010243194393786747 -0.047237382617646033 0.016477715695935598 0.0042130841218211033
leaf_weight=249 33 38 26 35 82 27
leaf_count=249 33 38 26 35 82 27
internal_value=0 -0.00268702 -0.00502994 -0.0271471 -0.000953977 0.019257
internal_weight=0 430 392 61 331 60
internal_count=490 430 392 61 331 60
is_linear=0
shrinkage=0.1


Tree=35
num_leaves=7
num_cat=0
split_feature=57 20 1 56 21 50
split_gain=2.31682 2.68807 2.26765 3.97384 2.54443 2.99247
threshold=1.9356005054539456 2.524928003624769 0.89587973461402759 4.7873528345994618 2.6735537653587347 2.191013317336941
decision_type=2 2 2 2 2 2
left_child=1 -1 3 -2 -4 -6
right_child=2 -3 4 -5 5 -7
leaf_value=0.0027525330256835067 0.0076722490820376318 -0.037011976918096053 -0.019451517098867853 -0.043714235281502763 0.037111244463559352 0.005341892017766017
leaf_weight=34 34 34 36 27 33 292
leaf_count=34 34 34 36 27 33 292
internal_value=0 -0.0171297 0.00276024 -0.0150726 0.00577354 0.0085677
internal_weight=0 68 422 61 361 325
internal_count=490 68 422 61 361 325
is_linear=0
shrinkage=0.1


Tree=36
num_leaves=6
num_cat=0
split_feature=0 49 12 50 1
split_gain=2.19897 2.0757 2.068 4.92713 1.89085
threshold=5.9635760393734838 5.2958110956362647 4.1107394736335969 3.8064155152036787 2.9430520157250784
decision_type=2 2 2 2 2
left_child=1 2 4 -4 -1
right_child=-2 -3 3 -5 -6
leaf_value=-0.0024049837617591647 0.023789681647516169 -0.023943399079144001 0.042832178280999264 0.00052515143494918405 -0.027510442059590585
leaf_weight=180 36 39 33 166 36
leaf_count=180 36 39 33 166 36
internal_value=0 -0.00188641 0.000186419 0.00754089 -0.00658923
internal_weight=0 454 415 199 216
internal_count=490 454 415 199 216
is_linear=0
shrinkage=0.1


Tree=37
num_leaves=7
num_cat=0
split_feature=0 21 38 37 22 27
split_gain=1.93864 2.9524 2.76318 2.88049 2.83267 1.8284
threshold=5.0905596445672048 5.3890613045707267 4.718339407093457 2.8314802400679731 3.5972184255501678 4.8441560854355483
decision_type=2 2 2 2 2 2
left_child=1 2 3 -1 -4 -2
right_child=5 -3 4 -5 -6 -7
leaf_value=-0.0026616697750215124 0.033383389382312695 -0.030744603491787398 -0.0040500078732564823 -0.035489562159636993 0.024519418078448832 0.0032303630359104421
leaf_weight=194 30 35 67 31 72 61
leaf_count=194 30 35 67 31 72 61
internal_value=0 -0.00300389 -0.000336519 -0.00718462 0.0107485 0.0131709
internal_weight=0 399 364 225 139 91
internal_count=490 399 364 225 139 91
is_linear=0
shrinkage=0.1


Tree=38
num_leaves=7
num_cat=0
split_feature=12 49 38 11 61 52
split_gain=1.70326 2.1916 1.95354 2.52183 2.44034 0.971372
threshold=5.9161984299557089 5.2958110956362647 4.718339407093457 4.5538214868689204 3.6242520361853052 4.4187680230537838
decision_type=2 2 2 2 2 2
left_child=1 2 3 -1 -4 -2
right_child=5 -3 4 -5 -6 -7
leaf_value=-0.0012079151552271746 0.027292539805851203 -0.027814812904163717 0.0018055535597985028 -0.028106418362991926 0.031392155502523694 0.0017167204784022437
leaf_weight=184 33 31 137 43 35 27
leaf_count=184 33 31 137 43 35 27
internal_value=0 -0.00220234 -0.000212396 -0.00630323 0.00782608 0.0157834
internal_weight=0 430 399 227 172 60
internal_count=490 430 399 227 172 60
is_linear=0
shrinkage=0.1


Tree=39
num_leaves=7
num_cat=0
split_feature=57 50 1 56 29 37
split_gain=1.56379 2.4647 1.72102 3.25999 1.89489 2.41686
threshold=1.9356005054539456 2.3937458713910238 0.89587973461402759 4.7873528345994618 2.191013317336941 0.89587973461402759
decision_type=2 2 2 2 2 2
left_child=1 -1 3 -2 -4 -6
right_child=2 -3 4 -5 5 -7
leaf_value=0.00044334118557704053 0.0073331003625165016 -0.03904163814149797 0.029406501429861995 -0.039209623800383675 -0.016824302497267161 0.0064702911017876542
leaf_weight=43 34 25 29 27 53 279
leaf_count=43 34 25 29 27 53 279
internal_value=0 -0.0140732 0.00226772 -0.0132678 0.00489283 0.00275158
internal_weight=0 68 422 61 361 332
internal_count=490 68 422 61 361 332
is_linear=0
shrinkage=0.1


Tree=40
num_leaves=7
num_cat=0
split_feature=19 48 8 5 30 5
split_gain=1.48775 4.68166 3.44348 2.58613 3.51363 2.55509
threshold=0.89587973461402759 2.8029010331479989 4.6913057964583187 3.2951505240983434 2.6735537653587347 4.3943729409690677
decision_type=2 2 2 2 2 2
left_child=3 -2 -3 4 -1 -4
right_child=1 2 5 -5 -6 -7
leaf_value=-0.017676642208703255 0.0347590826230035 -0.013152806467788991 0.021634057457735646 -0.033252213951764691 0.019475192528056063 -0.0023227600162071585
leaf_weight=57 42 131 79 33 46 102
leaf_count=57 42 131 79 33 46 102
internal_value=0 0.00341535 -0.000804002 -0.00888995 -0.00108456 0.00813353
internal_weight=0 354 312 136 103 181
internal_count=490 354 312 136 103 181
is_linear=0
shrinkage=0.1


Tree=41
num_leaves=7
num_cat=0
split_feature=56 49 6 49 14 52
split_gain=1.37125 2.25056 1.69157 3.1058 2.85303 1.27264
threshold=6.6871054984234481 5.2958110956362647 4.9199542854466296 1.7005986908310777 3.4334666422309414 4.7957563937576522
decision_type=2 2 2 2 2 2
left_child=1 2 4 -4 -1 -2
right_child=5 -3 3 -5 -6 -7
leaf_value=0.00099358462670352311 0.025919753631266459 -0.026974888977265972 0.03795744066259691 0.0012654737093066443 -0.02506110405083746 0.00056725136554715316
leaf_weight=160 36 34 28 131 57 44
leaf_count=160 36 34 28 131 57 44
internal_value=0 -0.00233676 -0.00010884 0.00772695 -0.00585027 0.0119759
internal_weight=0 410 376 159 217 80
internal_count=490 410 376 159 217 80
is_linear=0
shrinkage=0.1


Tree=42
num_leaves=7
num_cat=0
split_feature=5 55 60 50 50 54
split_gain=1.26663 3.02956 1.83162 1.41554 1.34713 1.21945
threshold=5.613101466006575 4.7094896185437563 3.8176519431297078 4.5325416796595226 2.191013317336941 5.5526890953288701
decision_type=2 2 2 2 2 2
left_child=1 2 4 -4 -1 -2
right_child=5 -3 3 -5 -6 -7
leaf_value=0.0077993399613963746 0.024168968228145672 -0.032609472930586587 0.034375613727248636 0.0010491308569908144 -0.0061443775679063369 -0.0041234571114182475
leaf_weight=96 39 30 26 25 249 25
leaf_count=96 39 30 26 25 249 25
internal_value=0 -0.00197067 0.000350457 0.0180391 -0.00226439 0.0131172
internal_weight=0 426 396 51 345 64
internal_count=490 426 396 51 345 64
is_linear=0
shrinkage=0.1


Tree=43
num_leaves=7
num_cat=0
split_feature=16 50 17 5 51 17
split_gain=1.31309 2.18678 2.45202 1.83125 1.30452 1.85335
threshold=1.0397207708399181 2.191013317336941 2.7058230259275202 2.3937458713910238 2.9430520157250784 1.0397207708399181
decision_type=2 2 2 2 2 2
left_child=4 -2 -3 -4 5 -1
right_child=1 2 3 -5 -6 -7
leaf_value=-0.015161110106033876 0.025530086808200732 -0.020971176321519184 0.017882814252263176 -0.00072017081745614055 -0.021783999991318099 0.020306166175466319
leaf_weight=34 38 47 69 227 49 26
leaf_count=34 38 47 69 227 49 26
internal_value=0 0.00276885 0.000247202 0.00361634 -0.00967829 0.000208043
internal_weight=0 381 343 296 109 60
internal_count=490 381 343 296 109 60
is_linear=0
shrinkage=0.1


Tree=44
num_leaves=7
num_cat=0
split_feature=19 44 17 59 30 26
split_gain=1.1962 3.67577 4.3735 2.06918 2.5233 1.40042
threshold=0.89587973461402759 1.5890269151739729 2.7058230259275202 4.7621374077860157 3.4175922930736511 4.2903656061101136
decision_type=2 2 2 2 2 2
left_child=3 -2 -3 4 -1 -4
right_child=1 2 5 -5 -6 -7
leaf_value=-0.010969682248708394 0.032447386273231946 -0.030113885824590233 0.017009997349232437 -0.028529315162450077 0.023694001132001482 0.00019403703254983369
leaf_weight=70 38 43 65 36 30 208
leaf_count=70 38 43 65 36 30 208
internal_value=0 0.00306247 -0.000471163 -0.00797142 -0.000570577 0.00419784
internal_weight=0 354 316 136 100 273
internal_count=490 354 316 136 100 273
is_linear=0
shrinkage=0.1


Tree=45
num_leaves=7
num_cat=0
split_feature=13 50 37 5 41 18
split_gain=1.05737 1.66445 2.60897 4.2944 2.44573 2.19673
threshold=5.1761337726651186 4.7621374077860166 4.317399216745252 3.8393944990995772 4.6346818562128229 4.234001473612734
decision_type=2 2 2 2 2 2
left_child=1 4 3 -3 5 -1
right_child=-2 2 -4 -5 -6 -7
leaf_value=0.0024648603907369113 0.011014030739425909 -0.0038236951482338976 0.0072424259188832068 -0.049945062792605979 0.028431109694065527 -0.026807847672045745
leaf_weight=221 74 52 49 33 32 29
leaf_count=221 74 52 49 33 32 29
internal_value=0 -0.00195923 -0.0111354 -0.0217296 0.00240107 -0.000930774
internal_weight=0 416 134 85 282 250
internal_count=490 416 134 85 282 250
is_linear=0
shrinkage=0.1


Tree=46
num_leaves=7
num_cat=0
split_feature=5 5 6 8 35 54
split_gain=1.06188 2.60252 2.71354 2.13595 2.96672 2.32025
threshold=5.613101466006575 4.4187680230537838 6.6036462940948182 4.9199542854466296 5.5490079490170325 4.6346818562128229
decision_type=2 2 2 2 2 2
left_child=1 3 -3 5 -5 -1
right_child=-2 2 -4 4 -6 -7
leaf_value=0.0010452320642184978 0.012010316254963982 -0.037495362170432749 0.0010972014508609262 0.042640088046235702 0.00019928611989598725 -0.028355554020963611
leaf_weight=255 64 38 35 28 40 30
leaf_count=255 64 38 35 28 40 30
internal_value=0 -0.00180437 -0.0189921 0.00175003 0.0176749 -0.00204959
internal_weight=0 426 73 353 68 285
internal_count=490 426 73 353 68 285
is_linear=0
shrinkage=0.1


Tree=47
num_leaves=7
num_cat=0
split_feature=57 15 53 15 52 49
split_gain=1.02026 2.80739 1.10645 2.40421 1.97239 1.93417
threshold=2.3937458713910238 4.1742689126930488 1.9356005054539456 4.1430087342023825 1.5890269151739729 0.89587973461402759
decision_type=2 2 2 2 2 2
left_child=1 -1 -2 4 -4 -5
right_child=2 -3 3 5 -6 -7
leaf_value=0.0021853798451567335 0.017405612868744702 -0.03811695973575116 -0.038236526370048526 0.030613467956964787 -0.0045469377462531591 0.0020024920649229618
leaf_weight=56 42 25 25 26 57 259
leaf_count=56 42 25 25 26 57 259
internal_value=0 -0.0102536 0.00203067 0.000271136 -0.0148182 0.00461262
internal_weight=0 81 409 367 82 285
internal_count=490 81 409 367 82 285
is_linear=0
shrinkage=0.1


Tree=48
num_leaves=7
num_cat=0
split_feature=54 58 57 27 59 7
split_gain=0.912459 2.54014 3.58897 2.30166 1.96931 1.64241
threshold=2.191013317336941 2.8314802400679731 3.8393944990995772 2.1383330595080281 2.6735537653587347 1.0397207708399181
decision_type=2 2 2 2 2 2
left_child=1 2 3 -1 -2 -6
right_child=4 -3 -4 -5 5 -7
leaf_value=-0.014344920581552779 0.029619722055772752 0.021404451440120566 -0.042521967790250123 0.013952636471800903 -0.023611022850498556 0.0032243114371354187
leaf_weight=74 26 29 29 47 25 260
leaf_count=74 26 29 29 47 25 260
internal_value=0 -0.00568803 -0.0109259 -0.00335331 0.00327382 0.000870335
internal_weight=0 179 150 121 311 285
internal_count=490 179 150 121 311 285
is_linear=0
shrinkage=0.1


Tree=49
num_leaves=5
num_cat=0
split_feature=48 0 20 31
split_gain=0.913665 1.7691 1.17074 1.7438
threshold=6.3007841113004242 5.8126357624008849 6.8329179230152572 4.8282817362782584
decision_type=2 2 2 2
left_child=1 2 3 -1
right_child=-2 -3 -4 -5
leaf_value=-0.001111161506607107 -0.016908832788467408 0.022385532099481985 -0.021263276939638531 0.025676273769484115
leaf_weight=372 30 36 26 26
leaf_count=372 30 36 26 26
internal_value=0 0.00110275 -0.000704279 0.000638771
internal_weight=0 460 424 398
internal_count=490 460 424 398
is_linear=0
shrinkage=0.1


Tree=50
num_leaves=5
num_cat=0
split_feature=3 39 49 54
split_gain=0.795555 1.57897 1.88738 1.18989
threshold=6.1420165934996938 6.1377247216539983 5.192895118684441 2.191013317336941
decision_type=2 2 2 2
left_child=1 2 3 -1
right_child=-2 -3 -4 -5
leaf_value=-0.0050091832204638672 -0.017021949267767084 0.023973127284885518 -0.026131905608431056 0.0058771982929540865
leaf_weight=177 26 28 27 232
leaf_count=177 26 28 27 232
internal_value=0 0.000953816 -0.000524488 0.00116598
internal_weight=0 464 436 409
internal_count=490 464 436 409
is_linear=0
shrinkage=0.1


Tree=51
num_leaves=7
num_cat=0
split_feature=50 30 60 17 18 51
split_gain=0.81151 3.03442 2.01683 1.93078 1.84598 1.06753
threshold=2.191013317336941 1.9356005054539456 3.7012257604091228 2.524928003624769 1.4978661367769959 4.8197610033508322
decision_type=2 2 2 2 2 2
left_child=1 -1 -3 4 -2 -5
right_child=3 2 -4 5 -6 -7
leaf_value=-0.013748892199976418 -0.00042842122327004163 0.037637228470827851 0.00086847128449545172 0.010470639850110423 -0.036130070996781193 -0.0024725755042494923
leaf_weight=39 28 35 26 86 30 246
leaf_count=39 28 35 26 86 30 246
internal_value=0 0.00803676 0.0219653 -0.00206071 -0.0188948 0.000880185
internal_weight=0 100 61 390 58 332
internal_count=490 100 61 390 58 332
is_linear=0
shrinkage=0.1


Tree=52
num_leaves=7
num_cat=0
split_feature=61 7 55 24 54 53
split_gain=0.76579 1.68557 2.15124 1.92533 1.43792 1.32461
threshold=3.5114340430413216 3.1345481418531311 3.5549397315361362 2.3937458713910238 4.5538214868689204 5.5490079490170325
decision_type=2 2 2 2 2 2
left_child=5 2 3 -2 -3 -1
right_child=1 4 -4 -5 -6 -7
leaf_value=-0.0068537559952554219 -0.011307094996381137 0.037615235015749933 -0.027330349996685984 0.014991076459967827 0.0040262970831603387 0.0090488416129065798
leaf_weight=228 45 25 25 73 26 68
leaf_count=228 45 25 25 73 26 68
internal_value=0 0.00488317 -0.000683423 0.00496211 0.0204915 -0.00320046
internal_weight=0 194 143 118 51 296
internal_count=490 194 143 118 51 296
is_linear=0
shrinkage=0.1


Tree=53
num_leaves=5
num_cat=0
split_feature=48 0 20 31
split_gain=0.758929 1.33263 0.900981 1.50024
threshold=6.3007841113004242 5.8126357624008849 6.8329179230152572 4.8282817362782584
decision_type=2 2 2 2
left_child=1 2 3 -1
right_child=-2 -3 -4 -5
leaf_value=-0.0010082460486584204 -0.015410641102741164 0.019476798231092593 -0.018598883183529744 0.023838189294418465
leaf_weight=372 30 36 26 26
leaf_count=372 30 36 26 26
internal_value=0 0.00100504 -0.000563315 0.000614888
internal_weight=0 460 424 398
internal_count=490 460 424 398
is_linear=0
shrinkage=0.1


Tree=54
num_leaves=7
num_cat=0
split_feature=50 19 57 30 4 60
split_gain=0.702121 2.78536 1.61882 1.57023 1.21605 1.11535
threshold=2.191013317336941 1.2424533248940004 2.3937458713910238 2.602003343538398 0.89587973461402759 3.7256208424938388
decision_type=2 2 2 2 2 2
left_child=1 3 -2 -1 -4 -6
right_child=2 -3 4 -5 5 -7
leaf_value=-0.016938742838683539 -0.023466094327159227 0.030728171480244357 -0.01462634393080537 0.014628530755782358 -0.0010111455881072335 0.013132688735790347
leaf_weight=40 32 34 49 26 236 73
leaf_count=40 32 34 49 26 236 73
internal_value=0 0.0074755 -0.00191679 -0.00450315 9.39963e-06 0.00233028
internal_weight=0 100 390 66 358 309
internal_count=490 100 390 66 358 309
is_linear=0
shrinkage=0.1


Tree=55
num_leaves=5
num_cat=0
split_feature=4 3 46 4
split_gain=0.619236 1.76882 1.74867 1.16259
threshold=5.9687042894570785 5.2091127565610185 4.3943729409690677 4.0773937863842606
decision_type=2 2 2 2
left_child=1 2 3 -1
right_child=-2 -3 -4 -5
leaf_value=0.0034447389749473287 -0.012817449473908971 0.019356295173650884 -0.02186071234377655 -0.011559889572972973
leaf_weight=309 35 47 37 62
leaf_count=309 35 47 37 62
internal_value=0 0.000985958 -0.00113023 0.000937227
internal_weight=0 455 408 371
internal_count=490 455 408 371
is_linear=0
shrinkage=0.1


Tree=56
num_leaves=6
num_cat=0
split_feature=48 37 46 59 43
split_gain=0.599075 1.0646 1.05628 1.3358 0.880992
threshold=6.3007841113004242 5.1059271080903725 4.3943729409690677 6.2652939840136526 3.9701138825728512
decision_type=2 2 2 2 2
left_child=1 2 3 -1 -4
right_child=-2 -3 4 -5 -6
leaf_value=-2.0953658675550532e-05 -0.013691806611265445 0.0209602532312274 -0.026669800872556295 0.023885757729411126 -0.00037835520505905153
leaf_weight=359 30 25 26 25 25
leaf_count=359 30 25 26 25 25
internal_value=0 0.000892944 -0.00026035 0.00153547 -0.0137818
internal_weight=0 460 435 384 51
internal_count=490 460 435 384 51
is_linear=0
shrinkage=0.1


Tree=57
num_leaves=7
num_cat=0
split_feature=5 54 8 35 54 53
split_gain=0.617691 3.43791 1.35119 1.84915 1.84163 3.27523
threshold=4.4187680230537838 4.6913057964583187 4.9199542854466296 5.5490079490170325 4.6346818562128229 4.2903656061101136
decision_type=2 2 2 2 2 2
left_child=2 -2 4 -4 5 -1
right_child=1 -3 3 -5 -6 -7
leaf_value=-0.0031570561645461364 -0.028349548329909643 0.0053797628939323862 0.034587639873747585 0.001080989651964046 -0.024246420537432034 0.02711131395880393
leaf_weight=212 45 92 28 40 30 43
leaf_count=212 45 92 28 40 30 43
internal_value=0 -0.00569921 0.00221187 0.0148778 -0.000810183 0.00194702
internal_weight=0 137 353 68 285 255
internal_count=490 137 353 68 285 255
is_linear=0
shrinkage=0.1


Tree=58
num_leaves=7
num_cat=0
split_feature=61 57 5 54 53 7
split_gain=0.584923 0.88469 1.59761 3.08726 1.55847 0.331735
threshold=1.4978661367769956 5.8021138116885078 4.0773937863842606 4.7790881836238563 4.2903656061101136 4.2903656061101136
decision_type=2 2 2 2 2 2
left_child=-1 2 4 -4 -2 -3
right_child=1 5 3 -5 -6 -7
leaf_value=-0.013529120637103915 -0.0012536793847710199 0.021526358699426054 -0.025029316193069376 0.01201273900988911 0.015076979925521676 0.0053930221734425198
leaf_weight=30 233 25 63 35 78 26
leaf_count=30 233 25 63 35 78 26
internal_value=0 0.000882334 -0.000666269 -0.0118 0.00284211 0.0133015
internal_weight=0 460 409 98 311 51
internal_count=490 460 409 98 311 51
is_linear=0
shrinkage=0.1


Tree=59
num_leaves=7
num_cat=0
split_feature=50 16 30 57 4 58
split_gain=0.567389 2.23165 2.59049 1.2552 1.15146 0.995084
threshold=2.3937458713910238 1.7005986908310777 2.6735537653587347 1.9356005054539456 0.89587973461402759 1.0397207708399181
decision_type=2 2 2 2 2 2
left_child=1 2 -1 -2 -5 -6
right_child=3 -3 -4 4 5 -7
leaf_value=-0.016122379082454636 -0.023462138097733259 0.032593190342187883 0.020122161712215255 -0.014527567913185577 -0.010643197250104866 0.0045252375320326685
leaf_weight=49 25 25 33 49 52 257
leaf_count=49 25 25 33 49 52 257
internal_value=0 0.00643799 -0.00153616 -0.0017986 -0.000285785 0.00197262
internal_weight=0 107 82 383 358 309
internal_count=490 107 82 383 358 309
is_linear=0
shrinkage=0.1


Tree=60
num_leaves=7
num_cat=0
split_feature=44 17 19 52 16 52
split_gain=0.626808 2.00553 1.84888 0.811362 1.09875 1.07428
threshold=1.0397207708399181 1.5890269151739729 1.2424533248940004 1.0397207708399181 1.8688348091416842 3.3667009459186801
decision_type=2 2 2 2 2 2
left_child=2 -2 -1 4 -3 -5
right_child=1 3 -4 5 -6 -7
leaf_value=-0.0059287643776490141 -0.0251338808474071 -0.0031950972974300385 0.026503389223671549 -0.0083315275719687918 0.025647801367033807 0.0032955471276407051
leaf_weight=39 33 25 32 131 28 202
leaf_count=39 33 25 32 131 28 202
internal_value=0 -0.00147228 0.00868854 0.0005506 0.0120427 -0.00127847
internal_weight=0 419 71 386 53 333
internal_count=490 419 71 386 53 333
is_linear=0
shrinkage=0.1


Tree=61
num_leaves=7
num_cat=0
split_feature=54 22 27 15 28 8
split_gain=0.595155 1.65123 4.09101 2.41337 1.90747 1.39799
threshold=4.3036997296511936 3.6632328069201612 5.1179758838799021 5.6902681384622422 3.0201273556387074 3.7726948748059121
decision_type=2 2 2 2 2 2
left_child=1 4 3 -3 5 -1
right_child=-2 2 -4 -5 -6 -7
leaf_value=-0.00079847014649718452 -0.0045337418078925914 0.0069373033121228229 -0.017945904868135517 0.04869675216895919 -0.020960515571225968 0.024640041921287777
leaf_weight=159 182 25 26 31 42 25
leaf_count=159 182 25 26 31 42 25
internal_value=0 0.00267903 0.0148346 0.0300541 -0.0017314 0.00265785
internal_weight=0 308 82 56 226 184
internal_count=490 308 82 56 226 184
is_linear=0
shrinkage=0.1


Tree=62
num_leaves=6
num_cat=0
split_feature=44 19 17 4 52
split_gain=0.560462 2.5743 1.49148 0.772588 0.969165
threshold=1.5890269151739729 0.89587973461402759 1.5890269151739729 0.89587973461402759 1.0397207708399181
decision_type=2 2 2 2 2
left_child=1 -1 -2 -4 -5
right_child=2 -3 3 4 -6
leaf_value=-0.008475889889118465 -0.023807948801134314 0.026696216308291217 -0.013217678995659718 0.016474209198107322 -0.00028315802399689956
leaf_weight=46 28 38 39 39 300
leaf_count=46 28 38 39 39 300
internal_value=0 0.0074353 -0.00153834 0.000111263 0.00164468
internal_weight=0 84 406 378 339
internal_count=490 84 406 378 339
is_linear=0
shrinkage=0.1


Tree=63
num_leaves=7
num_cat=0
split_feature=36 9 33 56 6 32
split_gain=0.527662 1.93161 1.52072 2.67558 2.89468 2.89146
threshold=4.135134555718313 4.0428973506407848 6.2024617521376699 4.744894319750431 4.2625806805327082 3.9415346756528771
decision_type=2 2 2 2 2 2
left_child=2 -2 3 5 -5 -1
right_child=1 -3 -4 4 -6 -7
leaf_value=0.0024583873233315371 -0.026076585776878127 0.00043979991318249121 0.026278601340949538 0.0032426181818462083 -0.030894306988035247 0.038179231593730274
leaf_weight=141 33 164 25 54 46 27
leaf_count=141 33 164 25 54 46 27
internal_value=0 -0.00400203 0.00269079 0.00049043 -0.0124604 0.00819924
internal_weight=0 197 293 268 100 168
internal_count=490 197 293 268 100 168
is_linear=0
shrinkage=0.1


Tree=64
num_leaves=7
num_cat=0
split_feature=50 16 30 16 23 15
split_gain=0.465858 1.45939 2.02017 0.845056 2.3813 1.67442
threshold=2.3937458713910238 1.7005986908310777 2.6735537653587347 3.9316333620047872 5.4637958945145888 6.6541491988840606
decision_type=2 2 2 2 2 2
left_child=1 2 -1 4 -2 -5
right_child=3 -3 -4 5 -6 -7
leaf_value=-0.013495768329166637 -0.0010615158979115742 0.026984602131880822 0.01851128882756739 0.023537442295679025 -0.028897945844154393 -0.0018113825082158048
leaf_weight=49 210 25 33 35 36 102
leaf_count=49 210 25 33 35 36 102
internal_value=0 0.0058336 -0.000614879 -0.00162975 -0.00513514 0.00466459
internal_weight=0 107 82 383 246 137
internal_count=490 107 82 383 246 137
is_linear=0
shrinkage=0.1


Tree=65
num_leaves=7
num_cat=0
split_feature=48 19 8 4 14 56
split_gain=0.48751 2.64893 1.32532 1.59493 1.06483 0.367281
threshold=3.0201273556387074 1.2424533248940004 1.0397207708399181 0.89587973461402759 3.4334666422309414 3.8499212036984933
decision_type=2 2 2 2 2 2
left_child=1 5 -2 -4 -5 -1
right_child=2 -3 3 4 -6 -7
leaf_value=-0.011692705166272143 -0.023998283684253694 0.025353150143353057 -0.01773410832716359 0.012779192770520845 -0.00094950760706575947 0.0028028737255853826
leaf_weight=44 25 43 45 75 229 29
leaf_count=44 25 43 45 75 229 29
internal_value=0 0.0056637 -0.00175666 -0.000163417 0.00243751 -0.00593419
internal_weight=0 116 374 349 304 73
internal_count=490 116 374 349 304 73
is_linear=0
shrinkage=0.1


Tree=66
num_leaves=7
num_cat=0
split_feature=38 23 16 37 52 29
split_gain=0.518475 1.67999 3.37505 1.50966 1.36967 1.89241
threshold=4.5746578350692051 5.4637958945145888 3.8064155152036787 2.8314802400679731 3.2180751841847144 5.6275952344432003
decision_type=2 2 2 2 2 2
left_child=3 4 -3 -1 5 -2
right_child=1 2 -4 -5 -6 -7
leaf_value=-0.00024526153745896674 0.01726749482856808 -0.037989593937993053 0.0025193549455785804 -0.024072049419966438 0.026770466834736557 -0.011587764422704535
leaf_weight=187 51 25 116 31 39 41
leaf_count=187 51 25 116 31 39 41
internal_value=0 0.00291212 -0.00466308 -0.00363347 0.0110656 0.00440809
internal_weight=0 272 141 218 131 92
internal_count=490 272 141 218 131 92
is_linear=0
shrinkage=0.1


Tree=67
num_leaves=5
num_cat=0
split_feature=3 39 30 29
split_gain=0.462263 0.999879 1.27012 1.25081
threshold=6.1420165934996938 6.1377247216539983 5.7713974492862539 6.0821772080890524
decision_type=2 2 2 2
left_child=1 2 3 -1
right_child=-2 -3 -4 -5
leaf_value=-0.0013568765247406606 -0.012975349176961644 0.01904510862659663 -0.02105233413167298 0.014170451819530276
leaf_weight=347 26 28 28 61
leaf_count=347 26 28 28 61
internal_value=0 0.000727067 -0.000449321 0.000964611
internal_weight=0 464 436 408
internal_count=490 464 436 408
is_linear=0
shrinkage=0.1


Tree=68
num_leaves=5
num_cat=0
split_feature=48 31 49 31
split_gain=0.46219 0.870075 0.967433 0.800911
threshold=6.3007841113004242 5.2678050156291496 4.8751681865209777 4.5325416796595226
decision_type=2 2 2 2
left_child=1 2 3 -1
right_child=-2 -3 -4 -5
leaf_value=0.0018740892363393246 -0.01202626307339718 0.014504598582252151 -0.019274347304151611 -0.015974621457496174
leaf_weight=365 30 42 26 27
leaf_count=365 30 42 26 27
internal_value=0 0.000784322 -0.000594271 0.000644714
internal_weight=0 460 418 392
internal_count=490 460 418 392
is_linear=0
shrinkage=0.1


Tree=69
num_leaves=7
num_cat=0
split_feature=5 5 53 12 23 44
split_gain=0.426791 1.68865 0.960647 0.777331 1.74397 1.50757
threshold=5.648949440878984 5.0497738177202995 6.1758478196040452 5.3423228052093945 5.4637958945145888 5.5333816772649813
decision_type=2 2 2 2 2 2
left_child=1 3 -2 4 -1 -5
right_child=2 -3 -4 5 -6 -7
leaf_value=0.00072721606050054699 0.019386101759984301 -0.023993452452511218 -0.0057970973862601187 0.028108634549841683 -0.026729059219360352 -0.0028297587116766307
leaf_weight=310 33 30 28 28 25 36
leaf_count=310 33 30 28 28 25 36
internal_value=0 -0.00111287 0.0078266 0.000607471 -0.00132176 0.0107058
internal_weight=0 429 61 399 335 64
internal_count=490 429 61 399 335 64
is_linear=0
shrinkage=0.1


Tree=70
num_leaves=7
num_cat=0
split_feature=38 9 27 38 23 16
split_gain=0.451015 1.34889 1.32886 1.34465 1.23518 2.52129
threshold=4.5746578350692051 4.135134555718313 2.3937458713910238 2.6735537653587347 5.4637958945145888 3.8064155152036787
decision_type=2 2 2 2 2 2
left_child=1 2 3 -1 -2 -6
right_child=4 -3 -4 -5 5 -7
leaf_value=0.0048031078600308296 0.009707308322624909 -0.023879611997732097 0.014642923279768891 -0.014460737449494568 -0.032583886124892159 0.0024285454610121792
leaf_weight=71 131 28 45 74 25 116
leaf_count=71 131 28 45 74 25 116
internal_value=0 -0.00338886 -0.00036917 -0.0050281 0.00271607 -0.00377933
internal_weight=0 218 190 145 272 141
internal_count=490 218 190 145 272 141
is_linear=0
shrinkage=0.1


Tree=71
num_leaves=6
num_cat=0
split_feature=56 33 6 5 52
split_gain=0.423819 1.06574 1.23926 2.10156 0.912903
threshold=6.6871054984234481 7.0422800591340273 6.3722732548560854 4.4187680230537838 4.9487347401052828
decision_type=2 2 2 2 2
left_child=1 2 3 -1 -2
right_child=4 -3 -4 -5 -6
leaf_value=0.0011505073255087918 0.016320488624147735 -0.016805277019739152 0.017483560476256044 -0.024757113658956123 -0.0051518709528156452
leaf_weight=297 44 40 38 35 36
leaf_count=297 44 40 38 35 36
internal_value=0 -0.00129911 0.000377235 -0.00158072 0.00665793
internal_weight=0 410 370 332 80
internal_count=490 410 370 332 80
is_linear=0
shrinkage=0.1


Tree=72
num_leaves=7
num_cat=0
split_feature=61 57 5 54 17 7
split_gain=0.438229 0.675352 0.986624 3.60409 1.38035 0.259025
threshold=1.4978661367769956 5.8021138116885078 4.3943729409690677 4.7790881836238563 5.0562255201382529 4.2903656061101136
decision_type=2 2 2 2 2 2
left_child=-1 2 4 -4 -2 -3
right_child=1 5 3 -5 -6 -7
leaf_value=-0.011710378807038069 -0.0010736399309106094 0.018882333134301009 -0.028840331915258005 0.018120317268991271 0.016633662746216245 0.0046262898768943085
leaf_weight=30 287 25 44 26 52 26
leaf_count=30 287 25 44 26 52 26
internal_value=0 0.00076372 -0.000589317 -0.0113978 0.00164252 0.0116145
internal_weight=0 460 409 70 339 51
internal_count=490 460 409 70 339 51
is_linear=0
shrinkage=0.1


Tree=73
num_leaves=7
num_cat=0
split_feature=44 19 17 27 39 50
split_gain=0.384724 1.85796 1.18096 0.624352 1.46679 1.45401
threshold=1.5890269151739729 0.89587973461402759 1.5890269151739729 2.1383330595080281 3.891612008168019 3.8064155152036787
decision_type=2 2 2 2 2 2
left_child=1 -1 -2 4 -4 -5
right_child=2 -3 3 5 -6 -7
leaf_value=-0.0073570828378686434 -0.021090754595518645 0.022523383931011748 0.000634941625510891 0.018861558494846459 -0.027025152180487146 -0.0005933480027987114
leaf_weight=46 28 38 73 46 26 233
leaf_count=46 28 38 73 46 26 233
internal_value=0 0.00616027 -0.00127454 0.000193329 -0.00662933 0.00261427
internal_weight=0 84 406 378 99 279
internal_count=490 84 406 378 99 279
is_linear=0
shrinkage=0.1


Tree=74
num_leaves=7
num_cat=0
split_feature=37 49 19 13 59 2
split_gain=0.369016 0.964685 0.739195 1.31836 1.07386 0.468732
threshold=4.770540966944206 5.2958110956362647 3.891612008168019 3.7012257604091228 4.7957563937576522 5.8819043445924564
decision_type=2 2 2 2 2 2
left_child=1 2 3 -1 -4 -2
right_child=5 -3 4 -5 -6 -7
leaf_value=-0.0010200050011563223 0.014638903325087289 -0.019365081143634465 -0.025833205951377749 0.014860816414181431 0.0004624166253318147 -0.0024442766801100867
leaf_weight=267 36 27 25 65 41 29
leaf_count=267 36 27 25 65 41 29
internal_value=0 -0.00107322 0.00016769 0.00208919 -0.00949805 0.00701718
internal_weight=0 425 398 332 66 65
internal_count=490 425 398 332 66 65
is_linear=0
shrinkage=0.1


Tree=75
num_leaves=6
num_cat=0
split_feature=54 5 5 10 55
split_gain=0.384437 0.726821 0.956279 1.47315 0.832703
threshold=5.5947044697546167 5.648949440878984 4.4187680230537838 4.1430087342023825 3.8499212036984933
decision_type=2 2 2 2 2
left_child=1 2 4 -4 -1
right_child=-2 -3 3 -5 -6
leaf_value=-0.00038473491529018519 -0.0091480625782250653 0.014282031845288805 -0.029933279639898017 0.0013045838749450114 0.013225758855037816
leaf_weight=296 42 37 26 36 53
leaf_count=296 42 37 26 36 53
internal_value=0 0.000857631 -0.000350892 -0.0117952 0.00168219
internal_weight=0 448 411 62 349
internal_count=490 448 411 62 349
is_linear=0
shrinkage=0.1


Tree=76
num_leaves=7
num_cat=0
split_feature=54 54 5 53 56 53
split_gain=0.369256 1.40656 1.82404 1.52562 1.05009 1.95833
threshold=4.3036997296511936 3.4960482137079443 4.0428973506407848 4.3693677306817369 5.869280953225064 4.5215522263001349
decision_type=2 2 2 2 2 2
left_child=1 2 3 -1 5 -2
right_child=4 -3 -4 -5 -6 -7
leaf_value=-0.0010693183774762502 0.0034413833998971515 0.017460935540031641 -0.02545883716946399 0.02345826753870793 0.0012976521620700178 -0.035010002968976127
leaf_weight=202 27 50 27 29 129 26
leaf_count=202 27 50 27 29 129 26
internal_value=0 0.00211021 -0.000864733 0.0020099 -0.00357113 -0.0154216
internal_weight=0 308 258 231 182 53
internal_count=490 308 258 231 182 53
is_linear=0
shrinkage=0.1


Tree=77
num_leaves=7
num_cat=0
split_feature=36 9 56 24 47 36
split_gain=0.360247 1.41205 1.06529 1.31242 1.04191 0.948681
threshold=4.135134555718313 4.0428973506407848 4.5325416796595226 6.2527625867904364 5.5797227059640084 1.8688348091416842
decision_type=2 2 2 2 2 2
left_child=4 -2 -3 -4 5 -1
right_child=1 2 3 -5 -6 -7
leaf_value=-0.0053261528085467632 -0.022180483251753633 -0.016898247923958918 0.022672514393925668 -0.0010438330367296225 0.018413690683623179 0.0068959744042403738
leaf_weight=145 33 29 30 105 35 113
leaf_count=145 33 29 30 105 35 113
internal_value=0 -0.00330676 0.000490999 0.00422647 0.00222332 2.69494e-05
internal_weight=0 197 164 135 293 258
internal_count=490 197 164 135 293 258
is_linear=0
shrinkage=0.1


Tree=78
num_leaves=7
num_cat=0
split_feature=61 57 59 10 15 7
split_gain=0.362675 0.477816 0.71592 1.86953 1.02702 0.224119
threshold=1.4978661367769956 5.8021138116885078 4.912546742554059 3.3667009459186801 5.4847194494823395 4.2903656061101136
decision_type=2 2 2 2 2 2
left_child=-1 2 4 -4 -2 -3
right_child=1 5 3 -5 -6 -7
leaf_value=-0.010653170545895894 -0.0011516675786816912 0.016582150211557744 -0.021202050439135818 0.0040676668925739047 0.012688348507574221 0.0033214139107328195
leaf_weight=30 219 25 52 67 71 26
leaf_count=30 219 25 52 67 71 26
internal_value=0 0.000694772 -0.000443314 -0.00697456 0.00223675 0.00982177
internal_weight=0 460 409 119 290 51
internal_count=490 460 409 119 290 51
is_linear=0
shrinkage=0.1


Tree=79
num_leaves=7
num_cat=0
split_feature=50 16 30 57 41 35
split_gain=0.380764 1.1291 1.447 0.615698 0.881793 1.4419
threshold=2.3937458713910238 1.7005986908310777 2.6735537653587347 2.3937458713910238 2.9174053685313028 2.602003343538398
decision_type=2 2 2 2 2 2
left_child=1 2 -1 -2 -5 -6
right_child=3 -3 -4 4 5 -7
leaf_value=-0.011299548469179748 -0.015226835409800214 0.023878172673285011 0.015789022759506197 0.013295838944170447 -0.024684831564529584 -8.4662215309084821e-05
leaf_weight=49 30 25 33 42 26 285
leaf_count=49 30 25 33 42 26 285
internal_value=0 0.00527396 -0.00039805 -0.00147341 -0.000304558 -0.00214127
internal_weight=0 107 82 383 353 311
internal_count=490 107 82 383 353 311
is_linear=0
shrinkage=0.1


Tree=80
num_leaves=7
num_cat=0
split_feature=48 12 4 55 20 52
split_gain=0.424441 0.860874 0.651016 1.10726 0.800293 1.30774
threshold=1.9356005054539456 1.2424533248940004 0.89587973461402759 2.8314802400679731 2.191013317336941 3.4334666422309414
decision_type=2 2 2 2 2 2
left_child=1 -1 3 -2 -4 -6
right_child=2 -3 4 -5 5 -7
leaf_value=-0.0022445234217281854 0.0041471799586101305 0.022051851441152393 0.01560878235322889 -0.022706410147742752 -0.0076428299835056245 0.0048664408923448522
leaf_weight=35 28 25 32 34 156 180
leaf_count=35 28 25 32 34 156 180
internal_value=0 0.00787897 -0.00109939 -0.010579 0.000497714 -0.000941435
internal_weight=0 60 430 62 368 336
internal_count=490 60 430 62 368 336
is_linear=0
shrinkage=0.1


Tree=81
num_leaves=6
num_cat=0
split_feature=6 57 32 30 50
split_gain=0.392616 1.13514 0.870098 0.824944 1.11237
threshold=1.5890269151739729 1.9356005054539456 1.0397207708399181 2.8029010331479989 3.2951505240983434
decision_type=2 2 2 2 2
left_child=2 -2 -1 -3 -5
right_child=1 3 -4 4 -6
leaf_value=0.017373843803196339 -0.020220855058267199 -0.012154254761148007 -0.0055432786722667514 0.013537344212796707 -0.00080671840599409609
leaf_weight=37 29 47 30 67 280
leaf_count=37 29 47 30 67 280
internal_value=0 -0.00112656 0.00711245 0.00027886 0.00196288
internal_weight=0 423 67 394 347
internal_count=490 423 67 394 347
is_linear=0
shrinkage=0.1


Tree=82
num_leaves=7
num_cat=0
split_feature=54 22 27 15 2 3
split_gain=0.393611 1.11607 2.75615 1.81809 1.03586 1.37172
threshold=4.3036997296511936 3.6632328069201612 5.1179758838799021 5.6902681384622422 2.6735537653587347 3.1984648276080736
decision_type=2 2 2 2 2 2
left_child=1 4 3 -3 -1 -6
right_child=-2 2 -4 -5 5 -7
leaf_value=0.00366156228313533 -0.0036870186200498472 0.0046000465750694278 -0.014733990881806956 0.040845243527644105 -0.027447010042766729 -0.00059494687078628114
leaf_weight=144 182 25 26 31 30 52
leaf_count=144 182 25 26 31 30 52
internal_value=0 0.00217869 0.0121722 0.0246644 -0.00144727 -0.0104189
internal_weight=0 308 82 56 226 82
internal_count=490 308 82 56 226 82
is_linear=0
shrinkage=0.1


Tree=83
num_leaves=7
num_cat=0
split_feature=44 19 17 52 53 58
split_gain=0.34854 1.37938 0.702843 0.68556 0.925993 0.501113
threshold=1.5890269151739729 0.89587973461402759 1.5890269151739729 1.0397207708399181 2.5619819897016298 1.5890269151739729
decision_type=2 2 2 2 2 2
left_child=1 -1 -2 5 -5 -4
right_child=2 -3 3 4 -6 -7
leaf_value=-0.0057836064734779627 -0.016500503317053831 0.01996247461938765 0.00076567629137291361 -0.01740036555354035 3.7035285710510223e-05 0.020399095938326076
leaf_weight=46 28 38 26 34 292 26
leaf_count=46 28 38 26 34 292 26
internal_value=0 0.00586343 -0.00121312 -8.0725e-05 -0.00178159 0.0105824
internal_weight=0 84 406 378 326 52
internal_count=490 84 406 378 326 52
is_linear=0
shrinkage=0.1


Tree=84
num_leaves=7
num_cat=0
split_feature=5 54 19 0 7 18
split_gain=0.361066 1.36011 1.32468 1.0595 1.50818 1.3287
threshold=3.2951505240983434 3.0201273556387074 1.2424533248940004 3.4334666422309414 2.524928003624769 1.4978661367769959
decision_type=2 2 2 2 2 2
left_child=3 -2 -3 4 5 -1
right_child=1 2 -4 -5 -6 -7
leaf_value=0.010336544353603608 -0.020426531684761114 -0.020576839664807688 0.0036411217390491936 -0.0074751144417048738 0.025047203670773246 -0.0090541649205213206
leaf_weight=84 37 26 172 74 36 61
leaf_count=84 37 26 172 74 36 61
internal_value=0 -0.00282769 0.000460985 0.00260591 0.00672743 0.00217907
internal_weight=0 235 198 255 181 145
internal_count=490 235 198 255 181 145
is_linear=0
shrinkage=0.1


Tree=85
num_leaves=6
num_cat=0
split_feature=54 60 0 53 22
split_gain=0.354092 0.536624 0.515004 1.59767 1.30657
threshold=5.6662770027499443 3.9019216517693867 3.4334666422309414 2.8314802400679731 3.6632328069201612
decision_type=2 2 2 2 2
left_child=1 2 4 -4 -1
right_child=-2 -3 3 -5 -6
leaf_value=3.9741069100104102e-05 -0.009546334731082122 0.01368194842711091 -0.02769202280882746 -0.00042502026543861219 0.021999803882452748
leaf_weight=215 36 30 25 153 31
leaf_count=215 36 30 25 153 31
internal_value=0 0.000756978 -0.000157525 -0.00425466 0.00280707
internal_weight=0 454 424 178 246
internal_count=490 454 424 178 246
is_linear=0
shrinkage=0.1


Tree=86
num_leaves=7
num_cat=0
split_feature=54 39 47 58 9 5
split_gain=0.320524 0.944656 1.12079 0.904706 1.7564 1.03572
threshold=4.3036997296511936 6.1377247216539983 6.5011769324935278 3.2951505240983434 4.7790881836238563 3.9701138825728512
decision_type=2 2 2 2 2 2
left_child=3 2 -2 5 -5 -1
right_child=1 -3 -4 4 -6 -7
leaf_value=0.0014032458734395475 -0.0027890127074904742 0.012270957563305275 -0.025983367667067797 0.024079106082949279 -0.0091134276837110516 -0.019392331038532711
leaf_weight=212 125 32 25 44 25 27
leaf_count=212 125 32 25 44 25 27
internal_value=0 -0.00332714 -0.00665474 0.00196604 0.0120528 -0.000946045
internal_weight=0 182 150 308 69 239
internal_count=490 182 150 308 69 239
is_linear=0
shrinkage=0.1


Tree=87
num_leaves=6
num_cat=0
split_feature=48 37 46 43 59
split_gain=0.334213 0.577597 0.536227 0.866607 0.608143
threshold=6.3007841113004242 5.1059271080903725 4.1430087342023825 3.891612008168019 6.1333956902824402
decision_type=2 2 2 2 2
left_child=1 2 4 -4 -1
right_child=-2 -3 3 -5 -6
leaf_value=0.00011894200407864618 -0.010226621306598342 0.015448107749223708 -0.021830356759684429 0.0016265512806259924 0.01544617723474013
leaf_weight=343 30 25 28 36 28
leaf_count=343 30 25 28 36 28
internal_value=0 0.000666954 -0.000182538 -0.00863585 0.00127571
internal_weight=0 460 435 64 371
internal_count=490 460 435 64 371
is_linear=0
shrinkage=0.1


Tree=88
num_leaves=7
num_cat=0
split_feature=14 11 37 49 15 10
split_gain=0.314254 1.26551 0.691745 1.15819 1.21054 0.924702
threshold=1.0397207708399181 3.8499212036984933 0.89587973461402759 2.6735537653587347 2.9430520157250784 0.89587973461402759
decision_type=2 2 2 2 2 2
left_child=1 -1 3 4 -2 -4
right_child=2 -3 5 -5 -6 -7
leaf_value=0.017162914821325783 -0.013629303651396186 -0.009100690332707018 0.017224934080149978 -0.024098970356862995 0.015122089962716457 -0.0006814136603617506
leaf_weight=43 32 32 32 32 27 292
leaf_count=43 32 32 32 32 27 292
internal_value=0 0.00595711 -0.00107659 -0.00878031 -0.000471886 0.00108711
internal_weight=0 75 415 91 59 324
internal_count=490 75 415 91 59 324
is_linear=0
shrinkage=0.1


Tree=89
num_leaves=6
num_cat=0
split_feature=54 60 23 37 22
split_gain=0.288059 0.434617 0.461545 1.54171 0.949046
threshold=5.7713197974768109 3.9019216517693867 4.5325416796595226 3.2951505240983434 3.5972184255501678
decision_type=2 2 2 2 2
left_child=1 2 4 -4 -1
right_child=-2 -3 3 -5 -6
leaf_value=0.00050241756371943779 -0.0091727755192550827 0.011880477869272 -0.016218543159916547 0.0028095394589278538 0.020735203580429351
leaf_weight=214 32 32 66 120 26
leaf_count=214 32 32 66 120 26
internal_value=0 0.000640893 -0.000203395 -0.00394236 0.0026943
internal_weight=0 458 426 186 240
internal_count=490 458 426 186 240
is_linear=0
shrinkage=0.1


Tree=90
num_leaves=6
num_cat=0
split_feature=3 3 48 5 29
split_gain=0.293582 0.614191 0.914981 0.74038 0.736903
threshold=6.1420165934996938 5.2091127565610185 5.4806041999140822 4.5742324841290491 6.0821772080890524
decision_type=2 2 2 2 2
left_child=1 2 4 -3 -1
right_child=-2 3 -4 -5 -6
leaf_value=-0.0008887651711504338 -0.010340446513146162 0.021494532232012215 -0.017578220991417766 -0.0015167373137686541 0.013969666860695626
leaf_weight=341 26 29 30 27 37
leaf_count=341 26 29 30 27 37
internal_value=0 0.000579422 -0.000768475 0.0103998 0.000565632
internal_weight=0 464 408 56 378
internal_count=490 464 408 56 378
is_linear=0
shrinkage=0.1


Tree=91
num_leaves=7
num_cat=0
split_feature=54 15 23 3 14 38
split_gain=0.277245 0.891372 2.06514 1.69999 1.39798 1.11042
threshold=4.3036997296511936 5.3752355389054705 4.7273486598447958 4.3107766033702406 5.6524830244905298 4.6727851606181448
decision_type=2 2 2 2 2 2
left_child=1 2 5 -3 -5 -1
right_child=-2 3 -4 4 -6 -7
leaf_value=-0.0021419012939973905 -0.0030943788054583411 0.028271145265281312 -0.025974730234593152 -0.014530911579758169 0.017252030425239356 0.015591033014092356
leaf_weight=142 182 33 30 31 25 47
leaf_count=142 182 33 30 31 25 47
internal_value=0 0.0018285 -0.00160097 0.0102673 -0.000342098 0.00226788
internal_weight=0 308 219 89 56 189
internal_count=490 308 219 89 56 189
is_linear=0
shrinkage=0.1


Tree=92
num_leaves=5
num_cat=0
split_feature=48 31 31 13
split_gain=0.268397 0.459626 0.531229 0.639131
threshold=6.3007841113004242 5.2958110956362647 4.5325416796595226 3.7012257604091228
decision_type=2 2 2 2
left_child=1 2 3 -1
right_child=-2 -3 -4 -5
leaf_value=-0.001321314688299923 -0.0091645133060713601 0.010983292887417171 -0.010506702854257564 0.008623123074690979
leaf_weight=292 30 39 46 83
leaf_count=292 30 39 46 83
internal_value=0 0.000597686 -0.000364401 0.000879721
internal_weight=0 460 421 375
internal_count=490 460 421 375
is_linear=0
shrinkage=0.1


Tree=93
num_leaves=6
num_cat=0
split_feature=61 57 55 47 7
split_gain=0.271652 0.367682 0.576082 0.633676 0.138387
threshold=1.4978661367769956 5.8021138116885078 4.7094896185437563 6.8761746107029342 4.2903656061101136
decision_type=2 2 2 2 2
left_child=-1 2 3 -2 -3
right_child=1 4 -4 -5 -6
leaf_value=-0.0092199140538771953 -0.00060948167525185816 0.0139198854342103 -0.013502305160246551 0.013701212134294431 0.0034997014687038388
leaf_weight=30 344 25 31 34 26
leaf_count=30 344 25 31 34 26
internal_value=0 0.000601299 -0.000397046 0.000677724 0.00860763
internal_weight=0 460 409 378 51
internal_count=490 460 409 378 51
is_linear=0
shrinkage=0.1


Tree=94
num_leaves=6
num_cat=0
split_feature=6 57 30 14 32
split_gain=0.267913 0.874374 0.620274 1.00064 0.50746
threshold=1.5890269151739729 1.9356005054539456 2.8029010331479989 2.8314802400679731 1.0397207708399181
decision_type=2 2 2 2 2
left_child=4 -2 -3 -4 -1
right_child=1 2 3 -5 -6
leaf_value=0.013711842499371317 -0.017688817339788738 -0.01047814418363603 0.015330179834223174 -0.00036238934169523424 -0.0037897124628458799
leaf_weight=37 29 47 47 300 30
leaf_count=37 29 47 47 300 30
internal_value=0 -0.000930607 0.000302865 0.00176312 0.00587533
internal_weight=0 423 394 347 67
internal_count=490 423 394 347 67
is_linear=0
shrinkage=0.1


Tree=95
num_leaves=7
num_cat=0
split_feature=29 24 38 38 23 27
split_gain=0.276491 0.835252 0.45652 0.89394 0.732197 1.50949
threshold=2.191013317336941 2.5619819897016298 4.5746578350692051 3.8499212036984933 5.4637958945145888 4.5053345884235583
decision_type=2 2 2 2 2 2
left_child=1 -1 3 -2 -4 -6
right_child=2 -3 4 -5 5 -7
leaf_value=-0.0037525762184734712 -0.00039947471402660767 0.016947024875719634 0.0068557510898244805 -0.017667657339425626 -0.024851455638633557 0.0014445430705356495
leaf_weight=44 99 35 128 43 27 114
leaf_count=44 99 35 128 43 27 114
internal_value=0 0.00541813 -0.00104144 -0.00562857 0.00138002 -0.00359086
internal_weight=0 79 411 142 269 141
internal_count=490 79 411 142 269 141
is_linear=0
shrinkage=0.1


Tree=96
num_leaves=5
num_cat=0
split_feature=48 37 23 11
split_gain=0.252479 0.411876 0.523109 0.760304
threshold=6.3007841113004242 5.1059271080903725 6.3296430527342187 6.3133839256666695
decision_type=2 2 2 2
left_child=1 2 3 -1
right_child=-2 -3 -4 -5
leaf_value=-0.00070025476231945288 -0.0088885953370481732 0.013061537235975265 -0.013112893719868414 0.013362461378321398
leaf_weight=363 30 25 29 43
leaf_count=363 30 25 29 43
internal_value=0 0.000579691 -0.000137656 0.000789146
internal_weight=0 460 435 406
internal_count=490 460 435 406
is_linear=0
shrinkage=0.1


Tree=97
num_leaves=6
num_cat=0
split_feature=18 54 49 49 21
split_gain=0.246985 1.17708 0.63669 1.14642 0.918784
threshold=5.5526890953288701 5.0997920617944645 5.4116061905722832 5.0368682640479081 5.2094712223428914
decision_type=2 2 2 2 2
left_child=2 -2 3 4 -1
right_child=1 -3 -4 -5 -6
leaf_value=-0.00062298162920450251 -0.0206064551536526 0.0089419412355010337 0.015965022916833944 -0.020493873882179076 0.014301812358725657
leaf_weight=337 28 26 26 26 47
leaf_count=337 28 26 26 26 47
internal_value=0 -0.00637945 0.000790115 -0.000172196 0.00120375
internal_weight=0 54 436 410 384
internal_count=490 54 436 410 384
is_linear=0
shrinkage=0.1


Tree=98
num_leaves=7
num_cat=0
split_feature=61 36 36 39 31 9
split_gain=0.249016 0.33651 1.23101 0.92225 0.891421 0.640184
threshold=1.4978661367769956 4.135134555718313 4.5538214868689204 4.8441560854355483 3.1345481418531311 4.5053345884235583
decision_type=2 2 2 2 2 2
left_child=-1 3 -3 4 -2 -4
right_child=1 2 5 -5 -6 -7
leaf_value=-0.0088274214603006849 0.0035663007329209545 -0.019967962522059679 0.014198053836201627 0.021020125251263382 -0.011892819280425709 -0.0023147039550908462
leaf_weight=30 218 34 30 25 45 108
leaf_count=30 218 34 30 25 45 108
internal_value=0 0.000575701 -0.00292417 0.0026659 0.000921204 0.00127503
internal_weight=0 460 172 288 263 138
internal_count=490 460 172 288 263 138
is_linear=0
shrinkage=0.1


Tree=99
num_leaves=7
num_cat=0
split_feature=42 20 27 18 58 44
split_gain=0.229305 0.877005 1.50772 0.946201 0.846137 0.619965
threshold=2.7058230259275202 2.191013317336941 1.8688348091416842 1.4978661367769959 2.8314802400679731 3.0433873634561537
decision_type=2 2 2 2 2 2
left_child=4 -2 3 -3 -1 -4
right_child=1 2 5 -5 -6 -7
leaf_value=-0.0026766203520255105 0.015297072827816012 -0.0049615912634180864 -0.011652750613771983 -0.029900803903503151 0.016054910418920612 0.0021887759053235869
leaf_weight=66 30 32 37 29 38 258
leaf_count=66 30 32 37 29 38 258
internal_value=0 -0.00112287 -0.00250658 -0.0168179 0.00416759 0.00045272
internal_weight=0 386 356 61 104 295
internal_count=490 386 356 61 104 295
is_linear=0
shrinkage=0.1


end of trees

feature_importances:
Column_6=41
Column_0=29
Column_50=24
Column_49=23
Column_57=23
Column_7=22
Column_54=22
Column_5=21
Column_12=16
Column_56=14
Column_30=13
Column_61=13
Column_23=12
Column_44=12
Column_48=12
Column_52=12
Column_1=11
Column_51=11
Column_53=11
Column_15=10
Column_19=10
Column_37=10
Column_4=9
Column_16=9
Column_17=9
Column_38=9
Column_8=8
Column_27=8
Column_31=8
Column_3=7
Column_13=7
Column_22=7
Column_24=7
Column_36=7
Column_59=7
Column_60=7
Column_20=6
Column_39=6
Column_58=6
Column_9=5
Column_14=5
Column_18=5
Column_21=5
Column_29=5
Column_47=5
Column_55=5
Column_2=4
Column_32=4
Column_43=4
Column_46=4
Column_10=3
Column_11=3
Column_35=3
Column_28=2
Column_33=2
Column_40=2
Column_41=2
Column_25=1
Column_26=1
Column_42=1
Column_45=1

parameters:
[boosting: gbdt]
[objective: regression]
[metric: l1]
[tree_learner: serial]
[device_type: cpu]
[data_sample_strategy: bagging]
[data: ]
[valid: ]
[num_iterations: 100]
[learning_rate: 0.1]
[num_leaves: 7]
[num_threads: 16]
[seed: 0]
[deterministic: 0]
[force_col_wise: 0]
[force_row_wise: 0]
[histogram_pool_size: -1]
[max_depth: 4]
[min_data_in_leaf: 25]
[min_sum_hessian_in_leaf: 0.001]
[bagging_fraction: 1]
[pos_bagging_fraction: 1]
[neg_bagging_fraction: 1]
[bagging_freq: 0]
[bagging_seed: 3]
[feature_fraction: 1]
[feature_fraction_bynode: 1]
[feature_fraction_seed: 2]
[extra_trees: 0]
[extra_seed: 6]
[early_stopping_round: 0]
[first_metric_only: 0]
[max_delta_step: 0]
[lambda_l1: 0]
[lambda_l2: 0]
[linear_lambda: 0]
[min_gain_to_split: 0]
[drop_rate: 0.1]
[max_drop: 50]
[skip_drop: 0.5]
[xgboost_dart_mode: 0]
[uniform_drop: 0]
[drop_seed: 4]
[top_rate: 0.2]
[other_rate: 0.1]
[min_data_per_group: 100]
[max_cat_threshold: 32]
[cat_l2: 10]
[cat_smooth: 10]
[max_cat_to_onehot: 4]
[top_k: 20]
[monotone_constraints: ]
[monotone_constraints_method: basic]
[monotone_penalty: 0]
[feature_contri: ]
[forcedsplits_filename: ]
[refit_decay_rate: 0.9]
[cegb_tradeoff: 1]
[cegb_penalty_split: 0]
[cegb_penalty_feature_lazy: ]
[cegb_penalty_feature_coupled: ]
[path_smooth: 0]
[interaction_constraints: ]
[verbosity: -1]
[saved_feature_importance_type: 0]
[use_quantized_grad: 0]
[num_grad_quant_bins: 4]
[quant_train_renew_leaf: 0]
[stochastic_rounding: 1]
[linear_tree: 0]
[max_bin: 255]
[max_bin_by_feature: ]
[min_data_in_bin: 3]
[bin_construct_sample_cnt: 200000]
[data_random_seed: 1]
[is_enable_sparse: 1]
[enable_bundle: 1]
[use_missing: 1]
[zero_as_missing: 0]
[feature_pre_filter: 1]
[pre_partition: 0]
[two_round: 0]
[header: 0]
[label_column: ]
[weight_column: ]
[group_column: ]
[ignore_column: ]
[categorical_feature: ]
[forcedbins_filename: ]
[precise_float_parser: 0]
[parser_config_file: ]
[objective_seed: 5]
[num_class: 1]
[is_unbalance: 0]
[scale_pos_weight: 1]
[sigmoid: 1]
[boost_from_average: 1]
[reg_sqrt: 0]
[alpha: 0.9]
[fair_c: 1]
[poisson_max_delta_step: 0.7]
[tweedie_variance_power: 1.5]
[lambdarank_truncation_level: 30]
[lambdarank_norm: 1]
[label_gain: ]
[lambdarank_position_bias_regularization: 0]
[eval_at: ]
[multi_error_top_k: 1]
[auc_mu_weights: ]
[num_machines: 1]
[local_listen_port: 12400]
[time_out: 120]
[machine_list_filename: ]
[machines: ]
[gpu_platform_id: -1]
[gpu_device_id: -1]
[gpu_use_dp: 0]
[num_gpu: 1]

end of parameters

pandas_categorical:null
