tree
version=v4
num_class=1
num_tree_per_iteration=1
label_index=0
max_feature_idx=89
objective=regression
feature_names=Column_0 Column_1 Column_2 Column_3 Column_4 Column_5 Column_6 Column_7 Column_8 Column_9 Column_10 Column_11 Column_12 Column_13 Column_14 Column_15 Column_16 Column_17 Column_18 Column_19 Column_20 Column_21 Column_22 Column_23 Column_24 Column_25 Column_26 Column_27 Column_28 Column_29 Column_30 Column_31 Column_32 Column_33 Column_34 Column_35 Column_36 Column_37 Column_38 Column_39 Column_40 Column_41 Column_42 Column_43 Column_44 Column_45 Column_46 Column_47 Column_48 Column_49 Column_50 Column_51 Column_52 Column_53 Column_54 Column_55 Column_56 Column_57 Column_58 Column_59 Column_60 Column_61 Column_62 Column_63 Column_64 Column_65 Column_66 Column_67 Column_68 Column_69 Column_70 Column_71 Column_72 Column_73 Column_74 Column_75 Column_76 Column_77 Column_78 Column_79 Column_80 Column_81 Column_82 Column_83 Column_84 Column_85 Column_86 Column_87 Column_88 Column_89
feature_infos=[0:6.4630294569206699] [0:6.4630294569206699] [0:6.4630294569206699] [0:6.4630294569206699] [0:6.4630294569206699] [0:6.4630294569206699] [0:6.4630294569206699] [0:6.4630294569206699] [0.69314718055994529:7.4764723811639051] [0.69314718055994529:6.6240652277998935] [0.69314718055994529:11.031658643445782] [0.69314718055994529:7.8087293067443992] [2.4980018054066017e-16:6.253828811575473] [0.69314718055994529:8.427706024914702] [0.69314718055994529:8.4287990406536419] [0.69314718055994529:7.4512416849876759] [0:5.768320995793772] [0:4.7621739347977563] [0.69314718055994529:7.4764723811639051] [0.69314718055994529:6.6240652277998935] [0.69314718055994529:11.031658643445782] [0.69314718055994529:7.8087293067443992] [2.4980018054066017e-16:6.253828811575473] [0.69314718055994529:8.427706024914702] [0.69314718055994529:8.4287990406536419] [0.69314718055994529:7.4512416849876759] [0:5.768320995793772] [0:4.7621739347977563] [0.69314718055994529:7.4764723811639051] [0.69314718055994529:6.6240652277998935] [0.69314718055994529:11.031658643445782] [0.69314718055994529:7.8087293067443992] [2.4980018054066017e-16:6.253828811575473] [0.69314718055994529:8.427706024914702] [0.69314718055994529:8.4287990406536419] [0.69314718055994529:7.4512416849876759] [0:5.768320995793772] [0:4.7621739347977563] [0.69314718055994529:7.4764723811639051] [0.69314718055994529:6.6240652277998935] [0.69314718055994529:11.031658643445782] [0.69314718055994529:7.8087293067443992] [2.4980018054066017e-16:6.253828811575473] [0.69314718055994529:8.427706024914702] [0.69314718055994529:8.4287990406536419] [0.69314718055994529:7.4512416849876759] [0:5.768320995793772] [0:4.7621739347977563] [0.69314718055994529:7.4764723811639051] [0.69314718055994529:6.6240652277998935] [0.69314718055994529:11.031658643445782] [0.69314718055994529:7.8087293067443992] [2.4980018054066017e-16:6.253828811575473] [0.69314718055994529:8.427706024914702] [0.69314718055994529:8.4287990406536419] [0.69314718055994529:7.4512416849876759] [0:5.768320995793772] [0:4.7621739347977563] [0.69314718055994529:7.4764723811639051] [0.69314718055994529:6.6240652277998935] [0.69314718055994529:11.031658643445782] [0.69314718055994529:7.7323692222843876] [2.4980018054066017e-16:6.253828811575473] [0.69314718055994529:8.427706024914702] [0.69314718055994529:8.4287990406536419] [0.69314718055994529:7.4512416849876759] [0:5.768320995793772] [0:4.7621739347977563] [0.69314718055994529:7.4764723811639051] [0.69314718055994529:6.6240652277998935] [0.69314718055994529:11.031658643445782] [0.69314718055994529:7.7323692222843876] [2.4980018054066017e-16:6.253828811575473] [0.69314718055994529:8.427706024914702] [0.69314718055994529:8.4287990406536419] [0.69314718055994529:7.4512416849876759] [0:5.768320995793772] [0:4.7621739347977563] [0.69314718055994529:7.4764723811639051] [0.69314718055994529:6.6240652277998935] [0.69314718055994529:11.031658643445782] [0.69314718055994529:7.7323692222843876] [2.4980018054066017e-16:6.253828811575473] [0.69314718055994529:8.427706024914702] [0.69314718055994529:8.4287990406536419] [0.69314718055994529:7.4512416849876759] [0:5.768320995793772] [0:4.7621739347977563] [0.69314718055994529:3.970291913552122] [0.69314718055994529:3.970291913552122]
tree_sizes=1083 1115 1119 1124 1121 1124 1132 1129 1132 1135 1139 1136 1142 1134 1138 1134 1140 1141 1147 1140 1061 1145 1139 1062 1141 811 898 809 894 820 984 908 1068 822 1074 569 652 986 1072 654 575 648 655 1000 987 576 575 1076 656 568 656 993 906 984 658 742 1077 911 988 574 821 824 654 660 909 823 908 993 825 824 990 741 993 575 657 662 906 660 660 1075 661 996 1083 911 659 657 912 575 579 746 740 914 577 664 826 913 657 662 997 577

Tree=0
num_leaves=12
num_cat=0
split_feature=0 10 0 88 9 15 1 68 1 33 78
split_gain=885.371 117.952 93.7253 36.3147 18.709 14.9494 10.3385 8.67756 8.39734 6.14247 6.08689
threshold=2.9174053685313028 9.2984382548374853 1.4978661367769959 3.6505739029280164 5.6167644860526105 4.3437210834879627 2.5619819897016298 5.5012498806127832 1.4978661367769959 4.5053345884235583 4.7790881836238563
decision_type=2 2 2 2 2 2 2 2 2 2 2
left_child=2 5 8 6 10 -2 -4 -7 9 -1 -3
right_child=1 4 3 -5 -6 7 -8 -9 -10 -11 -12
leaf_value=2.5355976045647686 2.7083513030687811 2.9245157721646149 2.5766203549045685 2.7308522761372251 2.9650885185701408 2.8050313027569178 2.6571500439977735 2.7420086506794821 2.5816749220526312 2.4942909160689606 2.8618244919934002
leaf_weight=90 32 21 44 35 36 74 25 31 25 60 59
leaf_count=90 32 21 44 35 36 74 25 31 25 60 59
internal_value=2.69555 2.83102 2.5727 2.64788 2.90522 2.76819 2.6058 2.78642 2.52802 2.51907 2.87828
internal_weight=0 253 279 104 116 137 69 105 175 150 80
internal_count=532 253 279 104 116 137 69 105 175 150 80
is_linear=0
shrinkage=1


Tree=1
num_leaves=12
num_cat=0
split_feature=0 8 0 0 88 12 88 70 79 9 31
split_gain=718.315 147.758 28.535 27.0545 18.5254 15.091 10.4421 9.26965 6.38643 5.11553 4.34156
threshold=2.3502401828962087 5.2522597220941352 1.2424533248940006 4.5950688323293329 3.4175922930736511 3.6632328069201612 3.5694334999727624 9.3312514514269651 4.9052473428434826 5.7429826416937235 3.3497501700808394
decision_type=2 2 2 2 2 2 2 2 2 2 2
left_child=2 5 -1 8 -4 6 -2 -7 -3 -5 -6
right_child=1 3 4 9 10 7 -8 -9 -10 -11 -12
leaf_value=-0.16005553994590127 -0.030310903798516205 0.15272701800915234 -0.13551544411497754 0.19918684378648416 -0.073198259532451626 0.090567351519488373 0.040633377752133777 0.011847964594406742 0.088216701894998556 0.25581116588027392 -0.012288017977367748
leaf_weight=142 41 57 43 39 25 52 42 21 21 27 22
leaf_count=142 41 57 43 39 25 52 42 21 21 27 22
internal_value=0 0.102184 -0.132135 0.17523 -0.0880829 0.0347575 0.00558861 0.067922 0.135359 0.222351 -0.0446871
internal_weight=0 300 232 144 90 156 83 73 78 66 47
internal_count=532 300 232 144 90 156 83 73 78 66 47
is_linear=0
shrinkage=0.1


Tree=2
num_leaves=12
num_cat=0
split_feature=0 9 0 88 10 1 8 83 9 54 58
split_gain=586.281 73.4113 70.0981 28.0671 14.4695 8.61094 7.23427 8.33347 7.03372 6.61576 5.78645
threshold=3.0433873634561537 4.9052473428434826 1.4978661367769959 3.6505739029280164 8.9789034188597743 2.8314802400679731 2.8029010331479989 4.5271940351011493 5.6167644860526105 1.0397207708399181 4.8674160932529942
decision_type=2 2 2 2 2 2 2 2 2 2 2
left_child=2 4 6 5 10 -4 9 -8 -3 -1 -2
right_child=1 8 3 -5 -6 -7 7 -9 -10 -11 -12
leaf_value=-0.11266099475324154 0.060536475139188355 0.16197854432294956 -0.094629897082261008 0.032247483897954225 0.10534883778010096 -0.020925731568232828 -0.071801958233118066 -0.13954743083728396 0.21835313439369203 -0.1700593241503541 0.0021525584529930105
leaf_weight=28 58 53 51 40 70 23 30 46 38 71 24
leaf_count=28 58 53 51 40 70 23 30 46 38 71 24
internal_value=0 0.114483 -0.0962612 -0.0352414 0.0719552 -0.0717218 -0.136011 -0.112806 0.18552 -0.153825 0.0434485
internal_weight=0 243 289 114 152 74 175 76 91 99 82
internal_count=532 243 289 114 152 74 175 76 91 99 82
is_linear=0
shrinkage=0.1


Tree=3
num_leaves=12
num_cat=0
split_feature=0 9 0 88 10 0 21 8 83 54 60
split_gain=474.887 59.7311 56.7794 22.7766 9.92557 8.49307 8.20519 5.85976 6.75011 5.35876 4.93449
threshold=3.0433873634561537 4.7790881836238563 1.4978661367769959 3.6242520361853052 9.2613136995067808 4.8826871252032475 3.9219243190762363 2.8029010331479989 4.5271940351011493 1.0397207708399181 6.6827347716080423
decision_type=2 2 2 2 2 2 2 2 2 2 2
left_child=2 4 7 6 -2 -3 -4 9 -9 -1 -5
right_child=1 5 3 10 -6 -7 -8 8 -10 -11 -12
leaf_value=-0.10139489493199759 0.046866878585673739 0.13170259459963385 -0.096429867208935316 -0.008953604244050525 0.11545067395155247 0.18858623291867285 -0.027886933929497201 -0.06462176168958346 -0.12559268511021915 -0.15305339064396606 0.058815900786695158
leaf_weight=28 112 53 40 21 26 52 31 30 46 71 22
leaf_count=28 112 53 40 21 26 52 31 30 46 71 22
internal_value=0 0.103035 -0.0866351 -0.0317172 0.0597885 0.159874 -0.0665027 -0.12241 -0.101525 -0.138443 0.0257192
internal_weight=0 243 289 114 138 105 71 175 76 99 43
internal_count=532 243 289 114 138 105 71 175 76 99 43
is_linear=0
shrinkage=0.1


Tree=4
num_leaves=12
num_cat=0
split_feature=0 8 17 0 11 75 15 85 9 36 74
split_gain=386.64 80.715 15.09 15.0544 12.6543 10.6753 10.9153 9.99865 5.39075 4.04388 2.43635
threshold=2.3502401828962087 5.2522597220941352 2.9174053685313028 0.8958797346140277 3.9701138825728512 5.5528393853898175 4.3437210834879627 2.524928003624769 4.9052473428434826 1.8688348091416842 4.1430087342023825
decision_type=2 2 2 2 2 2 2 2 2 2 2
left_child=3 5 8 9 7 6 -2 -5 -3 10 -1
right_child=1 2 -4 4 -6 -7 -8 -9 -10 -11 -12
leaf_value=-0.10903311855263181 0.0044088159998257959 0.084722355354296161 0.1747371339549621 -0.027398513496986462 0.0021595587865227742 -0.032045799369613333 0.062983437689642111 -0.10893254260233831 0.13237510586893836 -0.08425702250429562 -0.13939907141029836
leaf_weight=45 57 53 48 21 21 27 72 53 43 28 64
leaf_count=45 57 53 48 21 21 27 72 53 43 28 64
internal_value=0 0.0749689 0.128957 -0.0969425 -0.066352 0.0251338 0.0371016 -0.0857945 0.106067 -0.118155 -0.126863
internal_weight=0 300 144 232 95 156 129 74 96 137 109
internal_count=532 300 144 232 95 156 129 74 96 137 109
is_linear=0
shrinkage=0.1


Tree=5
num_leaves=12
num_cat=0
split_feature=0 9 0 88 10 17 10 6 1 58 53
split_gain=314.52 39.4069 36.5647 16.2932 8.42545 5.27144 5.12511 6.128 5.01842 3.54584 3.34748
threshold=3.0433873634561537 4.9052473428434826 1.4978661367769959 3.6505739029280164 8.9914040699624831 3.3140206880897671 7.6226333132473512 1.4978661367769959 2.8314802400679731 5.3752355389054705 6.3715986978150339
decision_type=2 2 2 2 2 2 2 2 2 2 2
left_child=2 4 6 8 9 10 7 -1 -4 -2 -3
right_child=1 5 3 -5 -6 -7 -8 -9 -10 -11 -12
leaf_value=-0.12012918214587605 0.04386006838213357 0.14281857030259237 -0.071718009897306853 0.024985769335180524 0.079211603583239809 0.17728196589843087 -0.058246790083984916 -0.076487314875455625 -0.015451449900865555 -0.0027722846452062104 0.098366957856342196
leaf_weight=102 63 36 51 40 67 23 26 47 23 22 32
leaf_count=102 63 36 51 40 67 23 26 47 23 22 32
internal_value=0 0.0838521 -0.0705054 -0.0264348 0.0526932 0.135898 -0.0992143 -0.106363 -0.0542298 0.0317905 0.1219
internal_weight=0 243 289 114 152 91 175 149 74 85 68
internal_count=532 243 289 114 152 91 175 149 74 85 68
is_linear=0
shrinkage=0.1


Tree=6
num_leaves=12
num_cat=0
split_feature=8 9 80 9 11 2 85 82 79 67 17
split_gain=256.461 47.694 17.1494 10.5138 10.2197 7.44405 8.36779 6.16851 5.8216 4.86952 1.80651
threshold=4.2045812236012674 4.4187680230537838 2.4563274428680266 5.3494151227053726 3.9701138825728512 1.2424533248940006 3.2384861814448418 4.3693677306817369 4.7790881836238563 1.0000000180025095e-35 3.0677824455408698
decision_type=2 2 2 2 2 2 2 2 2 2 2
left_child=2 4 -1 8 -2 9 -7 -6 -3 -4 -5
right_child=1 3 5 10 7 6 -8 -9 -10 -11 -12
leaf_value=0.0076499895719082459 -0.042330334681485386 0.10221842084410451 -0.082273876394184542 0.11917611882090569 0.048537552229669177 -0.019567973000342929 -0.082114043340518861 -0.0022149107473738053 0.050728583018131115 -0.1223316416425525 0.15626586141257451
leaf_weight=23 21 62 71 24 81 31 69 34 34 53 29
leaf_count=23 21 62 71 24 81 31 69 34 34 53 29
internal_value=0 0.064637 -0.0745812 0.10372 0.0218184 -0.0830245 -0.0627248 0.0335325 0.0839824 -0.0993953 0.139471
internal_weight=0 285 247 149 136 224 100 115 96 124 53
internal_count=532 285 247 149 136 224 100 115 96 124 53
is_linear=0
shrinkage=0.1


Tree=7
num_leaves=12
num_cat=0
split_feature=0 8 0 0 88 75 15 58 66 74 31
split_gain=210.39 44.1717 8.65181 8.62798 7.86502 7.15499 6.37215 4.81227 3.15178 5.2494 2.66475
threshold=2.3502401828962087 5.2522597220941352 0.8958797346140277 4.8826871252032475 3.4175922930736511 5.5872416446462791 4.3437210834879627 4.9052473428434826 1.2424533248940006 4.5849154143189876 3.3497501700808394
decision_type=2 2 2 2 2 2 2 2 2 2 2
left_child=2 5 8 7 -4 6 -2 -3 -1 -10 -6
right_child=1 3 4 -5 10 -7 -8 -9 9 -11 -12
leaf_value=-0.10001402584517874 0.0034273126020522441 0.11763389110565187 -0.079298248895528653 0.12779904747238527 -0.042312028159254361 -0.030588331079110506 0.047756166388798094 0.064016147889196878 -0.036444292059884621 -0.098324307902105931 0.0036257730230041178
leaf_weight=82 59 22 44 52 28 25 72 70 26 29 23
leaf_count=82 59 22 44 52 28 25 72 70 26 29 23
internal_value=0 0.0553019 -0.0715111 0.0952405 -0.0483207 0.0184356 0.0277913 0.0768378 -0.087592 -0.0690719 -0.021595
internal_weight=0 300 232 144 95 156 131 92 137 55 51
internal_count=532 300 232 144 95 156 131 92 137 55 51
is_linear=0
shrinkage=0.1


Tree=8
num_leaves=12
num_cat=0
split_feature=0 9 0 88 1 17 14 8 10 6 69
split_gain=170.756 22.1427 19.6124 10.2241 4.90263 4.45466 4.35949 4.02376 3.60133 4.15704 3.2808
threshold=3.0433873634561537 4.6819597299522426 1.4978661367769959 3.5408542930527882 2.8314802400679731 3.3140206880897671 6.8585297253036925 4.2045812236012674 7.6226333132473512 1.4978661367769959 4.2045812236012674
decision_type=2 2 2 2 2 2 2 2 2 2 2
left_child=2 6 8 4 -4 10 -2 -5 9 -1 -3
right_child=1 5 3 7 -6 -7 -8 -9 -10 -11 -12
leaf_value=-0.090306575022930033 0.023949034654480571 0.115349160010616 -0.069644394070890389 -0.011671477990845841 -0.011148728511255722 0.13217524414261181 0.069137833157071366 0.043922681102286219 -0.038634358441385519 -0.054361771364161308 0.072174072152737412
leaf_weight=102 102 24 38 30 23 24 27 23 26 47 66
leaf_count=102 102 24 38 30 23 24 27 23 26 47 66
internal_value=0 0.0617844 -0.0519502 -0.019674 -0.0475887 0.0938954 0.0334072 0.0124543 -0.0729758 -0.0789683 0.0836874
internal_weight=0 243 289 114 61 114 129 53 175 149 90
internal_count=532 243 289 114 61 114 129 53 175 149 90
is_linear=0
shrinkage=0.1


Tree=9
num_leaves=12
num_cat=0
split_feature=0 8 84 21 17 19 75 19 36 82 9
split_gain=138.938 29.5912 7.05447 7.42871 6.34858 6.28777 5.68261 4.91672 3.75691 2.42725 1.31194
threshold=2.3502401828962087 5.2522597220941352 4.2625806805327082 3.4334666422309414 2.9174053685313028 2.3937458713910238 5.5872416446462791 2.8314802400679731 1.8688348091416842 4.7999057951650004 5.6594275805708643
decision_type=2 2 2 2 2 2 2 2 2 2 2
left_child=2 6 3 5 9 -1 7 -2 -4 -3 -6
right_child=1 4 8 -5 10 -7 -8 -9 -10 -11 -12
leaf_value=-0.070806353658503088 -0.0077753624702627594 0.073502783715428607 -0.085342869446189573 0.011488387895667036 0.090791320241987716 -0.0088633884878262219 -0.028923434611409907 0.03525830702880952 -0.048692621113505308 0.039197555462208891 0.12385618587334951
leaf_weight=57 37 66 88 23 24 23 25 94 41 30 24
leaf_count=57 37 66 88 23 24 23 25 94 41 30 24
internal_value=0 0.0449405 -0.0581127 -0.0385979 0.0776295 -0.0529978 0.0147661 0.0231038 -0.0736943 0.0627824 0.107324
internal_weight=0 300 232 103 144 80 156 131 129 96 48
internal_count=532 300 232 103 144 80 156 131 129 96 48
is_linear=0
shrinkage=0.1


Tree=10
num_leaves=12
num_cat=0
split_feature=8 9 64 11 8 21 88 9 79 79 87
split_gain=113.538 21.8761 10.1062 6.58103 5.8033 5.28523 4.19858 3.16875 2.89308 2.1718 0.956691
threshold=4.2045812236012674 4.6819597299522426 1.0397207708399181 3.9701138825728512 2.8029010331479989 2.8314802400679731 3.9219243190762363 5.7429826416937235 2.3937458713910238 4.9557278610926536 1.0000000180025095e-35
decision_type=2 2 2 2 2 2 2 2 2 2 2
left_child=2 3 5 -2 10 -1 -5 9 -6 -3 -4
right_child=1 7 4 6 8 -7 -8 -9 -10 -11 -12
leaf_value=-0.037754134237766274 -0.032044645780253976 0.076646733260343949 -0.069828823533577805 0.020975994801170433 -0.022290612001799878 0.026775863309475508 0.069192114046641759 0.10548227953499761 -0.056426642318547243 0.040151346915147525 -0.091839689100161201
leaf_weight=30 21 63 39 129 36 22 21 29 80 22 40
leaf_count=30 21 63 39 129 36 22 21 29 80 22 40
internal_value=0 0.0430072 -0.0496237 0.020386 -0.0600693 -0.010453 0.0277263 0.0769391 -0.0458327 0.0672009 -0.0809736
internal_weight=0 285 247 171 195 52 150 114 116 85 79
internal_count=532 285 247 171 195 52 150 114 116 85 79
is_linear=0
shrinkage=0.1


Tree=11
num_leaves=12
num_cat=0
split_feature=0 10 0 85 9 1 15 85 27 46 87
split_gain=92.651 12.4697 11.0466 7.1108 5.92726 3.54025 3.33375 2.80606 2.75175 2.23483 3.8244
threshold=3.0433873634561537 9.4530374150950944 0.8958797346140277 3.6105525490912482 2.9174053685313028 2.5619819897016298 4.3437210834879627 5.7104050880312123 3.3140206880897671 1.2424533248940006 1.0000000180025095e-35
decision_type=2 2 2 2 2 2 2 2 2 2 2
left_child=2 6 9 4 -4 -5 -2 -8 -3 -1 -11
right_child=1 8 3 5 -6 -7 7 -9 -10 10 -12
leaf_value=-0.069320339241587536 -0.0045107303985527586 0.062904088777538988 -0.018477747419282146 -0.057401132758241151 0.041257103282707534 -0.014460715827590322 0.043163757946013528 0.007139738225217524 0.1011502993106842 -0.01541594805625769 -0.068233389124788088
leaf_weight=82 28 76 46 48 26 32 85 29 25 26 29
leaf_count=82 28 76 46 48 26 32 85 29 25 26 29
internal_value=0 0.0455109 -0.0382669 -0.0197058 0.00309317 -0.040225 0.0264061 0.0339998 0.072371 -0.0588602 -0.0432651
internal_weight=0 243 289 152 72 80 142 114 101 137 55
internal_count=532 243 289 152 72 80 142 114 101 137 55
is_linear=0
shrinkage=0.1


Tree=12
num_leaves=12
num_cat=0
split_feature=15 0 9 87 54 79 28 24 5 13 85
split_gain=75.3171 10.6346 9.58711 4.85545 7.07595 4.76491 3.78451 3.53508 2.40796 2.22231 1.89987
threshold=4.4425820475484112 2.3502401828962087 4.9052473428434826 1.0000000180025095e-35 1.0397207708399181 4.8751681865209777 2.6735537653587347 6.3722732548560854 3.2769667020129059 5.7137273593905471 4.7273486598447958
decision_type=2 2 2 2 2 2 2 2 2 2 2
left_child=1 3 5 4 -1 9 -5 -7 -3 -2 -4
right_child=2 8 10 6 -6 7 -8 -9 -10 -11 -12
leaf_value=0.022547953646807447 0.022582447543655609 0.014854102222205595 0.087682520189592925 -0.083393925283013329 -0.041719890353820656 -0.028957751562649556 -0.045033367548434844 0.025043587345216015 -0.022432950527632032 0.053118291518722598 0.057194698204596842
leaf_weight=21 44 43 31 41 93 22 69 27 29 52 60
leaf_count=21 44 43 31 41 93 22 69 27 29 52 60
internal_value=0 -0.033597 0.0421387 -0.0443433 -0.0298811 0.0261716 -0.0593314 0.000798088 -0.000164294 0.0391227 0.0675807
internal_weight=0 296 236 224 114 145 110 49 72 96 91
internal_count=532 296 236 224 114 145 110 49 72 96 91
is_linear=0
shrinkage=0.1


Tree=13
num_leaves=12
num_cat=0
split_feature=8 9 64 88 8 31 79 0 14 23 24
split_gain=61.4799 12.509 6.44319 3.79706 3.72706 3.54184 3.41311 3.34274 3.33252 2.56086 1.1223
threshold=4.2045812236012674 4.4187680230537838 1.0397207708399181 3.7726948748059121 2.8029010331479989 2.3937458713910238 5.5606520443413574 4.8826871252032475 5.2931911783158618 4.9089648320872419 5.9401574021130825
decision_type=2 2 2 2 2 2 2 2 2 2 2
left_child=2 3 5 8 -4 -1 7 -3 -2 -6 -5
right_child=1 6 4 10 9 -7 -8 -9 -10 -11 -12
leaf_value=-0.027588933010896051 -0.029149705450981857 0.046299171386396186 -0.061609108199047136 0.017885638517327607 -0.0240787028099399 0.025236601865088401 0.014296719014999413 0.080513847498006608 0.012341471738657173 -0.057011278391335955 0.046845591748538223
leaf_weight=30 32 85 79 32 83 22 21 43 49 33 23
leaf_count=30 32 85 79 32 83 22 21 43 49 33 23
internal_value=0 0.0316473 -0.0365161 0.00971861 -0.0448565 -0.00523967 0.0516628 0.0577932 -0.0040501 -0.0334475 0.0299962
internal_weight=0 285 247 136 195 52 149 128 81 116 55
internal_count=532 285 247 136 195 52 149 128 81 116 55
is_linear=0
shrinkage=0.1


Tree=14
num_leaves=12
num_cat=0
split_feature=15 0 9 75 87 54 28 9 5 27 43
split_gain=49.8209 7.25686 6.5027 4.07658 3.72447 5.15974 2.88511 1.96349 1.76373 1.71362 1.56919
threshold=4.4425820475484112 2.3502401828962087 4.7094896185437563 5.5872416446462791 1.0000000180025095e-35 1.0397207708399181 2.6735537653587347 5.8317749675104649 3.2769667020129059 1.7005986908310777 4.1107394736335969
decision_type=2 2 2 2 2 2 2 2 2 2 2
left_child=1 4 3 9 5 -1 -6 -4 10 -2 -3
right_child=2 8 7 -5 6 -7 -8 -9 -10 -11 -12
leaf_value=0.021234912744590217 0.017504063219224153 -0.0064067383784623374 0.045087645694729873 -0.014227258047923961 -0.070338655867409422 -0.033645223475065898 -0.036845116802504747 0.077902479680336048 -0.018765745979958569 0.04470747779959288 0.031809822097420691
leaf_weight=21 57 21 88 29 41 93 69 23 29 39 22
leaf_count=21 57 21 88 29 41 93 69 23 29 39 22
internal_value=0 -0.027325 0.034272 0.0186299 -0.0362021 -0.0235357 -0.0493291 0.0518871 0.00029261 0.0285555 0.0131459
internal_weight=0 296 236 125 224 114 110 111 72 96 43
internal_count=532 296 236 125 224 114 110 111 72 96 43
is_linear=0
shrinkage=0.1


Tree=15
num_leaves=12
num_cat=0
split_feature=8 8 80 17 78 33 2 85 35 58 41
split_gain=40.8153 8.67756 4.6413 3.07133 2.78009 3.21779 2.14345 3.1507 1.90703 1.65608 1.52068
threshold=4.2045812236012674 5.0688844241303981 2.4563274428680266 2.4414009612931857 4.8674160932529942 5.8888741216379641 1.2424533248940006 3.2384861814448418 3.2384861814448418 4.8201514758423682 4.6727851606181448
decision_type=2 2 2 2 2 2 2 2 2 2 2
left_child=2 4 -1 9 10 -6 8 -8 -4 -3 -2
right_child=1 3 6 -5 5 -7 7 -9 -10 -11 -12
leaf_value=0.013026129907887915 0.025637838597360414 0.049851570152373903 -0.049627507703068362 0.05482565822470703 -0.042698093113445107 0.012660386998738563 0.003229255235243228 -0.035150138855628343 -0.019967273622751237 0.018062025746494011 -0.0039435518793761734
leaf_weight=23 57 23 96 81 21 21 31 69 28 57 25
leaf_count=23 57 23 96 81 21 21 31 69 28 57 25
internal_value=0 0.0257859 -0.0297529 0.0410994 0.00590303 -0.0150189 -0.0341454 -0.0232525 -0.04293 0.0272015 0.0166191
internal_weight=0 285 247 161 124 42 224 100 124 80 82
internal_count=532 285 247 161 124 42 224 100 124 80 82
is_linear=0
shrinkage=0.1


Tree=16
num_leaves=12
num_cat=0
split_feature=8 17 48 84 31 0 8 71 40 83 36
split_gain=33.1442 7.83602 4.55057 4.15446 3.63281 3.48746 2.96836 2.48777 2.32485 1.64353 1.43233
threshold=4.0773937863842606 1.8688348091416842 4.7273486598447958 4.2625806805327082 3.4334666422309414 3.2180751841847144 4.744894319750431 4.3943729409690677 6.4891310167150369 4.1742689126930488 1.8688348091416842
decision_type=2 2 2 2 2 2 2 2 2 2 2
left_child=3 2 9 4 8 -4 -3 -8 -1 -2 -5
right_child=1 6 5 10 -6 -7 7 -9 -10 -11 -12
leaf_value=-0.033445608240480609 0.0031488965312018989 0.0024287384890374682 -0.046015812489001648 -0.048186923474228635 0.021145833745274858 0.0028528842120431365 0.074475343702804481 0.03707058675976567 0.0019357803850792922 0.033234316855669022 -0.024572684938037718
leaf_weight=65 30 21 23 84 23 40 21 116 26 46 37
leaf_count=65 30 21 23 84 23 40 21 116 26 46 37
internal_value=0 0.0222026 0.00488487 -0.0280603 -0.0143621 -0.0149881 0.0374378 0.0428042 -0.0233366 0.0213585 -0.040966
internal_weight=0 297 139 235 114 63 158 137 91 76 121
internal_count=532 297 139 235 114 63 158 137 91 76 121
is_linear=0
shrinkage=0.1


Tree=17
num_leaves=12
num_cat=0
split_feature=15 1 17 85 0 34 56 80 43 79 44
split_gain=27.2146 4.35222 4.12943 3.8447 3.15963 2.53151 2.16988 5.11815 1.84415 1.46087 0.491085
threshold=4.4425820475484112 0.8958797346140277 3.3140206880897671 3.2384861814448418 3.2180751841847144 6.025819296111556 1.2424533248940006 7.0850628910679374 3.8499212036984933 5.7333360402263844 4.2625806805327082
decision_type=2 2 2 2 2 2 2 2 2 2 2
left_child=1 6 4 8 -2 -5 10 -8 -3 -6 -1
right_child=2 3 -4 5 9 -7 7 -9 -10 -11 -12
leaf_value=-0.037374690145254137 -0.0087994606444431883 -0.0079110128748597526 0.062923437715149841 -0.032082096125369018 0.029073717206704749 0.0062967395156864892 0.012063692390386549 -0.048956963751051165 0.025039461313613828 0.001000392099376768 -0.053239147315616721
leaf_weight=50 31 33 26 68 158 23 28 27 35 21 32
leaf_count=50 31 33 26 68 158 23 28 27 35 21 32
internal_value=0 -0.0201955 0.02533 -0.00893987 0.0206756 -0.022382 -0.0332587 -0.0178919 0.00904879 0.0257802 -0.0435657
internal_weight=0 296 236 159 210 91 137 55 68 179 82
internal_count=532 296 236 159 210 91 137 55 68 179 82
is_linear=0
shrinkage=0.1


Tree=18
num_leaves=12
num_cat=0
split_feature=8 17 75 74 56 2 8 44 71 15 15
split_gain=22.0868 5.34767 3.74028 2.95395 2.65655 3.08956 2.18569 1.99962 1.92998 1.21511 0.682155
threshold=4.0773937863842606 1.8688348091416842 5.5528393853898175 4.3943729409690677 1.4978661367769959 1.2424533248940006 4.744894319750431 4.2625806805327082 4.3943729409690677 3.3497501700808394 2.1383330595080281
decision_type=2 2 2 2 2 2 2 2 2 2 2
left_child=3 2 7 4 5 -1 -3 -2 -8 10 -5
right_child=1 6 -4 9 -6 -7 8 -9 -10 -11 -12
leaf_value=-0.035117218646480416 0.034959973884677448 0.00066926362259047377 -0.033020846489007064 -0.036686849654937279 0.014798859023937473 -0.0010021232090830963 0.063210833312145304 0.0038910526248595021 0.030265152444741851 -0.019094802262261512 -0.058228693512224018
leaf_weight=61 27 21 23 49 27 47 21 89 116 30 21
leaf_count=61 27 21 23 49 27 47 21 89 116 30 21
internal_value=0 0.0181245 0.0038183 -0.0229063 -0.0132569 -0.0202708 0.0307104 0.0111226 0.0353152 -0.035933 -0.0431494
internal_weight=0 297 139 235 135 108 158 116 137 100 70
internal_count=532 297 139 235 135 108 158 116 137 100 70
is_linear=0
shrinkage=0.1


Tree=19
num_leaves=12
num_cat=0
split_feature=15 9 88 10 2 29 75 40 86 51 86
split_gain=18.2128 3.24501 3.02085 3.16144 2.7622 3.0951 2.34099 1.98665 1.90516 1.82736 1.42834
threshold=4.4425820475484112 5.4160905255636633 3.6242520361853052 7.3287612361611201 1.8688348091416842 2.6735537653587347 5.5872416446462791 6.6694175608141011 4.4995626957636246 3.2180751841847144 3.8499212036984933
decision_type=2 2 2 2 2 2 2 2 2 2 2
left_child=2 6 4 -4 7 -6 10 -1 -8 -5 -2
right_child=1 -3 3 9 5 -7 8 -9 -10 -11 -12
leaf_value=-0.020680756047637999 0.017179737175120436 0.043337938512675471 -0.021458240530143183 0.03079590411856771 0.018955626778511536 -0.024243014258180942 -0.022508313420873421 -0.045561068827907246 0.015773648833139583 -0.0071479470045729123 0.045579835320157663
leaf_weight=69 113 50 45 30 27 43 26 60 26 22 21
leaf_count=69 113 50 45 30 27 43 26 60 26 22 21
internal_value=0 0.0207215 -0.0165212 -0.00205153 -0.0235743 -0.00758068 0.0146419 -0.032253 -0.00336733 0.0147427 0.0216305
internal_weight=0 236 296 97 199 70 186 129 52 52 134
internal_count=532 236 296 97 199 70 186 129 52 52 134
is_linear=0
shrinkage=0.1


Tree=20
num_leaves=11
num_cat=0
split_feature=17 0 82 43 73 79 36 89 9 35
split_gain=15.1132 4.82546 2.76946 2.18647 2.11299 1.86069 1.76868 1.43944 1.01126 0.807542
threshold=1.8688348091416842 2.3502401828962087 4.9628201785886317 4.5053345884235583 4.1742689126930488 5.5606520443413574 4.7957563937576522 3.8606743063089755 2.9174053685313028 3.0433873634561537
decision_type=2 2 2 2 2 2 2 2 2 2
left_child=1 3 8 4 -1 6 7 -2 -3 -5
right_child=5 2 -4 9 -6 -7 -8 -9 -10 -11
leaf_value=-0.020907189852782879 0.018606502493924423 -0.0045219099840947564 -0.026427817920025871 -0.040039705440264056 0.0064051969420342225 -0.00072560679012288656 0.056169008286226368 0.044156823086889528 0.015819589173662718 -0.021425025092392434
leaf_weight=87 92 35 26 54 42 24 21 29 81 41
leaf_count=87 92 35 26 54 42 24 21 29 81 41
internal_value=0 -0.011351 0.0030704 -0.0204932 -0.0120148 0.025027 0.0293795 0.0247301 0.00968207 -0.032006
internal_weight=0 366 142 224 129 166 142 121 116 95
internal_count=532 366 142 224 129 166 142 121 116 95
is_linear=0
shrinkage=0.1


Tree=21
num_leaves=12
num_cat=0
split_feature=8 21 31 87 86 86 81 67 14 81 88
split_gain=12.6123 3.9332 2.88491 1.92021 2.89755 1.80829 1.75572 2.01788 1.46291 1.11165 0.759442
threshold=5.0688844241303981 3.4334666422309414 4.2045812236012674 1.0000000180025095e-35 1.4978661367769959 4.007167868649713 3.7132745361986528 3.2384861814448418 5.0172579074712669 4.8597823571876004 2.0126758453675748
decision_type=2 2 2 2 2 2 2 2 2 2 2
left_child=1 3 8 4 -1 -4 -2 10 -3 -5 -8
right_child=6 2 5 9 -6 -7 7 -9 -10 -11 -12
leaf_value=-0.019592165942369424 0.050336096761748196 0.033409441204275935 -0.014606261556281856 -0.035606910905947808 0.021943041597577661 0.013922609504440736 0.024905725040061531 0.047907621351381144 0.00034570757947538212 -0.010515132619310981 0.0082762059982326858
leaf_weight=71 21 32 95 76 22 29 43 21 23 23 76
leaf_count=71 21 32 95 76 22 29 43 21 23 23 76
internal_value=0 -0.010143 0.00052075 -0.0200847 -0.00976663 -0.00793419 0.023373 0.0193286 0.0195828 -0.0297775 0.0142852
internal_weight=0 371 179 192 93 124 161 140 55 99 119
internal_count=532 371 179 192 93 124 161 140 55 99 119
is_linear=0
shrinkage=0.1


Tree=22
num_leaves=12
num_cat=0
split_feature=8 9 6 24 44 53 30 88 30 37 49
split_gain=10.3118 2.73436 2.26978 2.74087 1.94917 2.27825 1.72426 1.1992 0.906221 1.27171 0.548908
threshold=4.0773937863842606 4.7094896185437563 1.8688348091416842 6.2970262196486599 3.1345481418531311 3.9316333620047872 6.5147115934776361 3.7012257604091228 9.391231760337158 3.3140206880897671 3.7132745361986528
decision_type=2 2 2 2 2 2 2 2 2 2 2
left_child=4 2 -2 -4 5 6 -1 10 -3 -10 -6
right_child=1 8 3 -5 7 -7 -8 -9 9 -11 -12
leaf_value=-0.022600279635128877 0.02920558255282231 0.041563316255807878 -0.011164018329601367 0.015969967197567696 -0.03308136552834931 0.021396600152365865 0.0091143740806728605 -0.0057781247488622161 0.012585691460186527 0.040058915547864594 -0.014867144583591394
leaf_weight=60 32 25 91 63 78 24 24 28 63 23 21
leaf_count=60 32 25 91 63 78 24 24 28 63 23 21
internal_value=0 0.0123842 0.00497183 -6.37515e-05 -0.0156515 -0.00577549 -0.013539 -0.02405 0.0248048 0.0199332 -0.0292177
internal_weight=0 297 186 154 235 108 84 127 111 86 99
internal_count=532 297 186 154 235 108 84 127 111 86 99
is_linear=0
shrinkage=0.1


Tree=23
num_leaves=11
num_cat=0
split_feature=8 21 70 86 43 19 81 46 11 41
split_gain=8.4857 2.6241 2.25069 2.64177 1.5332 2.91668 1.33839 1.52337 0.728937 0.557916
threshold=5.0688844241303981 3.4334666422309414 6.937297114209442 3.891612008168019 4.6586997221347959 2.3937458713910238 3.7132745361986528 4.7957563937576522 1.0397207708399181 5.6454406545496605
decision_type=2 2 2 2 2 2 2 2 2 2
left_child=1 4 -3 -4 5 -1 -2 9 -6 -8
right_child=6 2 3 -5 8 -7 7 -9 -10 -11
leaf_value=-0.021652219375772847 0.042713185630383947 0.020962462992202946 -0.014716900064197092 0.015559839707140517 -0.017509114986751229 0.0092486838259598411 -0.0010803114893215319 0.036048558290148601 -0.039664628322828903 0.014721973647538106
leaf_weight=84 21 41 97 41 27 48 31 29 33 80
leaf_count=84 21 41 97 41 27 48 31 29 33 80
internal_value=0 -0.00831982 0.000390364 -0.00572164 -0.0164403 -0.0104155 0.0191718 0.0156405 -0.0296946 0.0103087
internal_weight=0 371 179 138 192 132 161 140 60 111
internal_count=532 371 179 138 192 132 161 140 60 111
is_linear=0
shrinkage=0.1


Tree=24
num_leaves=12
num_cat=0
split_feature=8 9 75 67 9 44 23 36 88 60 49
split_gain=7.07158 2.07347 1.8856 2.8757 1.57114 1.51592 1.92623 1.36055 0.92158 0.544882 0.396805
threshold=4.0773937863842606 5.4160905255636633 5.5528393853898175 2.524928003624769 2.9174053685313028 3.1345481418531311 3.7132745361986528 1.2424533248940006 3.7012257604091228 9.6292383447521708 3.7132745361986528
decision_type=2 2 2 2 2 2 2 2 2 2 2
left_child=5 2 4 -4 -2 6 7 -1 10 -3 -7
right_child=1 9 3 -5 -6 8 -8 -9 -10 -11 -12
leaf_value=-0.022611671997880452 -0.0093776451964532187 0.0195731322946293 -0.038895024039915634 0.007913215783690768 0.015219427435222317 -0.028183039186749227 0.017790545870004029 0.0044286711638172466 -0.0043499541535441371 0.04060344907285815 -0.012696680435467334
leaf_weight=49 31 28 21 35 160 78 29 30 28 22 21
leaf_count=49 31 28 21 35 160 78 29 30 28 22 21
internal_value=0 0.0102555 0.00649623 -0.00963987 0.0112272 -0.0129612 -0.00425172 -0.0123432 -0.0203678 0.0288265 -0.0248981
internal_weight=0 297 247 56 191 235 108 79 127 50 99
internal_count=532 297 247 56 191 235 108 79 127 50 99
is_linear=0
shrinkage=0.1


Tree=25
num_leaves=8
num_cat=0
split_feature=17 26 6 2 69 56 89
split_gain=5.82132 2.194 1.5902 2.38776 1.50085 1.25786 1.1084
threshold=1.8688348091416842 3.8064155152036787 4.4425820475484112 1.8688348091416842 5.6868316988183611 4.5430683842584392 3.8606743063089755
decision_type=2 2 2 2 2 2 2
left_child=1 2 3 -1 5 6 -2
right_child=4 -3 -4 -5 -6 -7 -8
leaf_value=-0.014464455007535397 0.0096555838920176027 0.022182242696483931 -0.033377161070704459 0.003160681209583831 -0.0081768031353535858 0.040229971248966954 0.032135833265131405
leaf_weight=186 90 24 25 131 23 24 29
leaf_count=186 90 24 25 131 23 24 29
internal_value=0 -0.00704479 -0.00909581 -0.00718088 0.0155325 0.0193459 0.015134
internal_weight=0 366 342 317 166 143 119
internal_count=532 366 342 317 166 143 119
is_linear=0
shrinkage=0.1


Tree=26
num_leaves=9
num_cat=0
split_feature=8 14 58 2 84 62 67 42
split_gain=4.81007 1.6049 1.98124 2.68097 1.81918 1.02709 1.21134 0.631478
threshold=5.0688844241303981 6.5453331453305372 4.8201514758423682 1.8688348091416842 6.8865269473837794 3.0201273556387074 3.2384861814448418 4.2413008733233104
decision_type=2 2 2 2 2 2 2 2
left_child=1 2 3 -1 -4 -2 7 -7
right_child=5 -3 4 -5 -6 6 -8 -9
leaf_value=-0.011996980734476623 0.034510696298358116 0.019932287736711178 -0.046124566656847797 0.0077150948345661163 -0.0086052637547254559 -0.0061115188593113866 0.0333854281299171 0.011303246298332821
leaf_weight=188 22 22 24 109 28 27 21 91
leaf_count=188 22 22 24 109 28 27 21 91
internal_value=0 -0.00626392 -0.00791526 -0.00476258 -0.0259219 0.0144342 0.0112567 0.00731851
internal_weight=0 371 349 297 52 161 139 118
internal_count=532 371 349 297 52 161 139 118
is_linear=0
shrinkage=0.1


Tree=27
num_leaves=8
num_cat=0
split_feature=9 70 5 14 8 25 10
split_gain=4.06048 2.56452 1.86304 1.94768 1.38741 1.04762 1.02669
threshold=2.9174053685313028 4.8361559147623279 1.4978661367769959 7.4949786637559042 4.2045812236012674 3.9316333620047872 6.5985053163450944
decision_type=2 2 2 2 2 2 2
left_child=1 -1 -2 4 -4 6 -3
right_child=2 5 3 -5 -6 -7 -8
leaf_value=0.018536492117813656 0.030946453895059324 -0.00927630385487444 -0.018729975119490049 0.027036816709275758 0.0046529406595635665 0.0032250195531354797 -0.024601604376289554
leaf_weight=28 31 90 29 35 203 31 85
leaf_count=28 31 90 29 35 203 31 85
internal_value=0 -0.009859 0.00774163 0.00504744 0.00173008 -0.0137186 -0.01672
internal_weight=0 234 298 267 232 206 175
internal_count=532 234 298 267 232 206 175
is_linear=0
shrinkage=0.1


Tree=28
num_leaves=9
num_cat=0
split_feature=21 60 35 7 88 33 23 13
split_gain=3.29979 1.30385 2.85107 1.69068 1.0255 2.14613 1.08162 1.19578
threshold=3.4334666422309414 6.4052270920020655 3.0433873634561537 1.2424533248940006 3.6242520361853052 3.7132745361986528 2.191013317336941 4.3693677306817369
decision_type=2 2 2 2 2 2 2 2
left_child=4 -2 -3 -4 6 -6 -1 -8
right_child=1 2 3 -5 5 -7 7 -9
leaf_value=-0.030925435437397526 0.028908418766830282 -0.022669111623295716 0.032417106110602618 0.0051763651643404992 0.022708260968327523 -0.016671307025957975 0.0005484375440014096 -0.021002032428833785
leaf_weight=33 23 35 25 257 25 31 52 51
leaf_count=33 23 35 25 257 25 31 52 51
internal_value=0 0.00591832 0.00425027 0.00759132 -0.0104804 0.000908857 -0.01517 -0.0101222
internal_weight=0 340 317 282 192 56 136 103
internal_count=532 340 317 282 192 56 136 103
is_linear=0
shrinkage=0.1


Tree=29
num_leaves=8
num_cat=0
split_feature=8 58 2 53 81 67 42
split_gain=2.86599 1.08286 1.75995 1.04314 0.741305 0.98994 0.440153
threshold=5.0688844241303981 5.6418819206652282 3.6105525490912482 5.0906732680195743 3.7132745361986528 3.2384861814448418 4.2413008733233104
decision_type=2 2 2 2 2 2 2
left_child=1 2 3 -1 -2 6 -6
right_child=4 -3 -4 -5 5 -7 -8
leaf_value=-0.0024850096245725996 0.028662027737924031 -0.026353081248023293 0.020110516363136665 -0.016026406729518362 -0.0052655083728173095 0.028531005220221624 0.0085909805832092064
leaf_weight=246 21 22 29 74 31 21 88
leaf_count=246 21 22 29 74 31 21 88
internal_value=0 -0.00483512 -0.00347869 -0.00561646 0.0111418 0.00851376 0.00498131
internal_weight=0 371 349 320 161 140 119
internal_count=532 371 349 320 161 140 119
is_linear=0
shrinkage=0.1


Tree=30
num_leaves=10
num_cat=0
split_feature=9 70 60 0 68 77 78 84 38
split_gain=2.52578 1.77909 1.54129 1.39222 1.73685 0.97646 0.92781 1.37209 0.761972
threshold=2.9174053685313028 4.8361559147623279 7.5742795968135601 3.4334666422309414 4.8201514758423682 3.2384861814448418 3.1345481418531311 2.9430520157250784 2.9174053685313028
decision_type=2 2 2 2 2 2 2 2 2
left_child=1 -1 -2 4 -4 -5 8 -8 -3
right_child=2 6 3 5 -6 -7 7 -9 -10
leaf_value=0.015875028108504403 0.025507206686759473 -0.013588338828923411 0.0057085518725216392 0.005711113188793011 -0.023394657958399609 0.028662844889220742 0.015800968111337476 -0.010725200726973036 -0.035871138607728337
leaf_weight=28 36 57 46 158 37 21 24 104 21
leaf_count=28 36 57 46 158 37 21 24 104 21
internal_value=0 -0.00777575 0.00610579 0.00343995 -0.00726517 0.00840377 -0.0109904 -0.00575154 -0.0195876
internal_weight=0 234 298 262 83 179 206 128 78
internal_count=532 234 298 262 83 179 206 128 78
is_linear=0
shrinkage=0.1


Tree=31
num_leaves=9
num_cat=0
split_feature=24 9 44 71 44 69 45 44
split_gain=2.1191 1.91891 1.68858 1.26105 0.9379 0.794108 0.920562 0.67447
threshold=6.0402433732803855 4.4187680230537838 5.0172579074712669 2.8314802400679731 5.9839077282029587 5.6868316988183611 6.2323534425866471 7.3821009378140969
decision_type=2 2 2 2 2 2 2 2
left_child=1 2 3 -1 -4 6 7 -2
right_child=5 -3 4 -5 -6 -7 -8 -9
leaf_value=-0.0090861496668247898 0.011098554867009322 0.021543181830873857 -0.023809604238319612 0.0057506040222641015 -0.00013885924761945551 -0.0096230818579594313 0.030579551743964359 -0.0079483155330473728
leaf_weight=122 120 26 70 108 22 21 21 22
leaf_count=122 120 26 70 108 22 21 21 22
internal_value=0 -0.00458922 -0.00669929 -0.00211933 -0.0181492 0.00867962 0.0110376 0.00814763
internal_weight=0 348 322 230 92 184 163 142
internal_count=532 348 322 230 92 184 163 142
is_linear=0
shrinkage=0.1


Tree=32
num_leaves=11
num_cat=0
split_feature=14 36 6 19 85 86 39 21 89 76
split_gain=1.77387 0.875188 1.74613 1.17493 0.752976 0.716986 0.74564 0.699511 0.291863 0.253707
threshold=6.489186453697104 3.8064155152036787 4.4187680230537838 2.524928003624769 4.5215522263001349 3.9316333620047872 5.4160905255636633 4.7621374077860157 2.0126758453675748 1.8688348091416842
decision_type=2 2 2 2 2 2 2 2 2 2
left_child=1 2 3 -1 8 9 -7 -3 -2 -6
right_child=4 7 -4 -5 5 6 -8 -9 -10 -11
leaf_value=-0.0086253855799124889 0.012569536799988288 0.023027349245690165 -0.03310132848010177 0.0034823314652410926 0.0050133999511599546 0.028008654726935284 0.0013603214110757802 -0.0024885319596664474 0.029051269562027995 -0.0084315252315718681
leaf_weight=184 22 21 21 142 25 21 21 22 21 32
leaf_count=184 22 21 21 142 25 21 21 22 21 32
internal_value=0 -0.00348431 -0.0051519 -0.00335147 0.00956959 0.00477045 0.0146845 0.00997271 0.0206188 -0.00253463
internal_weight=0 390 347 326 142 99 42 43 43 57
internal_count=532 390 347 326 142 99 42 43 43 57
is_linear=0
shrinkage=0.1


Tree=33
num_leaves=8
num_cat=0
split_feature=21 60 35 58 41 10 16
split_gain=1.51856 1.12984 1.68933 1.19056 0.808385 1.68976 0.9459
threshold=3.4334666422309414 6.4052270920020655 3.0433873634561537 3.8393944990995772 4.2045812236012674 7.3287612361611201 1.8688348091416842
decision_type=2 2 2 2 2 2 2
left_child=4 -2 -3 -4 5 6 -1
right_child=1 2 3 -5 -6 -7 -8
leaf_value=-0.0057665277176251837 0.025415907597736171 -0.018259257653262469 0.023865623731787008 0.0027920399408137044 -0.025625651382974221 0.017629098200372288 -0.028308220309290019
leaf_weight=121 23 35 30 252 21 28 22
leaf_count=121 23 35 30 252 21 28 22
internal_value=0 0.00401487 0.00246211 0.00503391 -0.00710966 -0.00483577 -0.00923448
internal_weight=0 340 317 282 192 171 143
internal_count=532 340 317 282 192 171 143
is_linear=0
shrinkage=0.1


Tree=34
num_leaves=11
num_cat=0
split_feature=24 44 10 74 31 26 67 69 56 79
split_gain=1.30923 1.34256 1.44986 1.0927 1.04181 0.984276 0.870602 0.591363 0.800984 0.504261
threshold=6.0402433732803855 5.0172579074712669 7.3287612361611201 4.1742689126930488 3.4334666422309414 3.6105525490912482 1.7005986908310777 5.6868316988183611 4.5430683842584392 2.6735537653587347
decision_type=2 2 2 2 2 2 2 2 2 2
left_child=1 2 4 -4 -1 6 -3 8 9 -2
right_child=7 5 3 -5 -6 -7 -8 -9 -10 -11
leaf_value=-0.0087996362121180553 0.020302443232919493 -0.011431933976537377 0.0020637785609472882 0.025081002559851517 0.013837076614921293 0.0045489849212268984 -0.034003232585731895 -0.0089720320311330627 0.026152107340243199 0.003494734292020317
leaf_weight=133 21 54 55 33 24 24 25 21 23 119
leaf_count=133 21 54 55 33 24 24 25 21 23 119
internal_value=0 -0.00360721 0.000420078 0.0106952 -0.00533925 -0.0131867 -0.0185747 0.00682234 0.0088572 0.00601589
internal_weight=0 348 245 88 157 103 79 184 163 140
internal_count=532 348 245 88 157 103 79 184 163 140
is_linear=0
shrinkage=0.1


Tree=35
num_leaves=5
num_cat=0
split_feature=76 79 46 15
split_gain=1.20215 1.43826 1.41873 0.873851
threshold=4.8559213341406453 5.4424083402947536 4.2835627800822236 3.2951505240983434
decision_type=2 2 2 2
left_child=1 2 3 -1
right_child=-2 -3 -4 -5
leaf_value=-0.0063180853605520025 0.019797434709195434 -0.0227598885812893 0.020514059159904719 0.0026418137998740761
leaf_weight=194 29 29 32 248
leaf_count=194 29 29 32 248
internal_value=0 -0.0011414 0.000181247 -0.00129081
internal_weight=0 503 474 442
internal_count=532 503 474 442
is_linear=0
shrinkage=0.1


Tree=36
num_leaves=6
num_cat=0
split_feature=76 79 0 24 79
split_gain=0.973743 1.16499 1.15811 0.8333 0.703981
threshold=4.8559213341406453 5.4424083402947536 4.1107394736335969 6.8211021207486189 2.3937458713910238
decision_type=2 2 2 2 2
left_child=1 2 4 -4 -1
right_child=-2 -3 3 -5 -6
leaf_value=0.0029094453010690847 0.017817691752109035 -0.020483899241712764 0.025689892793217529 0.0041452287555800689 -0.0057121517476237697
leaf_weight=162 29 29 26 58 228
leaf_count=162 29 29 26 58 228
internal_value=0 -0.00102726 0.000163122 0.0108138 -0.00213087
internal_weight=0 503 474 84 390
internal_count=532 503 474 84 390
is_linear=0
shrinkage=0.1


Tree=37
num_leaves=10
num_cat=0
split_feature=1 4 78 43 56 38 79 10 85
split_gain=0.896491 0.834458 1.69203 1.37283 0.754895 0.77023 0.695104 0.289642 0.257353
threshold=0.8958797346140277 1.4978661367769959 3.2769667020129059 3.7132745361986528 1.4978661367769959 2.602003343538398 2.1383330595080281 5.5872416446462791 3.6105525490912482
decision_type=2 2 2 2 2 2 2 2 2
left_child=4 2 -2 -3 5 7 -5 -1 -7
right_child=1 3 -4 6 -6 8 -8 -9 -10
leaf_value=-0.012216516747139396 3.7980595653927006e-05 -0.024281323133479984 0.034577378276330624 0.015001479465816474 0.0050110700246142718 0.0029311495472211391 0.00040833097815325326 -0.027806782751129223 -0.011502621358349211
leaf_weight=22 37 21 23 37 38 30 277 26 21
leaf_count=22 37 21 23 37 38 30 277 26 21
internal_value=0 0.00241757 0.0132781 0.000472402 -0.00697036 -0.0115693 0.00212791 -0.0206612 -0.00301217
internal_weight=0 395 60 335 137 99 314 48 51
internal_count=532 395 60 335 137 99 314 48 51
is_linear=0
shrinkage=0.1


Tree=38
num_leaves=11
num_cat=0
split_feature=14 6 5 66 1 15 85 73 39 15
split_gain=0.844727 0.623423 1.22178 1.02748 1.29702 0.932855 0.455164 0.579682 0.373306 0.246496
threshold=6.489186453697104 4.4187680230537838 4.8038866541935423 0.89587973461402759 2.191013317336941 2.9174053685313028 4.5215522263001349 6.5553558800919278 5.0875201215290131 6.0969190539309164
decision_type=2 2 2 2 2 2 2 2 2 2
left_child=1 3 -3 4 -1 -5 9 8 -8 -2
right_child=6 2 -4 5 -6 -7 7 -9 -10 -11
leaf_value=-0.012425884454418779 0.022591573169285603 -0.030968883575960282 0.0031427242748794104 -0.0045487821731087456 0.0080833034102051043 0.0097236910804581259 0.003793849171891522 0.017619859764263744 -0.010881595691451086 0.0074448563468952969
leaf_weight=116 22 21 21 77 42 113 52 21 26 21
leaf_count=116 22 21 21 77 42 113 52 21 26 21
internal_value=0 -0.00240444 -0.0139131 -0.00101547 -0.00697408 0.00393958 0.00660375 0.00287248 -0.00109797 0.0151943
internal_weight=0 390 42 348 158 190 142 99 78 43
internal_count=532 390 42 348 158 190 142 99 78 43
is_linear=0
shrinkage=0.1


Tree=39
num_leaves=6
num_cat=0
split_feature=9 89 73 73 59
split_gain=0.791746 0.628386 0.52435 1.71982 0.913354
threshold=5.8317749675104649 3.9415346756528771 4.1742689126930488 4.465842055365858 2.9174053685313028
decision_type=2 2 2 2 2
left_child=1 2 4 -4 -1
right_child=-2 -3 3 -5 -6
leaf_value=-0.0030517422243428885 0.018148134260073955 0.015331285031836318 0.026282735304751743 -0.0014485604882882 -0.024583033014399312
leaf_weight=110 23 23 24 328 24
leaf_count=110 23 23 24 328 24
internal_value=0 -0.000820053 -0.00158442 0.00044221 -0.00690809
internal_weight=0 509 486 352 134
internal_count=532 509 486 352 134
is_linear=0
shrinkage=0.1


Tree=40
num_leaves=5
num_cat=0
split_feature=76 79 46 79
split_gain=0.741472 0.91331 0.978198 0.482821
threshold=4.8559213341406453 5.4424083402947536 4.2835627800822236 2.3937458713910238
decision_type=2 2 2 2
left_child=1 2 3 -1
right_child=-2 -3 -4 -5
leaf_value=0.0031969428561762513 0.015548067809692746 -0.018123634082490001 0.017040991171961652 -0.0036279449420744906
leaf_weight=166 29 29 32 276
leaf_count=166 29 29 32 276
internal_value=0 -0.000896409 0.000157577 -0.00106475
internal_weight=0 503 474 442
internal_count=532 503 474 442
is_linear=0
shrinkage=0.1


Tree=41
num_leaves=6
num_cat=0
split_feature=14 31 76 83 89
split_gain=0.677692 0.6295 0.824509 0.617353 0.600544
threshold=7.430111324225007 6.3421152195158905 4.744894319750431 5.335105210377197 3.9415346756528771
decision_type=2 2 2 2 2
left_child=1 2 4 -2 -1
right_child=3 -3 -4 -5 -6
leaf_value=-0.0019611240097193346 4.10794619132172e-05 -0.015105019655699532 0.01873597809092396 0.023731366815892135 0.014994118576446039
leaf_weight=414 22 30 22 22 22
leaf_count=414 22 30 22 22 22
internal_value=0 -0.00107171 -0.000152496 0.0118862 -0.00110558
internal_weight=0 488 458 44 436
internal_count=532 488 458 44 436
is_linear=0
shrinkage=0.1


Tree=42
num_leaves=6
num_cat=0
split_feature=57 71 9 3 70
split_gain=0.617061 0.781205 0.598226 1.17625 1.05842
threshold=3.3140206880897671 6.4536138387458246 2.9174053685313028 2.5619819897016298 4.8361559147623279
decision_type=2 2 2 2 2
left_child=1 2 4 -4 -1
right_child=-2 -3 3 -5 -6
leaf_value=0.014674996278647864 0.015668748583023747 -0.019171613674949517 0.017030987092156842 3.4915064207951327e-05 -0.0060527196758222296
leaf_weight=28 24 22 51 202 205
leaf_count=28 24 22 51 202 205
internal_value=0 -0.000740256 9.40855e-05 0.003461 -0.00356184
internal_weight=0 508 486 253 233
internal_count=532 508 486 253 233
is_linear=0
shrinkage=0.1


Tree=43
num_leaves=10
num_cat=0
split_feature=34 54 15 49 87 19 43 69 63
split_gain=0.572062 1.07267 0.885078 0.87884 0.905701 0.766193 0.757541 0.473318 0.657612
threshold=6.2024617521376699 5.0172579074712669 4.7749040587885982 3.7494348669884658 1.0000000180025095e-35 3.5549397315361362 5.5606520443413574 5.6868316988183611 6.5482149976889135
decision_type=2 2 2 2 2 2 2 2 2
left_child=1 3 6 4 -1 -2 -3 8 -7
right_child=5 2 -4 -5 -6 7 -8 -9 -10
leaf_value=0.0047834399793733181 0.022680948621460372 -0.0092112255938207876 0.0054568285854267222 0.020142450874023464 -0.0082745133348825304 0.0010383750731586525 -0.029694419279694559 -0.011264203759756956 0.019153418272733688
leaf_weight=134 21 65 28 23 88 101 25 22 25
leaf_count=134 21 65 28 23 88 101 25 22 25
internal_value=0 -0.00223746 -0.0100703 0.0015351 -0.000392686 0.00480591 -0.014901 0.00226959 0.00463263
internal_weight=0 363 118 245 222 169 90 148 126
internal_count=532 363 118 245 222 169 90 148 126
is_linear=0
shrinkage=0.1


Tree=44
num_leaves=10
num_cat=0
split_feature=16 20 73 1 12 69 43 23 71
split_gain=0.530766 0.723528 2.00684 0.687892 1.34432 0.543742 0.460052 0.88913 0.504963
threshold=0.89587973461402759 6.380116791391317 3.6105525490912482 2.191013317336941 2.9430520157250784 2.6735537653587347 1.9356005054539456 3.4960482137079443 2.602003343538398
decision_type=2 2 2 2 2 2 2 2 2
left_child=1 2 -1 5 -5 -3 -2 -8 -9
right_child=6 3 -4 4 -6 -7 7 8 -10
leaf_value=-0.014198879005387424 0.015068046060892251 -0.0073878989853442475 0.025869467424228788 0.016666832967446404 -0.013173882991072285 -0.025295109553262592 -0.018166915530508216 -0.0081269183612771734 0.0041994891631996862
leaf_weight=25 26 39 25 26 36 30 22 38 265
leaf_count=25 26 39 25 26 36 30 22 38 265
internal_value=0 -0.00439856 0.00583529 -0.00830461 -0.000660034 -0.0151736 0.0022682 0.00124421 0.0026536
internal_weight=0 181 50 131 62 69 351 325 303
internal_count=532 181 50 131 62 69 351 325 303
is_linear=0
shrinkage=0.1


Tree=45
num_leaves=5
num_cat=0
split_feature=76 79 46 35
split_gain=0.482696 0.689599 0.59015 0.359624
threshold=4.8559213341406453 5.4424083402947536 4.2835627800822236 3.0433873634561537
decision_type=2 2 2 2
left_child=1 2 3 -1
right_child=-2 -3 -4 -5
leaf_value=-0.0042801303603628186 0.012544865681436555 -0.015692662055893192 0.013306374473722828 0.0015524529571944068
leaf_weight=175 29 29 32 267
leaf_count=175 29 29 32 267
internal_value=0 -0.000723263 0.000192587 -0.000756828
internal_weight=0 503 474 442
internal_count=532 503 474 442
is_linear=0
shrinkage=0.1


Tree=46
num_leaves=5
num_cat=0
split_feature=9 37 36 58
split_gain=0.444438 0.501512 0.793872 0.419677
threshold=5.8317749675104649 2.9174053685313028 4.317399216745252 4.9052473428434826
decision_type=2 2 2 2
left_child=1 2 3 -1
right_child=-2 -3 -4 -5
leaf_value=0.00091559366198740134 0.013597054546698928 -0.01199228009985139 0.016281694339202912 -0.0063196719801496895
leaf_weight=339 23 36 29 105
leaf_count=339 23 36 29 105
internal_value=0 -0.000614405 0.000251564 -0.000795449
internal_weight=0 509 473 444
internal_count=532 509 473 444
is_linear=0
shrinkage=0.1


Tree=47
num_leaves=11
num_cat=0
split_feature=73 33 35 21 71 87 36 80 51 43
split_gain=0.436317 1.0587 1.56917 0.813013 0.895992 0.766046 0.683571 0.805321 0.674549 0.507989
threshold=4.1742689126930488 4.465842055365858 2.602003343538398 3.4334666422309414 3.4334666422309414 0.8958797346140277 1.2424533248940006 6.459903229849254 3.2180751841847144 3.3667009459186801
decision_type=2 2 2 2 2 2 2 2 2 2
left_child=5 2 -2 8 -5 6 9 -8 -3 -1
right_child=1 3 -4 4 -6 -7 7 -9 -10 -11
leaf_value=-0.015620381595860973 0.00060151219367980961 -0.0035759246823055531 0.035294758765534923 0.022060960930372991 0.00052040203505991189 -0.019883871851144014 0.020134125006967225 -0.0039886706298397434 -0.024811148843062777 0.0032090082845610125
leaf_weight=38 32 52 22 21 240 27 25 31 21 23
leaf_count=38 32 52 22 21 240 27 25 31 21 23
internal_value=0 0.00174466 0.0147358 -0.000355705 0.00225355 -0.00470089 -0.00119712 0.00678043 -0.00968469 -0.00852078
internal_weight=0 388 54 334 261 144 117 56 73 61
internal_count=532 388 54 334 261 144 117 56 73 61
is_linear=0
shrinkage=0.1


Tree=48
num_leaves=6
num_cat=0
split_feature=77 71 71 51 58
split_gain=0.398267 0.717202 0.499661 0.862475 0.57174
threshold=3.2384861814448418 6.3421152195158905 5.5797227059640084 4.8282817362782584 5.6418819206652282
decision_type=2 2 2 2 2
left_child=1 2 3 -1 -4
right_child=-2 -3 4 -5 -6
leaf_value=0.0011739482154446814 0.012070348815849195 -0.017134057432413103 0.015294978930073422 -0.010204544489217156 -0.0008300329975059463
leaf_weight=308 26 25 43 85 45
leaf_count=308 26 25 43 85 45
internal_value=0 -0.000620216 0.000238092 -0.00128705 0.00704923
internal_weight=0 506 481 393 88
internal_count=532 506 481 393 88
is_linear=0
shrinkage=0.1


Tree=49
num_leaves=5
num_cat=0
split_feature=14 31 89 1
split_gain=0.41525 0.515873 0.616502 1.00571
threshold=7.4949786637559042 6.3421152195158905 1.8688348091416842 3.5549397315361362
decision_type=2 2 2 2
left_child=1 2 -1 -4
right_child=-2 -3 3 -5
leaf_value=-0.01457181515655032 0.010073280170265783 -0.012853042851819544 -0.0014948784281623589 0.01028318674526299
leaf_weight=27 38 33 342 92
leaf_count=27 38 33 342 92
internal_value=0 -0.000774868 8.97305e-05 0.00100185
internal_weight=0 494 461 434
internal_count=532 494 461 434
is_linear=0
shrinkage=0.1


Tree=50
num_leaves=6
num_cat=0
split_feature=33 41 80 75 76
split_gain=0.383431 0.515253 0.562884 0.874377 0.399455
threshold=7.3170395417176755 6.3025585929177081 9.4972414397771683 5.3374918497535253 3.9316333620047872
decision_type=2 2 2 2 2
left_child=1 2 3 -1 -4
right_child=-2 -3 4 -5 -6
leaf_value=0.000178796406885168 0.01324307056853459 -0.013259103081654759 -0.00098010937429287236 -0.018418728187680245 0.016215842150683914
leaf_weight=397 21 30 22 27 35
leaf_count=397 21 30 22 27 35
internal_value=0 -0.000544236 0.000248791 -0.00100548 0.00957881
internal_weight=0 511 481 424 57
internal_count=532 511 481 424 57
is_linear=0
shrinkage=0.1


Tree=51
num_leaves=10
num_cat=0
split_feature=24 34 86 59 68 49 3 89 69
split_gain=0.37407 1.10253 0.773488 0.80596 0.728105 0.704873 0.378884 0.47839 0.372127
threshold=5.5333816772649813 5.2337752898422689 2.191013317336941 2.8314802400679731 3.5408542930527882 1.4978661367769959 3.3667009459186801 3.2769667020129059 5.6868316988183611
decision_type=2 2 2 2 2 2 2 2 2
left_child=1 2 5 -4 -2 -1 7 -6 -8
right_child=4 -3 3 -5 6 -7 8 -9 -10
leaf_value=0.0035479981949351532 0.02074990657468637 -0.019028627925685476 0.020893480764546744 0.00051722785098139536 -0.017877781000875292 -0.009246039278895675 0.0054845474118363534 0.0019405568905720681 -0.008233557126241858
leaf_weight=74 21 35 30 55 21 103 141 29 23
leaf_count=74 21 35 30 55 21 103 141 29 23
internal_value=0 -0.00235872 -0.000131825 0.00770885 0.00298102 -0.00389712 0.00123735 -0.00638315 0.00356067
internal_weight=0 297 262 85 235 177 214 50 164
internal_count=532 297 262 85 235 177 214 50 164
is_linear=0
shrinkage=0.1


Tree=52
num_leaves=9
num_cat=0
split_feature=63 30 12 3 36 87 29 12
split_gain=0.371431 0.989868 0.72182 1.28475 0.627796 0.43579 0.57297 0.883861
threshold=4.1742689126930488 6.2970669235549011 1.8688348091416842 2.5619819897016298 1.2424533248940006 0.8958797346140277 2.8314802400679731 2.4414009612931857
decision_type=2 2 2 2 2 2 2 2
left_child=5 -2 4 -4 -3 6 7 -1
right_child=1 2 3 -5 -6 -7 -8 -9
leaf_value=0.00016235750535446587 0.02271884575131394 -0.014015156845138833 0.018936775789535162 -4.2411075941375134e-06 0.0043793440846327161 -0.015303239274513106 0.011152261436951381 -0.023391925896118798
leaf_weight=66 21 55 42 243 28 29 27 21
leaf_count=66 21 55 42 243 28 29 27 21
internal_value=0 0.00160205 0.000397016 0.00278707 -0.00780978 -0.00435803 -0.00157372 -0.00552316
internal_weight=0 389 368 285 83 143 114 87
internal_count=532 389 368 285 83 143 114 87
is_linear=0
shrinkage=0.1


Tree=53
num_leaves=10
num_cat=0
split_feature=81 4 88 64 7 45 30 15 54
split_gain=0.348229 0.892331 1.82904 1.13205 0.947078 0.55234 0.690517 0.450657 0.389443
threshold=2.602003343538398 1.4978661367769959 3.6505739029280164 2.9430520157250784 1.2424533248940006 2.1383330595080281 6.3664173042972605 3.5549397315361362 4.234001473612734
decision_type=2 2 2 2 2 2 2 2 2
left_child=5 2 4 -3 -2 6 -1 -7 -5
right_child=1 3 -4 8 -6 7 -8 -9 -10
leaf_value=-0.0090538039679328598 -0.011417477826812659 -0.021884568916478508 0.03535026984966614 0.013190576278493214 0.013181931072133869 -0.019605889372178355 0.01190853606500296 -0.0023945716177595075 -0.00035316990064187116
leaf_weight=30 29 24 22 23 34 32 33 29 276
leaf_count=30 29 24 22 23 34 32 33 29 276
internal_value=0 0.00141045 0.0105269 -0.000988611 0.00185839 -0.00464083 0.00192647 -0.0114235 0.000688657
internal_weight=0 408 85 323 63 124 63 61 299
internal_count=532 408 85 323 63 124 63 61 299
is_linear=0
shrinkage=0.1


Tree=54
num_leaves=6
num_cat=0
split_feature=57 71 73 30 80
split_gain=0.32738 0.491378 0.351414 0.776488 0.503203
threshold=3.3140206880897671 6.4536138387458246 4.1742689126930488 6.2970669235549011 6.380116791391317
decision_type=2 2 2 2 2
left_child=1 2 4 -4 -1
right_child=-2 -3 3 -5 -6
leaf_value=0.0026813844011889564 0.011412917547083151 -0.015157014946453273 0.019612773410651999 0.00058792674483192737 -0.0092348807738565006
leaf_weight=63 24 22 23 319 81
leaf_count=63 24 22 23 319 81
internal_value=0 -0.000539193 0.000122519 0.00186738 -0.00402151
internal_weight=0 508 486 342 144
internal_count=532 508 486 342 144
is_linear=0
shrinkage=0.1


Tree=55
num_leaves=7
num_cat=0
split_feature=76 7 16 49 24 6
split_gain=0.312538 0.549208 0.616868 0.529587 0.603044 0.551779
threshold=4.8559213341406453 4.465842055365858 3.3497501700808394 3.8064155152036787 5.7169411288148888 2.3502401828962087
decision_type=2 2 2 2 2 2
left_child=1 3 -3 5 -5 -1
right_child=-2 2 -4 4 -6 -7
leaf_value=0.0010091164869499157 0.010094395170694796 -0.021201710610722121 0.00018910353870264123 0.017538385326042773 0.0020049252054536518 -0.0082073547075117905
leaf_weight=221 29 26 28 33 103 92
leaf_count=221 29 26 28 33 103 92
internal_value=0 -0.000581983 -0.0101102 0.000563947 0.00577407 -0.00169988
internal_weight=0 503 54 449 136 313
internal_count=532 503 54 449 136 313
is_linear=0
shrinkage=0.1


Tree=56
num_leaves=11
num_cat=0
split_feature=71 80 41 2 29 18 44 73 30 73
split_gain=0.303797 0.926167 1.20379 0.759673 0.817045 0.582891 0.502426 0.655833 0.780701 0.393214
threshold=2.9174053685313028 7.1196304013462752 3.3497501700808394 1.8688348091416842 2.6735537653587347 2.524928003624769 3.1345481418531311 3.6105525490912482 6.4052270920020655 4.5538214868689204
decision_type=2 2 2 2 2 2 2 2 2 2
left_child=6 2 -2 5 -5 -3 7 8 -1 -8
right_child=1 3 -4 4 -6 -7 9 -9 -10 -11
leaf_value=-0.013708961809820988 0.030954030684559892 -0.00057757451879576998 0.00096116995027841769 0.019658023248548095 -3.7635606899857519e-05 -0.021370948858592392 -0.017681637168040172 0.015466157021000982 0.010814091981280529 -0.0027844755708969927
leaf_weight=34 23 26 32 23 250 28 34 24 21 37
leaf_count=34 23 26 32 23 250 28 34 24 21 37
internal_value=0 0.00149744 0.0135036 -0.000521951 0.00162171 -0.0113593 -0.00381348 0.00167315 -0.00434561 -0.00991833
internal_weight=0 382 55 327 273 54 150 79 55 71
internal_count=532 382 55 327 273 54 150 79 55 71
is_linear=0
shrinkage=0.1


Tree=57
num_leaves=9
num_cat=0
split_feature=24 34 36 14 68 83 78 24
split_gain=0.296985 0.820649 0.615227 0.655072 0.493527 0.291679 0.550977 0.183627
threshold=5.5333816772649813 5.2337752898422689 3.6105525490912482 5.2626767655455557 3.5408542930527882 6.4085274340177412 5.6057750326932236 6.9856379667342674
decision_type=2 2 2 2 2 2 2 2
left_child=1 2 3 -1 -2 6 -6 -7
right_child=4 -3 -4 -5 5 7 -8 -9
leaf_value=-1.6717561724497015e-05 0.0172853135725572 -0.016483612028615816 0.015440325017856516 -0.018126048440833323 0.0015409672286991469 0.002161204044161172 -0.014893351526310048 0.013856083178892732
leaf_weight=217 21 35 23 22 136 29 24 25
leaf_count=217 21 35 23 22 136 29 24 25
internal_value=0 -0.00210168 -0.000180432 -0.00168369 0.00265617 0.0012206 -0.000924181 0.0075755
internal_weight=0 297 262 239 235 214 160 54
internal_count=532 297 262 239 235 214 160 54
is_linear=0
shrinkage=0.1


Tree=58
num_leaves=10
num_cat=0
split_feature=63 23 20 41 18 12 13 41 8
split_gain=0.289328 0.715978 0.646238 1.3368 0.582352 0.308811 0.732174 0.521059 0.391422
threshold=4.1742689126930488 3.9701138825728512 7.480145263738696 3.7132745361986528 2.524928003624769 2.4414009612931857 4.886575525404063 2.8314802400679731 2.8029010331479989
decision_type=2 2 2 2 2 2 2 2 2
left_child=5 -2 4 -4 -3 7 -7 8 -1
right_child=1 2 3 -5 -6 6 -8 -9 -10
leaf_value=-0.011656503388896967 0.016254888311959804 0.0037789473844761102 0.02495037289966907 0.00028027426343569427 -0.014511296942673283 -0.020561261675802286 0.0033303708931350195 0.010456662727519869 0.0050253248032690453
leaf_weight=39 30 27 24 259 49 29 23 30 22
leaf_count=39 30 27 24 259 49 29 23 30 22
internal_value=0 0.00141395 0.000173755 0.00237244 -0.00801345 -0.00384633 -0.00999381 -0.000333479 -0.00564011
internal_weight=0 389 359 283 76 143 52 91 61
internal_count=532 389 359 283 76 143 52 91 61
is_linear=0
shrinkage=0.1


Tree=59
num_leaves=5
num_cat=0
split_feature=88 63 82 19
split_gain=0.268221 0.365099 0.479985 0.368545
threshold=1.2424533248940004 6.8053391632106601 5.2574411156119085 2.524928003624769
decision_type=2 2 2 2
left_child=-1 2 3 -2
right_child=1 -3 -4 -5
leaf_value=-0.010810959398407829 -0.00289289043409461 0.010174989332962368 -0.013480229116976262 0.0029233638656823418
leaf_weight=22 187 36 26 261
leaf_count=22 187 36 26 261
internal_value=0 0.000466355 -0.000271009 0.000495597
internal_weight=0 510 474 448
internal_count=532 510 474 448
is_linear=0
shrinkage=0.1


Tree=60
num_leaves=8
num_cat=0
split_feature=78 85 71 51 11 68 9
split_gain=0.258339 0.969483 0.769005 0.493125 0.981368 0.554254 0.273509
threshold=5.7745322557930514 5.9661335897068684 5.5797227059640084 4.8282817362782584 4.6001450180613412 4.8201514758423682 4.6819597299522426
decision_type=2 2 2 2 2 2 2
left_child=2 -2 3 5 -5 -1 -4
right_child=1 -3 6 4 -6 -7 -8
leaf_value=0.0022874935582857777 -0.017621997951396875 0.0050375322777232749 0.019900722882669905 -0.025644368542866277 -0.0011614153308073583 -0.014542322401844322 0.0061512640502769502
leaf_weight=287 35 41 23 22 64 21 39
leaf_count=287 35 41 23 22 64 21 39
internal_value=0 -0.00539778 0.00089963 -0.000729403 -0.0074245 0.00114001 0.0112519
internal_weight=0 76 456 394 86 308 62
internal_count=532 76 456 394 86 308 62
is_linear=0
shrinkage=0.1


Tree=61
num_leaves=8
num_cat=0
split_feature=63 30 28 38 87 29 12
split_gain=0.24812 0.667939 0.538172 0.770335 0.27417 0.386269 0.577247
threshold=4.1742689126930488 6.2970669235549011 2.6735537653587347 3.3667009459186801 0.8958797346140277 2.8314802400679731 2.4414009612931857
decision_type=2 2 2 2 2 2 2
left_child=4 -2 -3 -4 5 6 -1
right_child=1 2 3 -5 -6 -7 -8
leaf_value=-1.4872967519543388e-06 0.018655725431051994 -0.011864830492854569 0.019181391523908017 0.00021778525555512319 -0.01224341752722153 0.0090954454253531162 -0.019036742984982476
leaf_weight=66 21 33 23 312 29 27 21
leaf_count=66 21 33 23 312 29 27 21
internal_value=0 0.00130939 0.000319515 0.00151976 -0.0035619 -0.00135345 -0.0045962
internal_weight=0 389 368 335 143 114 87
internal_count=532 389 368 335 143 114 87
is_linear=0
shrinkage=0.1


Tree=62
num_leaves=6
num_cat=0
split_feature=14 31 83 7 73
split_gain=0.223797 0.446655 0.438346 0.54108 0.119598
threshold=7.4949786637559042 6.3421152195158905 6.4952609922484532 4.465842055365858 6.8606438933584526
decision_type=2 2 2 2 2
left_child=1 2 3 -1 -4
right_child=-2 -3 4 -5 -6
leaf_value=0.00018367197153658509 0.007395082883426528 -0.011807548528480712 0.015311504705321222 -0.014711814262689308 0.0046389725680152571
leaf_weight=393 38 33 21 26 21
leaf_count=393 38 33 21 26 21
internal_value=0 -0.000568853 0.000235653 -0.00074063 0.00997524
internal_weight=0 494 461 419 42
internal_count=532 494 461 419 42
is_linear=0
shrinkage=0.1


Tree=63
num_leaves=6
num_cat=0
split_feature=31 41 80 75 76
split_gain=0.246205 0.491215 0.443293 0.614528 0.28096
threshold=6.8249156729561413 6.3025585929177081 9.4972414397771683 5.3374918497535253 3.9316333620047872
decision_type=2 2 2 2 2
left_child=1 2 3 -1 -4
right_child=-2 -3 4 -5 -6
leaf_value=0.00016314570698387347 0.0098973480286076668 -0.013342539565305093 -0.00029332840984517883 -0.015429201653158224 0.014128306762847518
leaf_weight=396 24 28 22 27 35
leaf_count=396 24 28 22 27 35
internal_value=0 -0.000467591 0.000283447 -0.000832111 0.00856206
internal_weight=0 508 480 423 57
internal_count=532 508 480 423 57
is_linear=0
shrinkage=0.1


Tree=64
num_leaves=9
num_cat=0
split_feature=88 25 58 74 86 20 36 11
split_gain=0.224911 0.318187 0.548707 1.38688 0.497499 0.491036 0.361396 0.0540144
threshold=1.2424533248940004 5.1119152036137292 4.9052473428434826 6.5659667189720521 2.191013317336941 9.391231760337158 4.9628201785886317 5.4337124689388192
decision_type=2 2 2 2 2 2 2 2
left_child=-1 2 4 -4 -2 7 -7 -3
right_child=1 5 3 -5 -6 6 -8 -9
leaf_value=-0.0098997295749458404 -0.0022971227873737616 0.010013187579101041 -0.025988135185824442 0.0049571221034663418 0.0059319038508448083 -0.0032026029826903884 0.011858943601449332 0.017185517245282732
leaf_weight=22 210 21 28 30 113 66 21 21
leaf_count=22 210 21 28 30 113 66 21 21
internal_value=0 0.000427047 -0.00102636 -0.00998197 0.000581763 0.00471968 0.000432943 0.0135994
internal_weight=0 510 381 58 323 129 87 42
internal_count=532 510 381 58 323 129 87 42
is_linear=0
shrinkage=0.1


Tree=65
num_leaves=8
num_cat=0
split_feature=78 71 85 4 7 19 54
split_gain=0.222483 0.648616 0.633567 0.395538 0.98999 0.651237 0.266356
threshold=5.7745322557930514 5.5797227059640084 5.9661335897068684 1.4978661367769959 0.8958797346140277 2.524928003624769 6.8865269473837794
decision_type=2 2 2 2 2 2 2
left_child=1 3 -2 4 -1 -5 -3
right_child=2 6 -4 5 -6 -7 -8
leaf_value=-0.0025012864990402823 -0.014891258310526609 0.019500675034664929 0.0034267072937814746 -0.013258402328938247 0.013432358808310355 -0.00045207421630731831 0.0056514399580475765
leaf_weight=115 35 21 41 52 59 168 41
leaf_count=115 35 21 41 52 59 168 41
internal_value=0 0.000834866 -0.0050092 -0.000661229 0.0029015 -0.00347902 0.0103423
internal_weight=0 456 76 394 174 220 62
internal_count=532 456 76 394 174 220 62
is_linear=0
shrinkage=0.1


Tree=66
num_leaves=9
num_cat=0
split_feature=63 23 20 41 69 74 64 51
split_gain=0.208962 0.567664 0.483949 1.09004 0.488192 0.274072 0.507516 0.408079
threshold=4.1742689126930488 3.9701138825728512 7.480145263738696 3.7132745361986528 2.6735537653587347 3.9316333620047872 3.3296469598418192 2.602003343538398
decision_type=2 2 2 2 2 2 2 2
left_child=5 -2 4 -4 -3 6 7 -1
right_child=1 2 3 -5 -6 -7 -8 -9
leaf_value=0.0014103506129445895 0.014416332847128314 -0.001208150331862271 0.022387883858755231 0.00011079753749072553 -0.018102062353864311 -0.011261654230342671 0.013112531086829091 -0.012386436982908184
leaf_weight=53 30 50 24 259 26 33 21 36
leaf_count=53 30 50 24 259 26 33 21 36
internal_value=0 0.00120163 9.73388e-05 0.00200002 -0.00698765 -0.00326877 -0.000870909 -0.00417037
internal_weight=0 389 359 283 76 143 110 89
internal_count=532 389 359 283 76 143 110 89
is_linear=0
shrinkage=0.1


Tree=67
num_leaves=10
num_cat=0
split_feature=81 4 88 24 64 45 30 0 78
split_gain=0.195061 0.574968 1.22524 0.727489 0.695294 0.350656 0.525639 0.303179 0.258048
threshold=2.602003343538398 1.4978661367769959 3.6505739029280164 1.9356005054539456 2.9430520157250784 2.1383330595080281 6.2970669235549011 1.8688348091416842 5.7525675997475831
decision_type=2 2 2 2 2 2 2 2 2
left_child=5 2 3 -2 -3 6 -1 -7 -6
right_child=1 4 -4 -5 8 7 -8 -9 -10
leaf_value=-0.0091371804977265682 0.014097745261656551 -0.017246316218127809 0.028690461177294232 -0.0077293443845937379 0.0022047744996168397 -0.014752533872767041 0.0094163410132750876 -0.00041768787428736692 -0.0044580896756364194
leaf_weight=26 26 24 22 37 220 36 37 25 79
leaf_count=26 26 24 22 37 220 36 37 25 79
internal_value=0 0.00105563 0.00837348 0.00127866 -0.000870125 -0.00347335 0.00175933 -0.0088776 0.000444352
internal_weight=0 408 85 63 323 124 63 61 299
internal_count=532 408 85 63 323 124 63 61 299
is_linear=0
shrinkage=0.1


Tree=68
num_leaves=8
num_cat=0
split_feature=44 55 53 15 36 22 14
split_gain=0.196621 0.650353 0.595894 0.520047 0.559181 0.285328 0.528686
threshold=3.1345481418531311 1.8688348091416842 3.9316333620047872 1.0397207708399181 1.2424533248940006 0.8958797346140277 3.7609296261008152
decision_type=2 2 2 2 2 2 2
left_child=2 -2 3 -1 -5 -3 -7
right_child=1 5 -4 4 -6 6 -8
leaf_value=-0.012131517215831472 -0.013161735952307935 -0.0096369238967006967 0.014542975361858097 -0.003089256730635424 0.017042881906540557 0.016413357281791312 3.7339607923239563e-05
leaf_weight=28 40 27 35 37 22 21 322
leaf_count=28 40 27 35 37 22 21 322
internal_value=0 -0.00104869 0.00352428 -0.000908524 0.00441764 0.000260829 0.00103995
internal_weight=0 410 122 87 59 370 343
internal_count=532 410 122 87 59 370 343
is_linear=0
shrinkage=0.1


Tree=69
num_leaves=8
num_cat=0
split_feature=89 25 5 30 75 56 56
split_gain=0.195965 0.274861 0.482087 0.434508 0.406715 0.291019 0.11527
threshold=1.4978661367769956 5.1119152036137292 4.4187680230537838 9.4844049143665856 5.1119152036137292 3.7132745361986528 3.5549397315361362
decision_type=2 2 2 2 2 2 2
left_child=-1 2 4 6 -2 -5 -3
right_child=1 3 -4 5 -6 -7 -8
leaf_value=-0.0074632338784409299 -0.0010713586870433405 0.017766831493513151 -0.015564915268415852 -0.008449250939660348 0.010428773940486066 0.0044673942679644757 0.0074089258731830686
leaf_weight=33 322 22 21 26 34 53 21
leaf_count=33 322 22 21 26 34 53 21
internal_value=0 0.000493561 -0.000841545 0.00461925 2.69686e-05 0.000216346 0.0127083
internal_weight=0 499 377 122 356 79 43
internal_count=532 499 377 122 356 79 43
is_linear=0
shrinkage=0.1


Tree=70
num_leaves=10
num_cat=0
split_feature=4 7 85 20 43 10 1 76 56
split_gain=0.20493 0.736621 1.22922 0.680916 0.677971 0.377755 0.28825 0.512627 0.351957
threshold=1.4978661367769959 0.8958797346140277 3.1345481418531311 7.3287612361611201 3.7132745361986528 6.5792357796731817 2.191013317336941 2.191013317336941 2.191013317336941
decision_type=2 2 2 2 2 2 2 2 2
left_child=1 3 -3 5 -2 -1 7 -6 -8
right_child=4 2 -4 -5 6 -7 8 -9 -10
leaf_value=-0.0008768807435262715 -0.017254875293001532 0.028153152907123936 -0.00073125904891639952 0.011069243866950275 -0.017346921779215336 -0.014422397914209538 0.0068586720323020774 0.0023541351431049409 -0.0010869164922329975
leaf_weight=50 25 26 34 30 25 35 77 28 202
leaf_count=50 25 26 34 30 25 35 77 28 202
internal_value=0 0.00280325 0.0117853 -0.00188305 -0.00137414 -0.00645445 -0.000178303 -0.00693882 0.00110595
internal_weight=0 175 60 115 357 85 332 53 279
internal_count=532 175 60 115 357 85 332 53 279
is_linear=0
shrinkage=0.1


Tree=71
num_leaves=7
num_cat=0
split_feature=12 71 49 80 58 10
split_gain=0.188448 0.444691 0.306062 0.239499 0.622167 0.180063
threshold=4.9628201785886317 6.3715753202201162 5.4160905255636633 9.4844049143665856 4.9344480538832558 9.9434169163727955
decision_type=2 2 2 2 2 2
left_child=1 3 5 4 -1 -2
right_child=2 -3 -4 -5 -6 -7
leaf_value=0.00068024568088951199 0.016290192593905059 -0.01501671670093423 -0.0025609895328266756 0.0080720031471697221 -0.011466688193225612 0.0038856841847300532
leaf_weight=347 22 21 36 33 48 25
leaf_count=347 22 21 36 33 48 25
internal_value=0 -0.0008092 0.00437748 -0.000112102 -0.000795837 0.00969205
internal_weight=0 449 83 428 395 47
internal_count=532 449 83 428 395 47
is_linear=0
shrinkage=0.1


Tree=72
num_leaves=10
num_cat=0
split_feature=73 43 31 41 80 51 71 53 28
split_gain=0.189914 0.460992 0.429598 0.901262 0.360132 0.374451 0.372219 0.7161 0.325046
threshold=4.1742689126930488 4.3693677306817369 3.2180751841847144 3.9219243190762363 6.380116791391317 2.8314802400679731 3.2951505240983434 3.2180751841847144 2.9174053685313028
decision_type=2 2 2 2 2 2 2 2 2
left_child=4 -2 8 -4 5 -1 7 -6 -3
right_child=1 2 3 -5 6 -7 -8 -9 -10
leaf_value=-0.0030782681049370186 0.011178789426368185 -0.01471424000396397 0.020229540035749477 -4.0372722900892595e-05 -0.0019895430747419599 0.013093765793812715 0.00025964358023234773 -0.027038302101815744 -0.00083246818252813979
leaf_weight=41 41 31 24 255 25 22 35 21 37
leaf_count=41 41 31 24 255 25 22 35 21 37
internal_value=0 0.00115103 -3.38007e-05 0.00170328 -0.0031014 0.00256911 -0.0075118 -0.0134248 -0.00716092
internal_weight=0 388 347 279 144 63 81 46 68
internal_count=532 388 347 279 144 63 81 46 68
is_linear=0
shrinkage=0.1


Tree=73
num_leaves=5
num_cat=0
split_feature=47 37 0 4
split_gain=0.184526 0.497787 0.429033 0.23216
threshold=3.3140206880897671 2.9700856263602158 4.5950688323293329 1.4978661367769959
decision_type=2 2 2 2
left_child=1 2 3 -1
right_child=-2 -3 -4 -5
leaf_value=0.0024932702592449524 0.0083870080113410943 -0.013625196757277958 0.012575529032835254 -0.0021714471530805599
leaf_weight=172 25 27 27 281
leaf_count=172 25 27 27 281
internal_value=0 -0.000413561 0.000329594 -0.000400296
internal_weight=0 507 480 453
internal_count=532 507 480 453
is_linear=0
shrinkage=0.1


Tree=74
num_leaves=6
num_cat=0
split_feature=23 50 60 30 30
split_gain=0.177722 0.467873 0.44622 0.739018 0.348825
threshold=1.5890269151739729 6.1158701961393769 6.4891310167150369 6.5595510325509787 6.4891310167150369
decision_type=2 2 2 2 2
left_child=4 -2 -3 -4 -1
right_child=1 2 3 -5 -6
leaf_value=-0.015382333880379087 0.011514545431257123 -0.010279055003349375 0.018492066403004256 -0.00034582816061372751 0.0026360978012565863
leaf_weight=21 36 41 22 390 22
leaf_count=21 36 41 22 390 22
internal_value=0 0.000541994 -0.000329997 0.000660079 -0.0061636
internal_weight=0 489 453 412 43
internal_count=532 489 453 412 43
is_linear=0
shrinkage=0.1


Tree=75
num_leaves=6
num_cat=0
split_feature=76 75 75 8 51
split_gain=0.177594 0.371812 0.589259 0.494027 0.275018
threshold=4.8559213341406453 5.5872416446462791 5.3890613045707267 5.1357292281083566 4.8282817362782584
decision_type=2 2 2 2 2
left_child=1 2 4 -3 -1
right_child=-2 3 -4 -5 -6
leaf_value=0.0013723104050076657 0.0076092810787517454 -0.020162502090845788 0.016928126454530731 -0.0013012849589491764 -0.0043063866849127816
leaf_weight=301 29 21 21 41 119
leaf_count=301 29 21 21 41 119
internal_value=0 -0.000438706 0.000580717 -0.00768976 -0.000236654
internal_weight=0 503 441 62 420
internal_count=532 503 441 62 420
is_linear=0
shrinkage=0.1


Tree=76
num_leaves=9
num_cat=0
split_feature=63 30 28 38 12 37 7 30
split_gain=0.176047 0.441019 0.324932 0.440256 0.240169 0.41805 0.35845 0.248148
threshold=4.1742689126930488 6.2970669235549011 2.6735537653587347 3.3667009459186801 2.4414009612931857 0.8958797346140277 1.4978661367769959 6.2633529090608215
decision_type=2 2 2 2 2 2 2 2
left_child=4 -2 -3 -4 6 -6 7 -1
right_child=1 2 3 -5 5 -7 -8 -9
leaf_value=-0.0088037034423139541 0.015198038006201387 -0.0091689509408421476 0.014583144707443275 0.00024694641669600225 -0.017387950568921114 0.00054460761334317238 0.01155626588234944 0.0031482202568440701
leaf_weight=38 21 33 23 312 26 26 21 32
leaf_count=38 21 33 23 312 26 26 21 32
internal_value=0 0.00110294 0.000298598 0.00123122 -0.0030003 -0.00842167 9.76253e-05 -0.00333997
internal_weight=0 389 368 335 143 52 91 70
internal_count=532 389 368 335 143 52 91 70
is_linear=0
shrinkage=0.1


Tree=77
num_leaves=6
num_cat=0
split_feature=11 37 23 58 30
split_gain=0.168759 0.242056 0.357671 0.515313 0.273585
threshold=6.8596143531198264 2.9174053685313028 6.1047832673922153 4.9199542854466296 9.4844049143665856
decision_type=2 2 2 2 2
left_child=1 2 3 -1 -4
right_child=-2 -3 4 -5 -6
leaf_value=0.00061774573074355069 0.008785741055561673 -0.0083873835684997698 0.015767567803192398 -0.0092219382494924569 0.0024574284382323005
leaf_weight=343 21 35 23 63 47
leaf_count=343 21 35 23 63 47
internal_value=0 -0.000361058 0.000229113 -0.000909102 0.00683076
internal_weight=0 511 476 406 70
internal_count=532 511 476 406 70
is_linear=0
shrinkage=0.1


Tree=78
num_leaves=6
num_cat=0
split_feature=57 37 24 45 60
split_gain=0.163765 0.292276 0.320312 0.378243 0.224649
threshold=3.3140206880897671 2.9174053685313028 6.2970262196486599 3.7132745361986528 8.7443149354568295
decision_type=2 2 2 2 2
left_child=1 2 3 -1 -4
right_child=-2 -3 4 -5 -6
leaf_value=0.0012885855237408051 0.0080719995467613149 -0.00995589978992939 0.014222072348708198 -0.005344554358389755 0.0027476534260191272
leaf_weight=228 24 30 21 138 91
leaf_count=228 24 30 21 138 91
internal_value=0 -0.000381354 0.000219559 -0.00121243 0.00489911
internal_weight=0 508 478 366 112
internal_count=532 508 478 366 112
is_linear=0
shrinkage=0.1


Tree=79
num_leaves=11
num_cat=0
split_feature=65 65 61 83 53 63 65 30 83 83
split_gain=0.171723 0.412527 1.00542 0.47733 0.423238 0.317024 0.307732 0.291217 0.470611 0.297276
threshold=2.249904835165133 3.2384861814448418 2.8314802400679731 4.465842055365858 5.0172579074712669 4.6586997221347959 3.7132745361986528 6.5147115934776361 3.4960482137079443 3.0433873634561537
decision_type=2 2 2 2 2 2 2 2 2 2
left_child=5 2 -2 6 -5 7 -3 8 -1 -9
right_child=1 3 -4 4 -6 -7 -8 9 -10 -11
leaf_value=-0.017406260040366935 -0.0032230701776487488 -0.01744487401421951 0.021724900275003164 0.012022290969704927 -3.5442835354408337e-05 -0.012849164014268253 -0.002993133795879236 0.012930613914099727 0.0035225470402193344 -0.002180381678044796
leaf_weight=21 35 23 30 33 247 27 41 23 22 30
leaf_count=21 35 23 30 33 247 27 41 23 22 30
internal_value=0 0.000985257 0.00829138 -0.00039526 0.00138565 -0.00327618 -0.00818673 -0.000583779 -0.0066985 0.00437722
internal_weight=0 409 65 344 280 123 64 96 43 53
internal_count=532 409 65 344 280 123 64 96 43 53
is_linear=0
shrinkage=0.1


Tree=80
num_leaves=6
num_cat=0
split_feature=76 75 49 75 41
split_gain=0.155379 0.323435 0.488039 0.478278 0.215292
threshold=4.744894319750431 5.5528393853898175 4.9557278610926536 5.3612811448469326 3.7132745361986528
decision_type=2 2 2 2 2
left_child=1 3 -3 4 -1
right_child=-2 2 -4 -5 -6
leaf_value=0.0021033649503078779 0.0063435124129884784 -0.01919719367102847 -0.00048177448272901147 0.01521038499971231 -0.0024549387510172851
leaf_weight=200 36 22 38 21 215
leaf_count=200 36 22 38 21 215
internal_value=0 -0.000460416 -0.00734409 0.000486879 -0.000258166
internal_weight=0 496 60 436 415
internal_count=532 496 60 436 415
is_linear=0
shrinkage=0.1


Tree=81
num_leaves=10
num_cat=0
split_feature=81 41 59 11 64 44 30 74 10
split_gain=0.160619 0.347372 0.926748 0.619335 0.413571 0.288566 0.299758 0.255012 0.238825
threshold=2.602003343538398 3.3497501700808394 2.9174053685313028 3.1567740231385479 2.9430520157250784 3.1345481418531311 6.2633529090608215 4.2625806805327082 7.5070311474101858
decision_type=2 2 2 2 2 2 2 2 2
left_child=5 2 3 -2 -3 6 -1 -7 -6
right_child=1 4 -4 -5 8 7 -8 -9 -10
leaf_value=-0.0051453888044512321 0.0059609901662425781 -0.012386726610431519 -0.0090834462889828362 0.027359693728032566 0.0085606776361325486 -0.014362722100509751 0.008876584228128195 -0.0016366493269742933 -0.00046439413344239664
leaf_weight=31 38 27 26 21 33 31 30 32 263
leaf_count=31 38 27 26 21 33 31 30 32 263
internal_value=0 0.000957909 0.0066459 0.0135775 -0.000538932 -0.00315183 0.00175066 -0.00789869 0.000541779
internal_weight=0 408 85 59 323 124 61 63 296
internal_count=532 408 85 59 323 124 61 63 296
is_linear=0
shrinkage=0.1


Tree=82
num_leaves=11
num_cat=0
split_feature=49 58 1 68 74 43 3 57 13 46
split_gain=0.157373 0.464408 0.726497 0.546978 0.516698 0.439925 0.340216 0.37216 0.312678 0.208156
threshold=3.5549397315361362 4.2045812236012674 2.5619819897016298 3.7012257604091228 4.356379987480107 4.8282817362782584 3.4960482137079443 1.8688348091416842 4.7790881836238563 2.6735537653587347
decision_type=2 2 2 2 2 2 2 2 2 2
left_child=1 3 -3 8 -5 -2 9 -8 -1 -7
right_child=5 2 -4 4 -6 6 7 -9 -10 -11
leaf_value=-0.0044997897123297053 0.014469274777919053 -0.021556682729472719 0.00041485223234357201 0.020821751423342073 5.3249042015522718e-05 -0.00057480649335221159 0.011461608867264456 3.7993138123835837e-07 0.0046266410222205413 -0.014654723137971901
leaf_weight=135 25 27 34 23 25 21 36 133 52 21
leaf_count=135 25 27 34 23 25 21 36 133 52 21
internal_value=0 -0.00153574 -0.00931025 0.00048232 0.0100048 0.00192619 0.000440039 0.00244183 -0.00196196 -0.00761476
internal_weight=0 296 61 235 48 236 211 169 187 42
internal_count=532 296 61 235 48 236 211 169 187 42
is_linear=0
shrinkage=0.1


Tree=83
num_leaves=9
num_cat=0
split_feature=36 89 83 50 36 49 88 36
split_gain=0.153865 0.47549 0.385884 0.418977 0.368535 0.486011 0.449763 0.355053
threshold=2.3502401828962087 2.9700856263602158 1.5890269151739729 6.232291670340838 2.6735537653587347 3.5549397315361362 3.6242520361853052 3.2951505240983434
decision_type=2 2 2 2 2 2 2 2
left_child=1 -1 -3 -4 -2 6 -6 -7
right_child=4 2 3 -5 5 7 -8 -9
leaf_value=-0.012338525727601439 0.0124012250132088 -0.012992099078283423 0.010604115438241607 -0.00080103384330868724 -0.018066832026670455 0.014882877385455438 0.00043970270539987191 0.0012615340061764531
leaf_weight=36 29 21 39 185 24 22 29 147
leaf_count=36 29 21 39 185 24 22 29 147
internal_value=0 -0.0016073 -3.04687e-05 0.00118468 0.00179941 0.000414487 -0.00794061 0.00303473
internal_weight=0 281 245 224 251 222 53 169
internal_count=532 281 245 224 251 222 53 169
is_linear=0
shrinkage=0.1


Tree=84
num_leaves=6
num_cat=0
split_feature=11 44 23 5 30
split_gain=0.15271 0.233236 0.266993 0.366333 0.313655
threshold=6.8596143531198264 7.430111324225007 6.1047832673922153 4.4425820475484112 9.5416264170123846
decision_type=2 2 2 2 2
left_child=1 2 3 -1 -4
right_child=-2 -3 4 -5 -6
leaf_value=-5.6112779539653851e-05 0.0083575571931543812 -0.008345610367627267 0.012812960884612574 -0.013326572195034136 -0.00032766520594939208
leaf_weight=382 21 34 34 22 39
leaf_count=382 21 34 34 22 39
internal_value=0 -0.000343461 0.000226923 -0.000778762 0.00579263
internal_weight=0 511 477 404 73
internal_count=532 511 477 404 73
is_linear=0
shrinkage=0.1


Tree=85
num_leaves=6
num_cat=0
split_feature=31 41 80 72 76
split_gain=0.135644 0.30303 0.305176 0.39527 0.174835
threshold=6.8249156729561413 6.2785196641509211 9.4972414397771683 4.5950688323293329 3.9316333620047872
decision_type=2 2 2 2 2
left_child=1 2 3 -1 -4
right_child=-2 -3 4 -5 -6
leaf_value=8.2149434428877897e-05 0.0073463294742396107 -0.0099276005260406017 0.00015601579480889168 -0.01340165888161763 0.011532462508018529
leaf_weight=397 24 31 22 23 35
leaf_count=397 24 31 22 23 35
internal_value=0 -0.000347071 0.000275563 -0.00065625 0.00714155
internal_weight=0 508 477 420 57
internal_count=532 508 477 420 57
is_linear=0
shrinkage=0.1


Tree=86
num_leaves=9
num_cat=0
split_feature=63 13 48 32 12 83 41 30
split_gain=0.135711 0.333192 0.263877 0.475375 0.212536 0.306979 0.306415 0.146207
threshold=4.1742689126930488 3.2951505240983434 2.6735537653587347 2.4414009612931857 2.1383330595080281 3.0433873634561537 2.8314802400679731 5.9813631934492228
decision_type=2 2 2 2 2 2 2 2
left_child=4 -2 -3 -4 6 -6 7 -1
right_child=1 2 3 -5 5 -7 -8 -9
leaf_value=-0.0089530095401978895 0.012643170323850506 0.009387989213754392 -0.0073402956491918307 0.0015253382157389972 0.000365943414228106 -0.014331763675436378 0.0093280243480371103 0.0010390170646132901
leaf_weight=27 23 29 79 258 27 30 27 32
leaf_count=27 23 29 79 258 27 30 27 32
internal_value=0 0.000968377 0.000234715 -0.000552956 -0.00263426 -0.00736969 0.000504348 -0.00353361
internal_weight=0 389 366 337 143 57 86 59
internal_count=532 389 366 337 143 57 86 59
is_linear=0
shrinkage=0.1


Tree=87
num_leaves=5
num_cat=0
split_feature=55 53 41 2
split_gain=0.135939 0.410983 0.302613 0.259187
threshold=6.5873071066013713 6.8053391632106601 6.2785196641509211 3.6632328069201612
decision_type=2 2 2 2
left_child=1 2 3 -1
right_child=-2 -3 -4 -5
leaf_value=-0.00084707982593460222 -0.0075198840795327798 0.013709020013497634 -0.010553231038567094 0.0050871901660803302
leaf_weight=368 23 22 27 92
leaf_count=368 23 22 27 92
internal_value=0 0.000339798 -0.00026415 0.000339774
internal_weight=0 509 487 460
internal_count=532 509 487 460
is_linear=0
shrinkage=0.1


Tree=88
num_leaves=5
num_cat=0
split_feature=81 83 7 65
split_gain=0.143548 0.244007 0.258931 0.24231
threshold=6.6707012585667238 6.5087680264540815 4.5107991236896536 4.8441560854355483
decision_type=2 2 2 2
left_child=1 2 3 -1
right_child=-2 -3 -4 -5
leaf_value=-0.00093791563131455943 -0.0072465627310940852 0.0088239786258782257 -0.0099000918258053197 0.0045165884208421565
leaf_weight=341 26 32 26 107
leaf_count=341 26 32 26 107
internal_value=0 0.000372353 -0.000198221 0.000364834
internal_weight=0 506 474 448
internal_count=532 506 474 448
is_linear=0
shrinkage=0.1


Tree=89
num_leaves=7
num_cat=0
split_feature=88 56 49 4 7 43
split_gain=0.136644 0.177939 0.283875 0.186081 0.523711 0.431183
threshold=1.2424533248940004 4.5430683842584392 5.4424083402947536 1.4978661367769959 1.4978661367769959 3.7132745361986528
decision_type=2 2 2 2 2 2
left_child=-1 3 -3 4 -2 -5
right_child=1 2 -4 5 -6 -7
leaf_value=-0.0077163799411871228 -0.00052102241033338088 0.014470269531011583 -0.0012559976913811019 -0.014360536027001217 0.01288683534469267 -0.00062211716321367277
leaf_weight=22 137 22 24 25 37 265
leaf_count=22 137 22 24 25 37 265
internal_value=0 0.000332863 0.00626526 -0.000255262 0.00233007 -0.00180646
internal_weight=0 510 46 464 174 290
internal_count=532 510 46 464 174 290
is_linear=0
shrinkage=0.1


Tree=90
num_leaves=7
num_cat=0
split_feature=78 85 46 42 44 71
split_gain=0.139365 0.400856 0.375661 0.247817 0.186719 0.355359
threshold=5.7525675997475831 5.9661335897068684 4.5430683842584392 5.2831908449625269 7.1814875516938956 5.609465086342035
decision_type=2 2 2 2 2 2
left_child=2 -2 4 -3 5 -1
right_child=1 3 -4 -5 -6 -7
leaf_value=-0.00032360028499413041 -0.011660848658680658 0.010412199121145976 0.013421978704123337 -0.0047750421270558781 -0.008362524691969157 0.010655981139279902
leaf_weight=374 36 21 22 22 25 32
leaf_count=374 36 21 22 22 25 32
internal_value=0 -0.00387576 0.000675906 0.00264198 2.52941e-05 0.000541785
internal_weight=0 79 453 43 431 406
internal_count=532 79 453 43 431 406
is_linear=0
shrinkage=0.1


Tree=91
num_leaves=9
num_cat=0
split_feature=44 14 81 29 63 30 46 25
split_gain=0.124527 0.39246 0.308759 0.467156 0.290779 0.250018 0.237079 0.212559
threshold=3.1345481418531311 2.7058230259275202 2.602003343538398 2.6735537653587347 3.9316333620047872 6.2633529090608215 1.2424533248940006 2.9174053685313028
decision_type=2 2 2 2 2 2 2 2
left_child=4 -2 6 -4 5 7 -3 -1
right_child=1 2 3 -5 -6 -7 -8 -9
leaf_value=-0.012675332551060077 -0.013827599686258261 -0.00043323319084171596 0.0096863190599559071 -0.00056099880643855921 0.010063247968700078 0.0051082069122391502 -0.013220055342515417 0.0013900830995269297
leaf_weight=22 22 29 53 277 38 41 29 21
leaf_count=22 22 29 53 277 38 41 29 21
internal_value=0 -0.000834572 -9.78534e-05 0.00108478 0.00280471 -0.000478918 -0.00682664 -0.00580618
internal_weight=0 410 388 330 122 84 58 43
internal_count=532 410 388 330 122 84 58 43
is_linear=0
shrinkage=0.1


Tree=92
num_leaves=5
num_cat=0
split_feature=81 83 78 46
split_gain=0.116463 0.180872 0.215396 0.31955
threshold=6.6707012585667238 6.4952609922484532 5.7745322557930514 4.5430683842584392
decision_type=2 2 2 2
left_child=1 2 3 -1
right_child=-2 -3 -4 -5
leaf_value=-0.00021602074193824615 -0.0065271938792788066 0.0073797467483125408 -0.0083717585122212775 0.012423482700251044
leaf_weight=421 26 34 30 21
leaf_count=421 26 34 30 21
internal_value=0 0.000335389 -0.000172043 0.000384499
internal_weight=0 506 472 442
internal_count=532 506 472 442
is_linear=0
shrinkage=0.1


Tree=93
num_leaves=6
num_cat=0
split_feature=29 71 76 29 44
split_gain=0.115895 0.188695 0.120646 0.529165 0.242566
threshold=5.8317749675104649 6.4536138387458246 2.8029010331479989 2.740319461670996 3.1345481418531311
decision_type=2 2 2 2 2
left_child=1 2 4 -4 -1
right_child=-2 -3 3 -5 -6
leaf_value=0.002861743280981583 0.006943379739380401 -0.0084488469279474683 0.016799630119930953 7.4596278955815019e-05 -0.0029117813628968285
leaf_weight=110 23 27 22 135 215
leaf_count=110 23 27 22 135 215
internal_value=0 -0.000313748 0.000141953 0.00241823 -0.000957665
internal_weight=0 509 482 157 325
internal_count=532 509 482 157 325
is_linear=0
shrinkage=0.1


Tree=94
num_leaves=8
num_cat=0
split_feature=65 30 64 79 63 2 61
split_gain=0.110955 0.337621 0.284067 0.336363 0.250421 0.205933 0.186749
threshold=2.249904835165133 6.380116791391317 2.9430520157250784 2.3937458713910238 4.6586997221347959 2.191013317336941 3.3497501700808394
decision_type=2 2 2 2 2 2 2
left_child=4 -2 -3 -4 5 6 -1
right_child=1 2 3 -5 -6 -7 -8
leaf_value=0.00037394855395317655 0.0099020810155953098 -0.011136174235831608 0.0092088730423711251 -0.00053490436147718185 -0.011141638590574817 0.008010805780877886 -0.010799301876908259
leaf_weight=52 37 22 40 310 27 23 21
leaf_count=52 37 22 40 310 27 23 21
internal_value=0 0.00079197 -0.000114143 0.00057867 -0.00263346 -0.000240536 -0.00284027
internal_weight=0 409 372 350 123 96 73
internal_count=532 409 372 350 123 96 73
is_linear=0
shrinkage=0.1


Tree=95
num_leaves=9
num_cat=0
split_feature=16 89 35 10 43 23 76 11
split_gain=0.107677 0.393565 0.439273 0.584483 0.292475 0.427415 0.221991 0.155157
threshold=0.89587973461402759 3.0201273556387074 3.2384861814448418 6.5985053163450944 1.9356005054539456 3.4960482137079443 1.2424533248940006 2.8314802400679731
decision_type=2 2 2 2 2 2 2 2
left_child=1 -1 3 -3 -2 -6 -4 -7
right_child=4 2 6 -5 5 7 -8 -9
leaf_value=-0.014202910406595987 0.011227395099838479 0.0022880717204755235 0.0011448925419244916 -0.013201779520715632 -0.013253232709724795 0.0075473758501603322 0.01358489275086098 0.00037783576315355432
leaf_weight=23 26 58 32 42 22 34 26 269
leaf_count=23 26 58 32 42 22 34 26 269
internal_value=0 -0.00198116 -0.000202043 -0.00421767 0.00102162 0.000205161 0.00672144 0.00118234
internal_weight=0 181 158 100 351 325 58 303
internal_count=532 181 158 100 351 325 58 303
is_linear=0
shrinkage=0.1


Tree=96
num_leaves=6
num_cat=0
split_feature=43 44 19 27 5
split_gain=0.105103 0.267327 0.260538 0.237407 0.17837
threshold=7.251244374689346 7.4518207207254372 4.9052473428434826 2.602003343538398 4.4425820475484112
decision_type=2 2 2 2 2
left_child=1 2 4 -4 -1
right_child=-2 -3 3 -5 -6
leaf_value=7.5842509485215908e-05 0.0067674603567204686 -0.0097909977559798543 0.014593001880237592 0.00037541018488506479 -0.0075719319693179745
leaf_weight=402 22 28 23 24 33
leaf_count=402 22 28 23 24 33
internal_value=0 -0.00029193 0.000259883 0.00733296 -0.000504333
internal_weight=0 510 482 47 435
internal_count=532 510 482 47 435
is_linear=0
shrinkage=0.1


Tree=97
num_leaves=6
num_cat=0
split_feature=88 67 41 45 33
split_gain=0.108316 0.170672 0.234541 0.200643 0.186343
threshold=1.2424533248940004 2.9174053685313028 6.2633964485293765 6.5410289580622374 5.8888741216379641
decision_type=2 2 2 2 2
left_child=-1 2 4 -3 -2
right_child=1 3 -4 -5 -6
leaf_value=-0.0068701247599991886 -0.00060724485127651581 0.012159400038421156 -0.0093246394785604005 -0.0010996256289737564 0.0050895369858207076
leaf_weight=22 369 25 27 21 68
leaf_count=22 369 25 27 21 68
internal_value=0 0.000296358 -0.000279634 0.00610637 0.000279211
internal_weight=0 510 464 46 437
internal_count=532 510 464 46 437
is_linear=0
shrinkage=0.1


Tree=98
num_leaves=10
num_cat=0
split_feature=58 13 48 34 36 54 21 21 20
split_gain=0.100026 0.464714 0.410066 0.357017 0.249302 0.216095 0.191608 0.573674 0.361392
threshold=3.2769667020129059 3.4334666422309414 2.6735537653587347 4.4425820475484112 1.2424533248940006 2.3937458713910238 3.7132745361986528 2.9700856263602158 7.9146064289650111
decision_type=2 2 2 2 2 2 2 2 2
left_child=2 -2 3 5 -4 -1 7 -3 -8
right_child=1 6 4 -5 -6 -7 8 -9 -10
leaf_value=0.001778134931360878 0.014335760823450984 0.0021390727492889353 -0.016333283275330009 0.013127118342423014 -0.002347362045198679 -0.0097051381224604414 0.013825856911994162 -0.015288198908480505 0.00017597019693247725
leaf_weight=57 24 51 26 21 25 23 21 30 254
leaf_count=57 24 51 26 21 25 23 21 30 254
internal_value=0 0.000867222 -0.00216806 0.00152282 -0.00947744 -0.00152331 -4.07692e-05 -0.00431547 0.00121833
internal_weight=0 380 152 101 51 80 356 81 275
internal_count=532 380 152 101 51 80 356 81 275
is_linear=0
shrinkage=0.1


Tree=99
num_leaves=5
num_cat=0
split_feature=55 53 41 71
split_gain=0.098428 0.285292 0.177931 0.180753
threshold=6.5873071066013713 6.8053391632106601 6.2785196641509211 5.5797227059640084
decision_type=2 2 2 2
left_child=1 2 3 -1
right_child=-2 -3 -4 -5
leaf_value=-0.00065360239989683709 -0.0063987977734422724 0.011427954415028746 -0.0081037219268856233 0.0046022830361535745
leaf_weight=381 23 22 27 79
leaf_count=381 23 22 27 79
internal_value=0 0.00028914 -0.000214051 0.000249039
internal_weight=0 509 487 460
internal_count=532 509 487 460
is_linear=0
shrinkage=0.1


end of trees

feature_importances:
Column_0=32
Column_9=30
Column_8=27
Column_88=22
Column_30=20
Column_41=17
Column_71=17
Column_79=17
Column_10=16
Column_15=16
Column_36=16
Column_44=16
Column_76=15
Column_43=14
Column_58=14
Column_75=14
Column_85=14
Column_1=13
Column_14=13
Column_83=13
Column_24=12
Column_31=12
Column_17=11
Column_21=11
Column_63=11
Column_73=11
Column_80=11
Column_2=10
Column_11=10
Column_23=10
Column_49=10
Column_78=10
Column_81=10
Column_89=10
Column_7=9
Column_12=9
Column_46=9
Column_56=9
Column_87=9
Column_19=8
Column_53=8
Column_54=8
Column_69=8
Column_74=8
Column_86=8
Column_4=7
Column_5=7
Column_6=7
Column_29=7
Column_35=7
Column_51=7
Column_60=7
Column_64=7
Column_67=7
Column_13=6
Column_20=6
Column_33=6
Column_37=6
Column_68=6
Column_28=5
Column_34=5
Column_45=5
Column_65=5
Column_70=5
Column_3=4
Column_16=4
Column_25=4
Column_38=4
Column_57=4
Column_82=4
Column_84=4
Column_27=3
Column_42=3
Column_48=3
Column_55=3
Column_59=3
Column_18=2
Column_26=2
Column_39=2
Column_40=2
Column_50=2
Column_61=2
Column_66=2
Column_77=2
Column_22=1
Column_32=1
Column_47=1
Column_62=1
Column_72=1

parameters:
[boosting: gbdt]
[objective: regression]
[metric: l1]
[tree_learner: serial]
[device_type: cpu]
[data_sample_strategy: bagging]
[data: ]
[valid: ]
[num_iterations: 100]
[learning_rate: 0.1]
[num_leaves: 12]
[num_threads: 16]
[seed: 0]
[deterministic: 0]
[force_col_wise: 0]
[force_row_wise: 0]
[histogram_pool_size: -1]
[max_depth: 4]
[min_data_in_leaf: 21]
[min_sum_hessian_in_leaf: 0.001]
[bagging_fraction: 1]
[pos_bagging_fraction: 1]
[neg_bagging_fraction: 1]
[bagging_freq: 0]
[bagging_seed: 3]
[feature_fraction: 1]
[feature_fraction_bynode: 1]
[feature_fraction_seed: 2]
[extra_trees: 0]
[extra_seed: 6]
[early_stopping_round: 0]
[first_metric_only: 0]
[max_delta_step: 0]
[lambda_l1: 0]
[lambda_l2: 0]
[linear_lambda: 0]
[min_gain_to_split: 0]
[drop_rate: 0.1]
[max_drop: 50]
[skip_drop: 0.5]
[xgboost_dart_mode: 0]
[uniform_drop: 0]
[drop_seed: 4]
[top_rate: 0.2]
[other_rate: 0.1]
[min_data_per_group: 100]
[max_cat_threshold: 32]
[cat_l2: 10]
[cat_smooth: 10]
[max_cat_to_onehot: 4]
[top_k: 20]
[monotone_constraints: ]
[monotone_constraints_method: basic]
[monotone_penalty: 0]
[feature_contri: ]
[forcedsplits_filename: ]
[refit_decay_rate: 0.9]
[cegb_tradeoff: 1]
[cegb_penalty_split: 0]
[cegb_penalty_feature_lazy: ]
[cegb_penalty_feature_coupled: ]
[path_smooth: 0]
[interaction_constraints: ]
[verbosity: -1]
[saved_feature_importance_type: 0]
[use_quantized_grad: 0]
[num_grad_quant_bins: 4]
[quant_train_renew_leaf: 0]
[stochastic_rounding: 1]
[linear_tree: 0]
[max_bin: 255]
[max_bin_by_feature: ]
[min_data_in_bin: 3]
[bin_construct_sample_cnt: 200000]
[data_random_seed: 1]
[is_enable_sparse: 1]
[enable_bundle: 1]
[use_missing: 1]
[zero_as_missing: 0]
[feature_pre_filter: 1]
[pre_partition: 0]
[two_round: 0]
[header: 0]
[label_column: ]
[weight_column: ]
[group_column: ]
[ignore_column: ]
[categorical_feature: ]
[forcedbins_filename: ]
[precise_float_parser: 0]
[parser_config_file: ]
[objective_seed: 5]
[num_class: 1]
[is_unbalance: 0]
[scale_pos_weight: 1]
[sigmoid: 1]
[boost_from_average: 1]
[reg_sqrt: 0]
[alpha: 0.9]
[fair_c: 1]
[poisson_max_delta_step: 0.7]
[tweedie_variance_power: 1.5]
[lambdarank_truncation_level: 30]
[lambdarank_norm: 1]
[label_gain: ]
[lambdarank_position_bias_regularization: 0]
[eval_at: ]
[multi_error_top_k: 1]
[auc_mu_weights: ]
[num_machines: 1]
[local_listen_port: 12400]
[time_out: 120]
[machine_list_filename: ]
[machines: ]
[gpu_platform_id: -1]
[gpu_device_id: -1]
[gpu_use_dp: 0]
[num_gpu: 1]

end of parameters

pandas_categorical:null
