tree
version=v4
num_class=1
num_tree_per_iteration=1
label_index=0
max_feature_idx=78
objective=regression
feature_names=Column_0 Column_1 Column_2 Column_3 Column_4 Column_5 Column_6 Column_7 Column_8 Column_9 Column_10 Column_11 Column_12 Column_13 Column_14 Column_15 Column_16 Column_17 Column_18 Column_19 Column_20 Column_21 Column_22 Column_23 Column_24 Column_25 Column_26 Column_27 Column_28 Column_29 Column_30 Column_31 Column_32 Column_33 Column_34 Column_35 Column_36 Column_37 Column_38 Column_39 Column_40 Column_41 Column_42 Column_43 Column_44 Column_45 Column_46 Column_47 Column_48 Column_49 Column_50 Column_51 Column_52 Column_53 Column_54 Column_55 Column_56 Column_57 Column_58 Column_59 Column_60 Column_61 Column_62 Column_63 Column_64 Column_65 Column_66 Column_67 Column_68 Column_69 Column_70 Column_71 Column_72 Column_73 Column_74 Column_75 Column_76 Column_77 Column_78
feature_infos=[0:4.7621739347977563] [0:4.7621739347977563] [0:4.7621739347977563] [0:4.7621739347977563] [0:4.7621739347977563] [0:4.7621739347977563] [0:4.7621739347977563] [5.5511151231257827e-17:6.4002574453088208] [0.69314718055994529:7.4512416849876759] [0:5.3375380797013179] [0.69314718055994529:8.2177084068453059] [0.69314718055994529:7.4012312644130152] [0:5.768320995793772] [0:6.7226297948554485] [0.69314718055994529:7.5438028675015092] [0.69314718055994529:6.9508147684425836] [0.69314718055994529:7.4489161025442003] [5.5511151231257827e-17:6.4002574453088208] [0.69314718055994529:7.4512416849876759] [0:5.3375380797013179] [0.69314718055994529:8.2177084068453059] [0.69314718055994529:7.4012312644130152] [0:5.768320995793772] [0:6.7226297948554485] [0.69314718055994529:7.5438028675015092] [0.69314718055994529:6.9508147684425836] [0.69314718055994529:7.4489161025442003] [5.5511151231257827e-17:6.4002574453088208] [0.69314718055994529:7.4512416849876759] [0:5.3375380797013179] [0.69314718055994529:8.2177084068453059] [0.69314718055994529:7.4012312644130152] [0:5.768320995793772] [0:6.7226297948554485] [0.69314718055994529:7.5438028675015092] [0.69314718055994529:6.9508147684425836] [0.69314718055994529:7.4489161025442003] [5.5511151231257827e-17:6.4002574453088208] [0.69314718055994529:7.4512416849876759] [0:5.3375380797013179] [0.69314718055994529:8.2177084068453059] [0.69314718055994529:7.4012312644130152] [0:5.768320995793772] [0:6.7226297948554485] [0.69314718055994529:7.5438028675015092] [0.69314718055994529:6.9508147684425836] [0.69314718055994529:7.4489161025442003] [5.5511151231257827e-17:6.4002574453088208] [0.69314718055994529:7.4512416849876759] [0:5.3375380797013179] [0.69314718055994529:8.2177084068453059] [0.69314718055994529:7.4012312644130152] [0:5.768320995793772] [0:6.7226297948554485] [0.69314718055994529:7.5438028675015092] [0.69314718055994529:6.9508147684425836] [0.69314718055994529:7.4489161025442003] [5.5511151231257827e-17:6.4002574453088208] [0.69314718055994529:7.4512416849876759] [0:5.3375380797013179] [0.69314718055994529:8.2177084068453059] [0.69314718055994529:7.4012312644130152] [0:5.768320995793772] [0:6.7080840838530698] [0.69314718055994529:7.5438028675015092] [0.69314718055994529:6.9508147684425836] [0.69314718055994529:7.4489161025442003] [5.5511151231257827e-17:6.4002574453088208] [0.69314718055994529:7.4512416849876759] [0:5.3375380797013179] [0.69314718055994529:8.2177084068453059] [0.69314718055994529:7.4012312644130152] [0:5.768320995793772] [0:6.6346333578616861] [0.69314718055994529:7.5438028675015092] [0.69314718055994529:6.9508147684425836] [0.69314718055994529:7.4489161025442003] [0.69314718055994529:3.970291913552122] [0.69314718055994529:3.970291913552122]
tree_sizes=795 836 832 834 847 828 836 847 849 819 842 866 841 830 824 838 748 855 866 837 860 826 839 859 681 695 818 790 849 695 781 714 797 877 901 756 716 839 876 861 795 727 762 870 767 591 584 775 614 868 591 715 818 764 594 840 837 865 868 871 518 615 844 857 786 855 841 699 782 863 604 887 789 785 700 756 770 839 719 879 534 899 883 853 876 853 840 786 771 813 900 785 890 859 703 778 925 874 853 875

Tree=0
num_leaves=8
num_cat=0
split_feature=0 0 0 10 0 0 1
split_gain=399.645 62.8613 60.9784 15.9196 11.0562 10.0022 8.79323
threshold=1.7005986908310777 1.0000000180025095e-35 2.8029010331479989 4.6539149966267201 4.0689902272260703 2.249904835165133 1.0000000180025095e-35
decision_type=2 2 2 2 2 2 2
left_child=1 6 5 -3 -4 -2 -1
right_child=2 3 4 -5 -6 -7 -8
leaf_value=1.1749271349043298 1.3471556348741285 1.2526194762742437 1.4734896122743044 1.3229469810350567 1.589073101929511 1.4026993174459677 1.2370816194200041
leaf_weight=145 77 128 48 43 9.9999999999999982 56 27
leaf_count=145 77 128 48 43 10 56 27
internal_value=1.29193 1.22737 1.40786 1.2703 1.49342 1.37054 1.18468
internal_weight=0 343 191 171 58 133 172
internal_count=534 343 191 171 58 133 172
is_linear=0
shrinkage=1


Tree=1
num_leaves=8
num_cat=0
split_feature=0 0 0 77 72 0 77
split_gain=323.712 50.9176 49.3925 14.1239 9.36267 9.02784 8.05099
threshold=1.7005986908310777 1.0000000180025095e-35 2.8029010331479989 3.7726948748059121 2.3502401828962087 4.0160176571994137 3.7494348669884658
decision_type=2 2 2 2 2 2 2
left_child=1 6 4 -3 -2 -4 -1
right_child=2 3 5 -5 -6 -7 -8
leaf_value=-0.10344588402181099 0.10849041736430742 -0.037672566475926858 0.16013814475801258 0.025889471203696973 0.052100138382965261 0.25474614913646992 -0.028961266484111549
leaf_weight=156 44 122 45 49 89 12.999999999999998 15.999999999999998
leaf_count=156 44 122 45 49 89 13 16
internal_value=0 -0.0581003 0.104337 -0.0194589 0.0707556 0.181343 -0.0965171
internal_weight=0 343 191 171 133 58 172
internal_count=534 343 191 171 133 58 172
is_linear=0
shrinkage=0.1


Tree=2
num_leaves=8
num_cat=0
split_feature=10 77 0 0 0 49 0
split_gain=269.634 44.9313 39.4341 17.519 10.6005 8.12039 7.90425
threshold=4.8038866541935423 3.7494348669884658 2.8029010331479989 1.0000000180025095e-35 1.7005986908310777 2.249904835165133 2.249904835165133
decision_type=2 2 2 2 2 2 2
left_child=1 3 6 -1 -3 -4 -2
right_child=2 4 5 -5 -6 -7 -8
leaf_value=-0.094126544705321724 0.04620256181368057 -0.0034632602223643554 0.24115297252481638 -0.042613028551897275 0.089210308343172076 0.14551051631569864 0.095699622582357674
leaf_weight=155 85 54 10.999999999999998 115 15.999999999999998 46 52
leaf_count=155 85 54 11 115 16 46 52
internal_value=0 -0.0536758 0.094071 -0.0721856 0.0177193 0.163968 0.0649898
internal_weight=0 340 194 270 70 57 137
internal_count=534 340 194 270 70 57 137
is_linear=0
shrinkage=0.1


Tree=3
num_leaves=8
num_cat=0
split_feature=10 77 0 0 0 0 0
split_gain=218.404 36.3944 31.9416 14.1904 8.58643 7.00692 6.40244
threshold=4.8038866541935423 3.7494348669884658 2.8029010331479989 1.0000000180025095e-35 1.7005986908310777 4.0689902272260703 2.249904835165133
decision_type=2 2 2 2 2 2 2
left_child=1 3 6 -1 -3 -4 -2
right_child=2 4 5 -5 -6 -7 -8
leaf_value=-0.084713891581181561 0.041582304663298764 -0.0031169349948565166 0.13139854530070691 -0.038351725100175198 0.080289277061820041 0.22358179450035098 0.086129658755201566
leaf_weight=155 85 54 47 115 15.999999999999998 9.9999999999999982 52
leaf_count=155 85 54 47 115 16 10 52
internal_value=0 -0.0483082 0.0846639 -0.064967 0.0159473 0.147571 0.0584908
internal_weight=0 340 194 270 70 57 137
internal_count=534 340 194 270 70 57 137
is_linear=0
shrinkage=0.1


Tree=4
num_leaves=8
num_cat=0
split_feature=10 77 14 1 0 76 13
split_gain=176.907 30.2312 26.4563 14.4574 7.72172 6.86373 6.06492
threshold=4.8038866541935423 3.795426061844291 5.799074288650317 1.0000000180025095e-35 4.0160176571994137 3.4811217321331038 4.2903656061101136
decision_type=2 2 2 2 2 2 2
left_child=1 3 5 -1 -4 -2 -3
right_child=2 6 4 -5 -6 -7 -8
leaf_value=-0.076125594772070468 0.1108408876827785 0.012017816759464218 0.10659539345929872 -0.031260393033842093 0.1908110558986664 0.036081015915609901 0.10267124871412914
leaf_weight=159 13.999999999999998 41 67 131 12.999999999999998 100 8.9999999999999982
leaf_count=159 14 41 67 131 13 100 9
internal_value=0 -0.0434774 0.0761975 -0.0558589 0.12028 0.0452621 0.0283354
internal_weight=0 340 194 290 80 114 50
internal_count=534 340 194 290 80 114 50
is_linear=0
shrinkage=0.1


Tree=5
num_leaves=8
num_cat=0
split_feature=0 0 0 16 77 48 1
split_gain=145.536 22.0931 20.8474 7.84217 5.96484 5.7978 4.93538
threshold=1.7005986908310777 1.0000000180025095e-35 2.8029010331479989 3.2180751841847144 3.8393944990995772 4.1107394736335969 1.0000000180025095e-35
decision_type=2 2 2 2 2 2 2
left_child=1 6 4 -3 -2 -4 -1
right_child=2 3 5 -5 -6 -7 -8
leaf_value=-0.071572030089024838 0.036959179404836437 -0.040850802413546126 0.19903012961149216 0.0032662512088756802 0.088246429326205425 0.10734149875491859 -0.025007149687519784
leaf_weight=145 104 65 7.9999999999999991 106 29 50 27
leaf_count=145 104 65 8 106 29 50 27
internal_value=0 -0.0389569 0.0699593 -0.0135034 0.0481421 0.119988 -0.0642624
internal_weight=0 343 191 171 133 58 172
internal_count=534 343 191 171 133 58 172
is_linear=0
shrinkage=0.1


Tree=6
num_leaves=8
num_cat=0
split_feature=10 77 0 56 0 0 56
split_gain=119.255 21.6347 17.8862 7.5095 7.30758 4.92682 4.88329
threshold=4.8038866541935423 3.7494348669884658 2.3502401828962087 4.2045812236012674 1.0000000180025095e-35 1.7005986908310777 5.3278290367727683
decision_type=2 2 2 2 2 2 2
left_child=1 4 6 -4 -1 -3 -2
right_child=2 5 3 -5 -6 -7 -8
leaf_value=-0.062711471146152872 0.051046766417807546 -0.00059638702897010028 0.16391037885959334 0.082171153844928901 -0.02944138788496671 0.062582983705215159 0.0056290399469435225
leaf_weight=155 58 54 12.999999999999998 83 115 15.999999999999998 40
leaf_count=155 58 54 13 83 115 16 40
internal_value=0 -0.0356968 0.0625614 0.09324 -0.0485409 0.0138446 0.0325089
internal_weight=0 340 194 96 270 70 98
internal_count=534 340 194 96 270 70 98
is_linear=0
shrinkage=0.1


Tree=7
num_leaves=8
num_cat=0
split_feature=0 0 10 77 41 77 2
split_gain=96.8528 15.4336 14.774 7.44027 6.78689 6.2373 2.16749
threshold=1.7005986908310777 3.3140206880897671 3.2951505240983434 3.8393944990995772 4.8597823571876004 3.795426061844291 4.0689902272260703
decision_type=2 2 2 2 2 2 2
left_child=2 3 5 -2 -4 -1 -3
right_child=1 6 4 -5 -6 -7 -8
leaf_value=-0.053032769306956495 0.034171469164486309 0.10767268065144031 0.0084683705023244817 0.084607703526087708 -0.03980518746234122 0.021258982550352815 0.1683630148569743
leaf_weight=194 127 17.000000000000004 95 38 42 11.999999999999998 8.9999999999999982
leaf_count=194 127 17 95 38 42 12 9
internal_value=0 0.0570711 -0.0317801 0.0457871 -0.00633082 -0.0487051 0.128681
internal_weight=0 191 343 165 137 206 26
internal_count=534 191 343 165 137 206 26
is_linear=0
shrinkage=0.1


Tree=8
num_leaves=8
num_cat=0
split_feature=10 77 14 1 17 1 13
split_gain=81.5009 14.7959 13.3471 6.40754 5.37767 4.39228 4.24295
threshold=4.8038866541935423 3.7726948748059121 5.799074288650317 0.8958797346140277 3.6632328069201612 4.0689902272260703 4.2903656061101136
decision_type=2 2 2 2 2 2 2
left_child=1 3 4 -1 -2 -4 -3
right_child=2 6 5 -5 -6 -7 -8
leaf_value=-0.049323464590824484 0.087793235088299434 0.002954755914730153 0.074173803425260962 -0.016635607692530786 0.02161953817959875 0.14502395838499069 0.071679848432540896
leaf_weight=193 13.999999999999998 49 70 87 100 9.9999999999999982 10.999999999999998
leaf_count=193 14 49 70 87 100 10 11
internal_value=0 -0.0295102 0.0517189 -0.0391669 0.0297461 0.0830301 0.0155544
internal_weight=0 340 194 280 114 80 60
internal_count=534 340 194 280 114 80 60
is_linear=0
shrinkage=0.1


Tree=9
num_leaves=8
num_cat=0
split_feature=10 77 14 66 14 15 0
split_gain=66.0157 12.0492 11.0505 5.40281 5.02744 3.90761 2.2327
threshold=4.8038866541935423 3.7494348669884658 6.2285090584329748 3.5408542930527882 3.1984648276080736 1.4978661367769956 4.3665553488193547
decision_type=2 2 2 2 2 2 2
left_child=1 4 3 -2 -1 -3 -4
right_child=2 5 6 -5 -6 -7 -8
leaf_value=-0.049391564190816535 0.087342872602098137 -0.024486451071094387 0.082063194386222782 0.027548321719308766 -0.022088446556270579 0.02640828447668658 0.14408130986349924
leaf_weight=139 17 22 34 136 131 48 6.9999999999999991
leaf_count=139 17 22 34 136 131 48 7
internal_value=0 -0.0265592 0.046547 0.0341922 -0.0361445 0.0104128 0.0926517
internal_weight=0 340 194 153 270 70 41
internal_count=534 340 194 153 270 70 41
is_linear=0
shrinkage=0.1


Tree=10
num_leaves=8
num_cat=0
split_feature=0 0 0 56 13 68 1
split_gain=54.6191 9.08446 9.03875 4.83288 4.59063 3.99082 3.64022
threshold=1.7005986908310777 2.3502401828962087 1.0000000180025095e-35 5.3032925319746216 4.8597823571876004 5.6057750326932236 1.2424533248940004
decision_type=2 2 2 2 2 2 2
left_child=2 3 6 -2 -3 -4 -1
right_child=1 4 5 -5 -6 -7 -8
leaf_value=-0.043854205434135402 0.038972343419466107 0.015379207907244563 -0.0025091141045045159 -0.0074394688715000408 0.073995644842306113 -0.05356479109648396 0.015604951266538014
leaf_weight=161 57 15.999999999999998 154 37 81 17 10.999999999999998
leaf_count=161 57 16 154 37 81 17 11
internal_value=0 0.042858 -0.0238655 0.0207039 0.064327 -0.00758482 -0.0400516
internal_weight=0 191 343 94 97 171 172
internal_count=534 191 343 94 97 171 172
is_linear=0
shrinkage=0.1


Tree=11
num_leaves=8
num_cat=0
split_feature=10 77 0 1 59 13 2
split_gain=45.0688 8.79093 7.75968 4.51241 4.17583 3.01319 1.19482
threshold=4.8038866541935423 3.795426061844291 3.3140206880897671 1.2424533248940004 1.2424533248940004 4.2903656061101136 4.0689902272260703
decision_type=2 2 2 2 2 2 2
left_child=1 3 4 -1 -2 -3 -4
right_child=2 5 6 -5 -6 -7 -8
leaf_value=-0.034791097355119149 0.093259855508804335 0.0052788011491207813 0.073700030104202369 -0.0034013372176049054 0.026625579486223811 0.069176506333880949 0.11876020365291172
leaf_weight=233 9.9999999999999982 41 17.000000000000004 57 158 8.9999999999999982 8.9999999999999982
leaf_count=233 10 41 17 57 158 9 9
internal_value=0 -0.0219447 0.0384597 -0.0286214 0.0305919 0.0167804 0.0892978
internal_weight=0 340 194 290 168 50 26
internal_count=534 340 194 290 168 50 26
is_linear=0
shrinkage=0.1


Tree=12
num_leaves=8
num_cat=0
split_feature=0 14 10 77 75 27 22
split_gain=36.9597 6.61358 6.28241 5.47219 4.06672 3.22702 1.5656
threshold=1.7005986908310777 5.7588967981835451 2.3502401828962087 3.9019216517693867 5.1238931127034038 3.6632328069201612 2.524928003624769
decision_type=2 2 2 2 2 2 2
left_child=2 3 6 -2 -4 -3 -1
right_child=1 5 4 -5 -6 -7 -8
leaf_value=-0.039705917709356837 0.0085420275734884015 0.1168552041053772 -0.0036444568627099177 0.067660163989976832 -0.049149775911461226 0.050041712619209047 -0.0044277933027063099
leaf_weight=124 89 7.9999999999999991 183 19 22 75 13.999999999999998
leaf_count=124 89 8 183 19 22 75 14
internal_value=0 0.0352553 -0.0196319 0.0189424 -0.00852795 0.0564816 -0.036127
internal_weight=0 191 343 108 205 83 138
internal_count=534 191 343 108 205 83 138
is_linear=0
shrinkage=0.1


Tree=13
num_leaves=8
num_cat=0
split_feature=10 16 77 37 16 41 0
split_gain=30.6202 7.8482 6.92377 4.56072 3.61683 2.58726 2.57191
threshold=4.4187680230537838 5.5834680418285876 3.6762205501217919 2.8029010331479989 2.3502401828962087 5.3278290367727683 4.3665553488193547
decision_type=2 2 2 2 2 2 2
left_child=2 3 5 -2 -4 -1 -3
right_child=1 6 4 -5 -6 -7 -8
leaf_value=-0.028921680922915294 0.052245189096657152 0.043777915847661733 -0.03246804458044824 0.0036018184045752306 0.01575131422529618 -0.08688967563211919 0.10668085813522339
leaf_weight=205 23 91 21 119 60 7.9999999999999991 6.9999999999999991
leaf_count=205 23 91 21 119 60 8 7
internal_value=0 0.0265034 -0.0216354 0.0114807 0.00325 -0.0310989 0.048271
internal_weight=0 240 294 142 81 213 98
internal_count=534 240 294 142 81 213 98
is_linear=0
shrinkage=0.1


Tree=14
num_leaves=8
num_cat=0
split_feature=15 77 37 13 2 49 70
split_gain=25.8178 8.38313 4.31081 4.04333 3.81921 2.60953 1.90294
threshold=4.4885732424042368 3.795426061844291 2.5619819897016298 4.8597823571876004 1.0000000180025095e-35 1.4978661367769956 5.0562255201382529
decision_type=2 2 2 2 2 2 2
left_child=1 4 -3 6 -1 -5 -2
right_child=3 2 -4 5 -6 -7 -8
leaf_value=-0.032043655942524639 0.03171583956436199 0.04719387033376201 -0.0042995297164354169 0.099192347129186009 -0.0099501653435887603 0.042432812777244387 -0.0025411082491759336
leaf_weight=155 34 29 37 8.9999999999999982 158 81 31
leaf_count=155 34 29 37 9 158 81 31
internal_value=0 -0.0140616 0.0183264 0.0343829 -0.020891 0.0481088 0.0153779
internal_weight=0 379 66 155 313 90 65
internal_count=534 379 66 155 313 90 65
is_linear=0
shrinkage=0.1


Tree=15
num_leaves=8
num_cat=0
split_feature=1 77 70 13 14 15 59
split_gain=21.5167 5.58504 5.40005 4.19134 3.64706 3.4968 1.27716
threshold=1.8688348091416842 3.6762205501217919 4.4885732424042368 4.6727851606181448 3.9701138825728512 4.744894319750431 1.8688348091416842
decision_type=2 2 2 2 2 2 2
left_child=1 5 6 -4 -3 -1 -2
right_child=2 4 3 -5 -6 -7 -8
leaf_value=-0.023790090435150606 0.084849656000733381 -0.010695006185414968 -0.0087436681199404929 0.031442695714893845 0.025556204862398457 0.043385552521795039 0.047347675707368628
leaf_weight=247 15.999999999999998 64 36 93 49 7.9999999999999991 21
leaf_count=247 16 64 36 93 49 8 21
internal_value=0 -0.0134818 0.0298873 0.0202279 0.00502455 -0.0216826 0.0635647
internal_weight=0 368 166 129 113 255 37
internal_count=534 368 166 129 113 255 37
is_linear=0
shrinkage=0.1


Tree=16
num_leaves=7
num_cat=0
split_feature=16 14 31 49 15 73
split_gain=17.7101 4.275 4.00555 3.79555 3.50682 1.94848
threshold=4.7094896185437563 3.2769667020129059 4.6346818562128229 1.4978661367769956 5.6346875519391793 2.3937458713910238
decision_type=2 2 2 2 2 2
left_child=1 5 -3 -2 -5 -1
right_child=3 2 -4 4 -6 -7
leaf_value=-0.017734065003375092 0.07921332915623984 0.0077402187742231301 -0.025226469615579779 0.010721880290657283 0.040428866610908117 -0.041145772129297264
leaf_weight=123 11.999999999999998 121 53 114 61 50
leaf_count=123 12 121 53 114 61 50
internal_value=0 -0.0133689 -0.00230136 0.0248076 0.0210769 -0.0245005
internal_weight=0 347 174 187 175 173
internal_count=534 347 174 187 175 173
is_linear=0
shrinkage=0.1


Tree=17
num_leaves=8
num_cat=0
split_feature=10 0 77 75 16 51 2
split_gain=14.7077 3.97738 3.63498 3.21708 2.43625 2.33232 1.00439
threshold=4.4187680230537838 3.3140206880897671 3.6762205501217919 5.3935862223306854 2.3502401828962087 5.5093801410486734 4.0689902272260703
decision_type=2 2 2 2 2 2 2
left_child=2 3 5 -2 -4 -1 -3
right_child=1 6 4 -5 -6 -7 -8
leaf_value=-0.019653592626940844 0.021268921458476767 0.041000398051212805 -0.026278025373106913 -0.0064674960220592066 0.013296742601475368 -0.071670875946680701 0.082313844561576852
leaf_weight=204 157 17.000000000000004 21 57 60 8.9999999999999982 8.9999999999999982
leaf_count=204 157 17 21 57 60 9 9
internal_value=0 0.0183684 -0.0149946 0.0138812 0.00303662 -0.0218515 0.0553012
internal_weight=0 240 294 214 81 213 26
internal_count=534 240 294 214 81 213 26
is_linear=0
shrinkage=0.1


Tree=18
num_leaves=8
num_cat=0
split_feature=15 77 55 57 9 66 5
split_gain=12.9503 4.36446 2.60075 2.40356 2.91655 1.81944 0.42048
threshold=4.4885732424042368 3.9019216517693867 5.3518469026947413 2.5619819897016298 3.1345481418531311 3.4334666422309414 0.8958797346140277
decision_type=2 2 2 2 2 2 2
left_child=1 2 -1 6 -5 -3 -2
right_child=3 5 -4 4 -6 -7 -8
leaf_value=-0.011031097043879277 0.046540065322603505 0.067832110822200753 -0.05838801364103953 -0.0016534855633619288 0.029795140983781433 0.0093412799760699272 0.081200856396130144
leaf_weight=345 6.9999999999999982 9.0000000000000018 11.999999999999998 42 99 12.999999999999998 7
leaf_count=345 7 9 12 42 99 13 7
internal_value=0 -0.00995899 -0.0126229 0.0243513 0.0204275 0.0332693 0.0638705
internal_weight=0 379 357 155 141 22 14
internal_count=534 379 357 155 141 22 14
is_linear=0
shrinkage=0.1


Tree=19
num_leaves=8
num_cat=0
split_feature=1 77 15 14 54 12 1
split_gain=11.0431 2.97373 2.91561 2.90384 2.82794 2.49512 1.82499
threshold=1.2424533248940004 3.6762205501217919 5.8777318586263663 3.7609296261008152 3.9316333620047872 3.7132745361986528 3.4175922930736511
decision_type=2 2 2 2 2 2 2
left_child=1 5 4 -3 -2 -1 -4
right_child=2 3 6 -5 -6 -7 -8
leaf_value=-0.022846294830448647 0.034145268157306244 -0.012992498828098178 0.026464251622005747 0.025584899215027691 0.0050294926266482506 0.037963985505380798 0.074786127155477361
leaf_weight=187 41 50 27 32 179 6.9999999999999991 10.999999999999998
leaf_count=187 41 50 27 32 179 7 11
internal_value=0 -0.0139037 0.0148737 0.0020621 0.0104556 -0.0206521 0.0404522
internal_weight=0 276 258 82 220 194 38
internal_count=534 276 258 82 220 194 38
is_linear=0
shrinkage=0.1


Tree=20
num_leaves=8
num_cat=0
split_feature=1 70 75 13 7 58 55
split_gain=9.28909 3.09471 2.61166 3.56342 2.36297 0.835548 0.720654
threshold=1.8688348091416842 4.4885732424042368 5.3935862223306854 2.7058230259275202 4.7273486598447958 3.6632328069201612 5.3518469026947413
decision_type=2 2 2 2 2 2 2
left_child=2 5 3 -1 -3 -2 -4
right_child=1 4 6 -5 -6 -7 -8
leaf_value=-0.015093762898536096 0.069824780076742185 -0.0046872245781123638 -0.029654916624228162 0.0055422165889945571 0.023092317484507834 0.035986778222852282 -0.072436145373753133
leaf_weight=215 9.9999999999999982 50 8.9999999999999982 137 79 27 6.9999999999999991
leaf_count=215 10 50 9 137 79 27 7
internal_value=0 0.0196375 -0.00885821 -0.00706215 0.0123251 0.0451322 -0.0483717
internal_weight=0 166 368 352 129 37 16
internal_count=534 166 368 352 129 37 16
is_linear=0
shrinkage=0.1


Tree=21
num_leaves=8
num_cat=0
split_feature=14 64 7 36 73 23 25
split_gain=7.84443 3.32522 4.58363 1.73319 1.34954 1.76384 1.15799
threshold=3.7012257604091228 4.317399216745252 4.7273486598447958 3.0201273556387074 2.3937458713910238 1.8688348091416842 4.4885732424042368
decision_type=2 2 2 2 2 2 2
left_child=4 3 -3 -2 5 -1 -6
right_child=1 2 -4 -5 6 -7 -8
leaf_value=-0.01622248951479387 -0.0006870118410963761 -0.0078506174590438609 0.021901676419007088 0.033219131181807547 -0.029829721663598763 0.007227910773709734 0.0084078356623649604
leaf_weight=101 19 135 84 73 66 47 8.9999999999999982
leaf_count=101 19 135 84 73 66 47 9
internal_value=0 0.0102632 0.00356122 0.0262168 -0.0143132 -0.0087754 -0.0252412
internal_weight=0 311 219 92 223 148 75
internal_count=534 311 219 92 223 148 75
is_linear=0
shrinkage=0.1


Tree=22
num_leaves=8
num_cat=0
split_feature=15 77 26 45 57 9 5
split_gain=6.63205 2.38901 2.32182 1.87526 1.64909 1.62676 0.287248
threshold=4.4885732424042368 3.6762205501217919 2.1383330595080281 5.2496211935437129 2.5619819897016298 3.1345481418531311 0.8958797346140277
decision_type=2 2 2 2 2 2 2
left_child=1 3 -3 -1 6 -6 -2
right_child=4 2 -4 -5 5 -7 -8
leaf_value=-0.010823100665313473 0.035836530583245423 -0.024948266086479029 0.011902771726675818 -0.059983621537685397 -0.0023147672791743561 0.021172326129644811 0.064484545588493342
leaf_weight=258 6.9999999999999982 21 92 7.9999999999999991 42 99 7
leaf_count=258 7 21 92 8 42 99 7
internal_value=0 -0.00712688 0.00505435 -0.0123016 0.0174264 0.0141762 0.0501605
internal_weight=0 379 113 266 155 141 14
internal_count=534 379 113 266 155 141 14
is_linear=0
shrinkage=0.1


Tree=23
num_leaves=8
num_cat=0
split_feature=14 64 77 36 63 33 73
split_gain=5.69578 2.49813 3.39766 1.25513 1.14706 1.94157 0.610745
threshold=3.7012257604091228 4.317399216745252 2.249904835165133 3.0201273556387074 3.8393944990995772 3.3497501700808394 4.4885732424042368
decision_type=2 2 2 2 2 2 2
left_child=4 3 -3 -2 5 -1 -6
right_child=1 2 -4 -5 6 -7 -8
leaf_value=-0.012272999088191018 -0.00032147553406263656 0.022320423973587824 -0.0050673250732342565 0.02853215508265038 -0.053220359649923089 0.027707806437347944 -0.020657776016741992
leaf_weight=185 19 64 155 73 9.0000000000000018 12.999999999999998 15.999999999999998
leaf_count=185 19 64 155 73 9 13 16
internal_value=0 0.00874537 0.0029364 0.0225733 -0.0121965 -0.009648 -0.0323803
internal_weight=0 311 219 92 223 198 25
internal_count=534 311 219 92 223 198 25
is_linear=0
shrinkage=0.1


Tree=24
num_leaves=6
num_cat=0
split_feature=1 12 77 56 75
split_gain=4.92428 1.90901 2.06674 1.81225 2.17574
threshold=1.2424533248940004 3.8064155152036787 3.5408542930527882 1.8688348091416842 5.3935862223306854
decision_type=2 2 2 2 2
left_child=1 2 -1 -2 -5
right_child=3 -3 -4 4 -6
leaf_value=-0.018915465254333318 -0.04025437895740782 0.042271233669349123 -0.0013575676889122121 0.016892828128074071 -0.0042558177974018636
leaf_weight=142 6.9999999999999991 6.9999999999999991 127 185 66
leaf_count=142 7 7 127 185 66
internal_value=0 -0.00928445 -0.010626 0.0099322 0.0113318
internal_weight=0 276 269 258 251
internal_count=534 276 269 258 251
is_linear=0
shrinkage=0.1


Tree=25
num_leaves=6
num_cat=0
split_feature=15 55 1 1 57
split_gain=4.19783 1.65077 2.49942 1.33881 1.43792
threshold=4.4885732424042368 5.3518469026947413 1.7005986908310777 4.3665553488193547 2.5619819897016298
decision_type=2 2 2 2 2
left_child=1 2 -1 4 -2
right_child=3 -3 -4 -5 -6
leaf_value=-0.0078296728696422811 0.042337755433150701 -0.042167759065826732 0.015834730068364968 0.056598360197884702 0.0086569927607179943
leaf_weight=315 13.999999999999998 11.999999999999998 52 6.9999999999999991 134
leaf_count=315 14 12 52 7 134
internal_value=0 -0.00567006 -0.00447668 0.0138642 0.011843
internal_weight=0 379 367 155 148
internal_count=534 379 367 155 148
is_linear=0
shrinkage=0.1


Tree=26
num_leaves=8
num_cat=0
split_feature=14 54 50 25 68 42 13
split_gain=3.48667 1.91391 2.52052 1.34998 1.06809 1.32071 0.978474
threshold=3.7012257604091228 3.891612008168019 3.5549397315361362 2.0126758453675748 2.524928003624769 0.8958797346140277 3.2951505240983434
decision_type=2 2 2 2 2 2 2
left_child=4 3 -3 -2 5 -1 -6
right_child=1 2 -4 -5 6 -7 -8
leaf_value=-0.011858758519663186 -0.00046619457357070034 -0.030981786870397626 0.0060106010657391424 0.033050513025316433 -0.019900435514748099 0.010724430796172885 0.0060499089386533292
leaf_weight=61 17 20 233 41 100 45 17
leaf_count=61 17 20 233 41 100 45 17
internal_value=0 0.00684238 0.0030863 0.0232267 -0.00954251 -0.00227156 -0.0161299
internal_weight=0 311 253 58 223 106 117
internal_count=534 311 253 58 223 106 117
is_linear=0
shrinkage=0.1


Tree=27
num_leaves=7
num_cat=0
split_feature=15 13 33 3 31 42
split_gain=3.03939 1.89154 2.34063 1.04601 1.36158 0.426694
threshold=4.7790881836238563 5.4049245766661995 5.0172579074712669 4.0689902272260703 6.3186027501934587 3.891612008168019
decision_type=2 2 2 2 2 2
left_child=1 2 -1 4 -2 -3
right_child=3 5 -4 -5 -6 -7
leaf_value=-0.0035091656676927785 0.014558994961958944 0.036432589604877497 -0.034549478556101139 0.045171981751918798 -0.028330464040300287 0.0070796833198983229
leaf_weight=370 99 13.000000000000002 26 9.9999999999999982 7.9999999999999991 7.9999999999999991
leaf_count=370 99 13 26 10 8 8
internal_value=0 -0.0039962 -0.00554717 0.0142429 0.0113523 0.0252505
internal_weight=0 417 396 117 107 21
internal_count=534 417 396 117 107 21
is_linear=0
shrinkage=0.1


Tree=28
num_leaves=8
num_cat=0
split_feature=14 2 43 54 66 23 45
split_gain=2.662 2.12235 2.00811 2.00504 1.27146 1.76023 0.791166
threshold=3.2769667020129059 1.0000000180025095e-35 3.4960482137079443 2.191013317336941 2.1383330595080281 1.8688348091416842 2.0126758453675748
decision_type=2 2 2 2 2 2 2
left_child=4 3 -3 -2 5 -1 -6
right_child=1 2 -4 -5 6 -7 -8
leaf_value=-0.0076249042933341123 0.032130637578666209 0.022532335980370567 0.0035835297104158323 -0.022390843538004301 -0.0089117071459526732 0.030434529818594458 -0.026634657887431485
leaf_weight=64 7.9999999999999991 74 229 43 53 14.999999999999998 48
leaf_count=64 8 74 229 43 53 15 48
internal_value=0 0.00503463 0.00821129 -0.0138385 -0.00990144 -0.000398429 -0.0173345
internal_weight=0 354 303 51 180 79 101
internal_count=534 354 303 51 180 79 101
is_linear=0
shrinkage=0.1


Tree=29
num_leaves=6
num_cat=0
split_feature=7 42 14 4 31
split_gain=2.31667 1.9427 1.2772 1.0137 1.65773
threshold=4.2625806805327082 4.4995626957636246 3.2769667020129059 3.7601172782373142 6.3792311941869295
decision_type=2 2 2 2 2
left_child=1 2 -1 4 -2
right_child=3 -3 -4 -5 -6
leaf_value=-0.0090597540270955703 0.010992436860981362 -0.047562331035733228 0.0025993122750964607 0.03854002393782139 -0.035940423794090751
leaf_weight=178 127 9.9999999999999982 199 11.999999999999998 7.9999999999999991
leaf_count=178 127 10 199 12 8
internal_value=0 -0.00405942 -0.0029055 0.0106871 0.00821123
internal_weight=0 387 377 147 135
internal_count=534 387 377 147 135
is_linear=0
shrinkage=0.1


Tree=30
num_leaves=7
num_cat=0
split_feature=1 4 56 12 67 73
split_gain=1.95813 1.56319 1.37799 1.27105 1.47024 0.554045
threshold=1.2424533248940004 1.0000000180025095e-35 2.1383330595080281 3.8064155152036787 1.4978661367769956 1.8688348091416842
decision_type=2 2 2 2 2 2
left_child=3 5 -3 4 -1 -2
right_child=1 2 -4 -5 -6 -7
leaf_value=4.2159735999056996e-05 0.058652281761169447 -0.036418155021965506 0.0057822833932794125 0.036213526342596329 -0.014766769125822962 0.018865522635834558
leaf_weight=142 6.9999999999999982 7.9999999999999991 236 6.9999999999999991 127 7
leaf_count=142 7 8 236 7 127 7
internal_value=0 0.00626317 0.00439866 -0.0058547 -0.00694942 0.0387589
internal_weight=0 258 244 276 269 14
internal_count=534 258 244 276 269 14
is_linear=0
shrinkage=0.1


Tree=31
num_leaves=6
num_cat=0
split_feature=15 77 58 27 0
split_gain=1.73678 1.46898 1.19333 0.840466 0.932249
threshold=4.7790881836238563 3.9415346756528771 6.6982672939140819 3.6242520361853052 4.3665553488193547
decision_type=2 2 2 2 2
left_child=1 2 -1 -2 -5
right_child=3 -3 -4 4 -6
leaf_value=-0.0031362589763834926 0.037076747485182505 0.033037590402686466 -0.038114336505532267 0.0055425644166664121 0.043304334474461421
leaf_weight=396 10.999999999999998 10.999999999999998 9.9999999999999982 99 6.9999999999999991
leaf_count=396 11 11 10 99 7
internal_value=0 -0.00302084 -0.00399779 0.0107666 0.00803627
internal_weight=0 417 406 117 106
internal_count=534 417 406 117 106
is_linear=0
shrinkage=0.1


Tree=32
num_leaves=7
num_cat=0
split_feature=14 65 6 68 44 16
split_gain=1.49627 1.37342 2.32652 1.34499 1.1204 0.883302
threshold=5.1179758838799021 4.3437210834879627 2.0126758453675748 6.7510679532277988 4.234001473612734 3.2180751841847144
decision_type=2 2 2 2 2 2
left_child=1 2 -1 4 -2 -3
right_child=3 5 -4 -5 -6 -7
leaf_value=-0.0022191197110765929 0.044848072611623345 -0.038303127405898918 0.042704928759485485 -0.027239373328629881 0.0084246292240075585 -0.010363159704385169
leaf_weight=293 8.9999999999999982 13.999999999999998 11.999999999999998 9.9999999999999982 137 59
leaf_count=293 9 14 12 10 137 59
internal_value=0 -0.00340056 -0.000451616 0.00823983 0.0106699 -0.0157215
internal_weight=0 378 305 156 146 73
internal_count=534 378 305 156 146 73
is_linear=0
shrinkage=0.1


Tree=33
num_leaves=8
num_cat=0
split_feature=56 42 0 1 17 71 33
split_gain=1.41039 1.50445 1.06418 1.66002 1.46075 0.935596 0.753677
threshold=1.8688348091416842 1.2424533248940006 1.0000000180025095e-35 1.2424533248940004 1.8688348091416842 1.4978661367769956 2.3937458713910238
decision_type=2 2 2 2 2 2 2
left_child=1 6 3 -2 -4 -3 -1
right_child=2 5 4 -5 -6 -7 -8
leaf_value=-0.024993487719732983 -0.010584990672291593 0.020796096422954605 0.023307003453373911 0.03227083325386048 0.0027221673602398615 -0.015850340845909985 0.0028094308450818065
leaf_weight=52 94 19.000000000000004 39 9.9999999999999982 297 10.999999999999998 11.999999999999998
leaf_count=52 94 19 39 10 297 11 12
internal_value=0 -0.0111189 0.0023754 -0.00646424 0.00511148 0.00735907 -0.0197804
internal_weight=0 94 440 104 336 30 64
internal_count=534 94 440 104 336 30 64
is_linear=0
shrinkage=0.1


Tree=34
num_leaves=8
num_cat=0
split_feature=14 58 64 52 52 71 10
split_gain=1.26809 1.29923 1.1327 0.588498 1.0066 0.348319 0.150082
threshold=6.0637419401848893 6.6982672939140819 6.2650409128084759 4.317399216745252 3.3497501700808394 5.7604170545191353 5.6021120126471873
decision_type=2 2 2 2 2 2 2
left_child=1 2 -1 4 -2 -5 -3
right_child=3 6 -4 5 -6 -7 -8
leaf_value=-0.0015679122772423457 0.017062094028700479 -0.021296525959457677 0.028370578386462654 0.038430753784875066 -0.022636546836131151 0.013795014466582376 -0.042004132217594553
leaf_weight=453 22.000000000000004 6.9999999999999982 12.999999999999998 12.000000000000002 8.9999999999999982 10.999999999999998 7
leaf_count=453 22 7 13 12 9 11 7
internal_value=0 -0.00163448 -0.000732718 0.0145287 0.00553668 0.0266484 -0.0316503
internal_weight=0 480 466 54 31 23 14
internal_count=534 480 466 54 31 23 14
is_linear=0
shrinkage=0.1


Tree=35
num_leaves=7
num_cat=0
split_feature=36 29 66 16 67 53
split_gain=1.1476 1.3262 2.50898 1.58444 0.610769 1.01787
threshold=1.8688348091416842 0.8958797346140277 2.6735537653587347 3.2180751841847144 3.6632328069201612 3.6632328069201612
decision_type=2 2 2 2 2 2
left_child=4 2 -2 -3 5 -1
right_child=1 3 -4 -5 -6 -7
leaf_value=-0.0093743905042990659 0.040920396956304714 -0.012540612001962301 -0.0024585301987826826 0.0033393022715013949 0.014742397599750096 -0.049181453564337327
leaf_weight=78 24 79 30 307 8.9999999999999982 6.9999999999999991
leaf_count=78 24 79 30 307 9 7
internal_value=0 0.00214271 0.016821 8.9268e-05 -0.0100297 -0.0126526
internal_weight=0 440 54 386 94 85
internal_count=534 440 54 386 94 85
is_linear=0
shrinkage=0.1


Tree=36
num_leaves=6
num_cat=0
split_feature=77 14 58 38 45
split_gain=1.07217 1.01164 0.989895 0.929384 0.611743
threshold=3.9415346756528771 6.0637419401848893 6.6982672939140819 4.9904094477362264 5.1587909936711744
decision_type=2 2 2 2 2
left_child=1 2 -1 -2 -3
right_child=3 4 -4 -5 -6
leaf_value=-0.0015893427393556131 0.038757366171249974 -0.0038992044081290565 -0.028592370576890454 -0.0007370096038688313 0.020456609876374855
leaf_weight=448 13.000000000000002 14.999999999999998 13.999999999999998 10.999999999999998 33
leaf_count=448 13 15 14 11 33
internal_value=0 -0.000972037 -0.00240762 0.0206558 0.0128454
internal_weight=0 510 462 24 48
internal_count=534 510 462 24 48
is_linear=0
shrinkage=0.1


Tree=37
num_leaves=8
num_cat=0
split_feature=14 44 66 7 66 37 34
split_gain=0.953037 1.43729 2.14811 1.37905 0.998535 1.4802 0.566154
threshold=3.2769667020129059 4.317399216745252 1.4978661367769956 4.5325416796595226 2.1383330595080281 0.89587973461402759 1.9356005054539456
decision_type=2 2 2 2 2 2 2
left_child=4 2 -2 -3 5 -1 -6
right_child=1 3 -4 -5 6 -7 -8
leaf_value=-0.0054724986649165724 -0.024429217646164555 -0.0084697796591171933 0.017393971885554495 0.0067245394994837884 -0.0017642168610384973 0.026007371395826342 -0.017727288990007604
leaf_weight=59 13.999999999999998 128 100 112 33 20 68
leaf_count=59 14 128 100 112 33 20 68
internal_value=0 0.00301244 0.0122578 -0.0013791 -0.00592447 0.00249709 -0.0125116
internal_weight=0 354 114 240 180 79 101
internal_count=534 354 114 240 180 79 101
is_linear=0
shrinkage=0.1


Tree=38
num_leaves=8
num_cat=0
split_feature=42 75 29 44 16 33 0
split_gain=0.928444 1.47038 1.46399 1.3357 1.30842 1.0835 0.613272
threshold=0.8958797346140277 4.3943729409690677 0.8958797346140277 6.985640106129563 4.744894319750431 4.4885732424042368 1.8688348091416842
decision_type=2 2 2 2 2 2 2
left_child=4 2 -2 -3 5 -1 -6
right_child=1 3 -4 -5 6 -7 -8
leaf_value=-0.010126379979247193 0.027672776850787079 -0.0071679644301292245 0.004720319715720094 0.034886302519589664 0.043711089768580035 0.030073164084127975 0.0042457255845268571
leaf_weight=159 33 135 176 7.9999999999999991 6.9999999999999991 6.9999999999999991 8.9999999999999982
leaf_count=159 33 135 176 8 7 7 9
internal_value=0 0.00299828 0.00834439 -0.00481528 -0.00579886 -0.00843122 0.0215118
internal_weight=0 352 209 143 182 166 16
internal_count=534 352 209 143 182 166 16
is_linear=0
shrinkage=0.1


Tree=39
num_leaves=8
num_cat=0
split_feature=56 68 13 56 24 8 0
split_gain=0.788282 1.1671 1.25349 0.955655 1.47661 1.22099 0.524871
threshold=1.8688348091416842 1.0397207708399181 1.8688348091416842 2.3502401828962087 3.7012257604091228 4.3943729409690677 1.0000000180025095e-35
decision_type=2 2 2 2 2 2 2
left_child=1 2 -1 5 -5 -2 -3
right_child=3 6 -4 4 -6 -7 -8
leaf_value=-0.0035774382221622062 0.0084160716242847912 -0.01215053344002137 0.042891603388956617 -0.0089478096525029607 0.0042965333240646674 0.054656154449496952 -0.034722432387726647
leaf_weight=34 31 39 6.9999999999999991 120 282 6.9999999999999991 13.999999999999998
leaf_count=34 31 39 7 120 282 7 14
internal_value=0 -0.00831252 0.0043563 0.00177586 0.000342998 0.016934 -0.0181129
internal_weight=0 94 41 440 402 38 53
internal_count=534 94 41 440 402 38 53
is_linear=0
shrinkage=0.1


Tree=40
num_leaves=7
num_cat=0
split_feature=77 43 53 67 18 15
split_gain=0.749007 0.719325 1.10255 0.950318 0.715909 0.352568
threshold=3.9415346756528771 5.7493727006981983 5.5947044697546167 4.7273486598447958 4.9904094477362264 5.2496211935437129
decision_type=2 2 2 2 2 2
left_child=1 2 -1 -3 -2 -6
right_child=4 3 -4 -5 5 -7
leaf_value=-0.001124072832161638 0.044179668809686372 0.029101445070571372 -0.031830217378834888 -0.0018810834857338869 0.019759182011087728 -0.0090930647682398568
leaf_weight=458 7.0000000000000027 18 11.999999999999998 22 9.0000000000000018 7.9999999999999991
leaf_count=458 7 18 12 22 9 8
internal_value=0 -0.000812443 -0.00190806 0.0120611 0.0172644 0.00618165
internal_weight=0 510 470 40 24 17
internal_count=534 510 470 40 24 17
is_linear=0
shrinkage=0.1


Tree=41
num_leaves=6
num_cat=0
split_feature=15 8 5 78 1
split_gain=0.726735 0.748589 0.587135 0.401542 0.312691
threshold=5.9596151102379187 6.6908229876672065 3.3140206880897671 2.3502401828962087 3.4175922930736511
decision_type=2 2 2 2 2
left_child=1 2 -1 4 -2
right_child=3 -3 -4 -5 -6
leaf_value=-0.0011016405403547452 0.013906460721045731 -0.033404484604086196 0.018371854320866989 -0.0032959455520742472 0.039246808631079544
leaf_weight=479 16.000000000000004 6.9999999999999991 15.999999999999998 8.9999999999999982 6.9999999999999991
leaf_count=479 16 7 16 9 7
internal_value=0 -0.000931409 -0.000472194 0.0146115 0.0216187
internal_weight=0 502 495 32 23
internal_count=534 502 495 32 23
is_linear=0
shrinkage=0.1


Tree=42
num_leaves=7
num_cat=0
split_feature=26 66 29 24 33 22
split_gain=0.635599 1.79905 2.05729 1.17709 0.947913 0.70652
threshold=2.1383330595080281 2.6735537653587347 0.8958797346140277 3.7609296261008152 4.3437210834879627 2.740319461670996
decision_type=2 2 2 2 2 2
left_child=4 2 -2 -3 5 -1
right_child=1 3 -4 -5 -6 -7
leaf_value=-0.011098412522708304 0.045976416352722385 -0.010666943139032178 0.00597499226530393 0.0024876920600025651 0.029212970499481475 0.01812980586869849
leaf_weight=102 18 92 45 261 6.9999999999999991 8.9999999999999982
leaf_count=102 18 92 45 261 7 9
internal_value=0 0.00183745 0.017404 -0.000940711 -0.00647779 -0.00872856
internal_weight=0 416 63 353 118 111
internal_count=534 416 63 353 118 111
is_linear=0
shrinkage=0.1


Tree=43
num_leaves=8
num_cat=0
split_feature=75 3 47 67 46 75 32
split_gain=0.651279 1.15271 1.5443 1.05079 0.833339 0.545962 0.52581
threshold=5.3935862223306854 1.8688348091416842 4.5053345884235583 5.1761337726651186 4.2045812236012674 6.4689798272030261 2.740319461670996
decision_type=2 2 2 2 2 2 2
left_child=1 2 -1 6 -3 -5 -2
right_child=3 4 -4 5 -6 -7 -8
leaf_value=-0.00014698111179745481 -0.045548756739922931 0.037001151828603314 -0.042093589405218762 0.0090811117790872229 0.0077696482109469046 -0.02032024746295065 -0.01501237551264208
leaf_weight=354 6.9999999999999991 10.999999999999998 8.9999999999999982 30 86 7.9999999999999991 29
leaf_count=354 7 11 9 30 86 8 29
internal_value=0 0.00140071 -0.00118698 -0.00870715 0.0110846 0.00289135 -0.02095
internal_weight=0 460 363 74 97 38 36
internal_count=534 460 363 74 97 38 36
is_linear=0
shrinkage=0.1


Tree=44
num_leaves=7
num_cat=0
split_feature=46 30 75 24 3 23
split_gain=0.587596 0.89789 0.731054 1.08908 0.896611 0.528467
threshold=1.0397207708399181 4.1266138227908868 5.3935862223306854 3.7012257604091228 2.249904835165133 3.1345481418531311
decision_type=2 2 2 2 2 2
left_child=1 5 3 -2 -4 -1
right_child=2 -3 4 -5 -6 -7
leaf_value=-0.0080720035113732921 -0.002891059192633889 -0.042560869029590061 -0.027992190683589265 0.0077286763568430242 -0.0018250649896033697 0.021100534818002156
leaf_weight=55 174 6.9999999999999991 17 217 57 6.9999999999999991
leaf_count=55 174 7 17 217 57 7
internal_value=0 -0.00861134 0.00127781 0.00300276 -0.00783643 -0.00477833
internal_weight=0 69 465 391 74 62
internal_count=534 69 465 391 74 62
is_linear=0
shrinkage=0.1


Tree=45
num_leaves=5
num_cat=0
split_feature=78 72 3 65
split_gain=0.528298 0.639333 1.21269 1.11803
threshold=3.9607678160667752 1.2424533248940006 1.4978661367769956 3.8064155152036787
decision_type=2 2 2 2
left_child=1 2 -1 -3
right_child=-2 3 -4 -5
leaf_value=-0.0084957184118242303 0.019912060292867517 0.0084049827999015357 0.015207166805863382 -0.0031495937890045952
leaf_weight=158 12.999999999999998 153 25 185
leaf_count=158 13 153 25 185
internal_value=0 -0.000496846 -0.00525762 0.00208073
internal_weight=0 521 183 338
internal_count=534 521 183 338
is_linear=0
shrinkage=0.1


Tree=46
num_leaves=5
num_cat=0
split_feature=2 75 6 67
split_gain=0.50161 0.526423 0.854746 0.701211
threshold=4.3665553488193547 5.3935862223306854 2.0126758453675748 5.1761337726651186
decision_type=2 2 2 2
left_child=1 2 -1 -3
right_child=-2 3 -4 -5
leaf_value=-0.00097685830178941327 0.02659309556973832 -0.018431821338849009 0.010959354710673363 0.0017321182935334306
leaf_weight=387 6.9999999999999991 35 71 34
leaf_count=387 7 35 71 34
internal_value=0 -0.000353229 0.000873515 -0.00849597
internal_weight=0 527 458 69
internal_count=534 527 458 69
is_linear=0
shrinkage=0.1


Tree=47
num_leaves=7
num_cat=0
split_feature=30 68 72 25 22 56
split_gain=0.448496 0.813062 1.26437 1.14577 0.425837 0.349558
threshold=1.0397207708399181 1.0397207708399181 3.1345481418531311 2.0126758453675748 2.740319461670996 4.234001473612734
decision_type=2 2 2 2 2 2
left_child=4 2 -2 -3 5 -1
right_child=1 3 -4 -5 -6 -7
leaf_value=-0.0074452125159550023 0.02257811189903056 -0.010433474147684202 -0.024092248986874308 0.0025179997823588235 0.013235803289959828 -0.031080274337104391
leaf_weight=59 34 86 6.9999999999999991 332 8.9999999999999982 6.9999999999999991
leaf_count=59 34 86 7 332 9 7
internal_value=0 0.00117148 0.01461 -0.000146658 -0.00716943 -0.00995196
internal_weight=0 459 41 418 75 66
internal_count=534 459 41 418 75 66
is_linear=0
shrinkage=0.1


Tree=48
num_leaves=5
num_cat=0
split_feature=1 31 44 67
split_gain=0.424282 0.587248 0.736092 0.387662
threshold=4.3665553488193547 6.3792311941869295 6.5431566562147365 5.2310943182715759
decision_type=2 2 2 2
left_child=1 2 -1 -3
right_child=-2 3 -4 -5
leaf_value=-0.0002795966973367502 0.024457537276404248 -0.037172141138996403 0.028573210521911582 -0.0038914228656462256
leaf_weight=504 6.9999999999999991 6.9999999999999982 8.9999999999999982 7
leaf_count=504 7 7 9 7
internal_value=0 -0.000324863 0.000226593 -0.0205318
internal_weight=0 527 513 14
internal_count=534 527 513 14
is_linear=0
shrinkage=0.1


Tree=49
num_leaves=8
num_cat=0
split_feature=56 56 8 68 13 24 0
split_gain=0.417252 0.841734 0.957648 0.762501 0.857693 0.729943 0.437474
threshold=1.8688348091416842 2.3502401828962087 4.3943729409690677 1.0397207708399181 1.8688348091416842 3.7012257604091228 1.0000000180025095e-35
decision_type=2 2 2 2 2 2 2
left_child=3 2 -2 4 -1 -3 -5
right_child=1 5 -4 6 -6 -7 -8
leaf_value=-0.0023703701150439242 0.0079743836705963456 -0.006585023112711497 0.048925411488328664 -0.008525866242006231 0.036068389857453961 0.0027269640846420678 -0.029133017284662596
leaf_weight=34 31 120 6.9999999999999991 39 6.9999999999999991 282 13.999999999999998
leaf_count=34 31 120 7 39 7 282 14
internal_value=0 0.00129201 0.015518 -0.00604771 0.00419235 -5.27336e-05 -0.0139693
internal_weight=0 440 38 94 41 402 53
internal_count=534 440 38 94 41 402 53
is_linear=0
shrinkage=0.1


Tree=50
num_leaves=5
num_cat=0
split_feature=78 72 31 3
split_gain=0.41726 0.399551 1.06382 0.859632
threshold=3.9607678160667752 1.2424533248940006 4.6346818562128229 1.4978661367769956
decision_type=2 2 2 2
left_child=1 3 -3 -1
right_child=-2 2 -4 -5
leaf_value=-0.0069314160075700324 0.017696206443584883 0.0075134498756960965 -0.0037228359392153503 0.013025033317506313
leaf_weight=158 12.999999999999998 160 178 25
leaf_count=158 13 160 178 25
internal_value=0 -0.000441556 0.00159612 -0.00420513
internal_weight=0 521 338 183
internal_count=534 521 338 183
is_linear=0
shrinkage=0.1


Tree=51
num_leaves=6
num_cat=0
split_feature=15 8 74 78 1
split_gain=0.376225 0.620958 0.416248 0.278455 0.24194
threshold=5.9596151102379187 6.6908229876672065 2.4414009612931857 2.249904835165133 3.1984648276080736
decision_type=2 2 2 2 2
left_child=1 2 -1 4 -2
right_child=3 -3 -4 -5 -6
leaf_value=0.0054755305794141453 0.0088749430737932126 -0.030245717082704817 -0.0017201198385065177 -0.0033230106346309185 0.030674943933263421
leaf_weight=101 14.000000000000002 6.9999999999999991 394 9.9999999999999982 7.9999999999999991
leaf_count=101 14 7 394 10 8
internal_value=0 -0.000670157 -0.000251916 0.0105131 0.0168022
internal_weight=0 502 495 32 22
internal_count=534 502 495 32 22
is_linear=0
shrinkage=0.1


Tree=52
num_leaves=7
num_cat=0
split_feature=43 53 67 68 53 14
split_gain=0.347979 0.871367 0.668598 0.590389 0.416241 0.31042
threshold=5.7493727006981983 5.5947044697546167 4.7273486598447958 5.0434043048315838 4.2903656061101136 6.0306390303134707
decision_type=2 2 2 2 2 2
left_child=1 4 3 -2 -1 -4
right_child=2 -3 5 -5 -6 -7
leaf_value=0.0018638906818372405 0.0051535091311153422 -0.027344059882064661 -0.014601964169097212 0.041374722040361828 -0.0045437338202388893 0.0091551340206272227
leaf_weight=337 9.0000000000000018 11.999999999999998 11.000000000000002 8.9999999999999982 145 10.999999999999998
leaf_count=337 9 12 11 9 145 11
internal_value=0 -0.000726395 0.00897097 0.0232641 -6.37142e-05 -0.00272342
internal_weight=0 494 40 18 482 22
internal_count=534 494 40 18 482 22
is_linear=0
shrinkage=0.1


Tree=53
num_leaves=7
num_cat=0
split_feature=36 66 29 14 56 30
split_gain=0.363237 0.884123 1.18005 0.817336 0.475388 0.437963
threshold=1.8688348091416842 2.1383330595080281 0.8958797346140277 3.2769667020129059 4.1430087342023825 3.1984648276080736
decision_type=2 2 2 2 2 2
left_child=4 2 -2 -3 5 -1
right_child=1 3 -4 -5 -6 -7
leaf_value=-0.0041633875974054846 0.037026542921861014 -0.009130383808549275 0.0040223373010611308 0.0019741748542790967 0.019428250872130907 -0.02205729062723763
leaf_weight=70 14.999999999999998 85 39 301 6.9999999999999991 17
leaf_count=70 15 85 39 301 7 17
internal_value=0 0.00120548 0.0131902 -0.00047113 -0.00564269 -0.0076599
internal_weight=0 440 54 386 94 87
internal_count=534 440 54 386 94 87
is_linear=0
shrinkage=0.1


Tree=54
num_leaves=5
num_cat=0
split_feature=78 72 49 3
split_gain=0.342802 0.351145 0.948323 0.676667
threshold=3.9607678160667752 1.2424533248940006 1.0000000180025095e-35 1.4978661367769956
decision_type=2 2 2 2
left_child=1 3 -3 -1
right_child=-2 2 -4 -5
leaf_value=-0.0063472756729873866 0.016039766313937994 -0.016838881527431883 0.0030391078570877047 0.011358475236920641
leaf_weight=158 12.999999999999998 26 312 25
leaf_count=158 13 26 312 25
internal_value=0 -0.000400224 0.00151003 -0.00392846
internal_weight=0 521 338 183
internal_count=534 521 338 183
is_linear=0
shrinkage=0.1


Tree=55
num_leaves=8
num_cat=0
split_feature=54 33 50 58 43 11 28
split_gain=0.371532 1.39752 1.11186 0.992537 0.652937 0.624115 0.458567
threshold=3.891612008168019 3.3497501700808394 3.5549397315361362 3.2951505240983434 3.1345481418531311 4.4187680230537838 4.4425820475484112
decision_type=2 2 2 2 2 2 2
left_child=1 3 4 -1 -2 -4 -3
right_child=2 6 5 -5 -6 -7 -8
leaf_value=0.0044916620736409037 -0.010418812022544445 0.031616283972796637 0.0087349894829094419 -0.010325401327607515 -0.041026359610259536 -0.0029071778017260852 0.0093427544126623418
leaf_weight=139 23 19 60 67 9.9999999999999982 198 18
leaf_count=139 23 19 60 67 10 198 18
internal_value=0 0.00288649 -0.00241037 -0.00032748 -0.0196938 -0.000199697 0.0207805
internal_weight=0 243 291 206 33 258 37
internal_count=534 243 291 206 33 258 37
is_linear=0
shrinkage=0.1


Tree=56
num_leaves=8
num_cat=0
split_feature=53 15 33 52 39 15 34
split_gain=0.30784 1.4112 0.920613 1.30602 0.912031 0.837196 0.408261
threshold=4.2903656061101136 4.2045812236012674 3.3497501700808394 3.4960482137079443 1.8688348091416842 3.3667009459186801 5.0937313815282925
decision_type=2 2 2 2 2 2 2
left_child=2 5 3 -1 -4 -2 -3
right_child=1 6 4 -5 -6 -7 -8
leaf_value=-0.0027932028248944304 -0.0060775922699453869 -0.011424922142436521 0.029174860566854477 0.027607546622554463 0.0047964711755252723 -0.029766145408153533 0.0047523977937431548
leaf_weight=244 37 18 21 14.999999999999998 57 25 117
leaf_count=244 37 18 21 15 57 25 117
internal_value=0 -0.00314032 0.00183573 -0.00103254 0.0113599 -0.0156294 0.00259542
internal_weight=0 197 337 259 78 62 135
internal_count=534 197 337 259 78 62 135
is_linear=0
shrinkage=0.1


Tree=57
num_leaves=8
num_cat=0
split_feature=75 6 36 3 54 36 67
split_gain=0.303319 0.648873 1.02179 0.612201 0.610295 0.390477 0.351604
threshold=5.3935862223306854 2.0126758453675748 4.5746578350692051 2.249904835165133 3.891612008168019 5.1294608635193653 4.744894319750431
decision_type=2 2 2 2 2 2 2
left_child=1 4 -3 5 -1 -2 -5
right_child=3 2 -4 6 -6 -7 -8
leaf_value=0.0024694783666909569 -0.0083082742782102665 0.028883388778194786 0.0022865865187038886 -0.021965493847216883 -0.005684952490928665 -0.038672053162008529 0.0019638337965589016
leaf_weight=239 9.0000000000000018 20 52 6.9999999999999991 149 7.9999999999999991 50
leaf_count=239 9 20 52 7 149 8 50
internal_value=0 0.000955908 0.00967459 -0.00594213 -0.000661991 -0.0225971 -0.000974856
internal_weight=0 460 72 74 388 17 57
internal_count=534 460 72 74 388 17 57
is_linear=0
shrinkage=0.1


Tree=58
num_leaves=8
num_cat=0
split_feature=75 67 70 54 3 51 39
split_gain=0.279253 0.729843 1.03093 0.942255 0.622396 0.633974 0.457776
threshold=4.3943729409690677 3.4960482137079443 5.9268940249463684 3.891612008168019 2.249904835165133 5.4889035743175976 3.2573563454362655
decision_type=2 2 2 2 2 2 2
left_child=1 3 -3 -1 5 -2 -6
right_child=4 2 -4 -5 6 -7 -8
leaf_value=0.0027740365012946713 -0.0060696729845725571 0.013537896860390903 -0.022280191102375588 -0.0097397153537638267 0.021533335914666003 -0.031086594704538586 -0.0003900708058852257
leaf_weight=206 65 75 8.9999999999999982 85 10.999999999999998 11.999999999999998 71
leaf_count=206 65 75 9 85 11 12 71
internal_value=0 0.00148906 0.00970024 -0.000881183 -0.00351193 -0.00996841 0.00255087
internal_weight=0 375 84 291 159 77 82
internal_count=534 375 84 291 159 77 82
is_linear=0
shrinkage=0.1


Tree=59
num_leaves=8
num_cat=0
split_feature=5 8 46 29 5 67 40
split_gain=0.295118 1.05144 1.43786 0.905922 1.50318 0.822619 0.537306
threshold=1.0000000180025095e-35 4.3943729409690677 3.3497501700808394 0.8958797346140277 0.8958797346140277 2.7058230259275202 2.9174053685313028
decision_type=2 2 2 2 2 2 2
left_child=1 5 -3 4 -2 -1 -5
right_child=3 2 -4 6 -6 -7 -8
leaf_value=-0.0035003129907174788 0.045581728840867683 0.047815552353858932 -0.0050601336639374498 -0.011930949468275205 0.0022345980862155559 -0.025734225905647404 0.0013566035314228242
leaf_weight=134 11.999999999999998 9.0000000000000018 11.999999999999998 34 24 19 290
leaf_count=134 12 9 12 34 24 19 290
internal_value=0 -0.00338146 0.0176009 0.00163437 0.0166836 -0.00626139 -3.77693e-05
internal_weight=0 174 21 360 36 153 324
internal_count=534 174 21 360 36 153 324
is_linear=0
shrinkage=0.1


Tree=60
num_leaves=4
num_cat=0
split_feature=3 21 22
split_gain=0.268147 0.538631 0.430537
threshold=4.3665553488193547 6.3792311941869295 4.6150714996361826
decision_type=2 2 2
left_child=1 2 -1
right_child=-2 -3 -4
leaf_value=-0.00048935595989832176 0.01944339626601764 -0.021201963908970358 0.011855247421772221
leaf_weight=485 6.9999999999999991 11.999999999999998 30
leaf_count=485 7 12 30
internal_value=0 -0.000258261 0.000229747
internal_weight=0 527 515
internal_count=534 527 515
is_linear=0
shrinkage=0.1


Tree=61
num_leaves=5
num_cat=0
split_feature=2 58 59 77
split_gain=0.246433 0.338825 0.67526 0.153692
threshold=4.3665553488193547 6.6982672939140819 4.007167868649713 2.524928003624769
decision_type=2 2 2 2
left_child=1 2 -1 -3
right_child=-2 3 -4 -5
leaf_value=-0.00046814209178171656 0.018639518693089486 -0.0063598927618427684 0.019252332975156605 -0.025314576285226004
leaf_weight=491 6.9999999999999991 11.000000000000002 18 6.9999999999999991
leaf_count=491 7 11 18 7
internal_value=0 -0.000247584 0.000229242 -0.0137312
internal_weight=0 527 509 18
internal_count=534 527 509 18
is_linear=0
shrinkage=0.1


Tree=62
num_leaves=8
num_cat=0
split_feature=75 4 36 67 7 23 28
split_gain=0.260935 0.566394 0.917902 0.702788 0.502082 0.502282 0.244433
threshold=4.3943729409690677 1.2424533248940004 4.5746578350692051 1.4978661367769956 4.7094896185437563 4.7621374077860157 6.511426193267698
decision_type=2 2 2 2 2 2 2
left_child=1 3 -3 -1 5 -2 -6
right_child=4 2 -4 -5 6 -7 -8
leaf_value=0.0032182340016738784 -0.0045460829347674109 0.017475726189091802 -0.00073495589744960587 -0.0072895752591581112 0.0065731698701925138 -0.023171916767346881 -0.0075936373963486408
leaf_weight=155 74 50 62 108 51 18 15.999999999999998
leaf_count=155 74 50 62 108 51 18 16
internal_value=0 0.00143939 0.00739481 -0.00109676 -0.00339479 -0.00819027 0.00319005
internal_weight=0 375 112 263 159 92 67
internal_count=534 375 112 263 159 92 67
is_linear=0
shrinkage=0.1


Tree=63
num_leaves=8
num_cat=0
split_feature=72 31 21 50 3 31 70
split_gain=0.258903 0.700611 1.53174 1.18805 0.486638 0.755374 0.5414
threshold=1.2424533248940006 4.6346818562128229 4.744894319750431 4.1266138227908868 1.4978661367769956 2.249904835165133 4.4425820475484112
decision_type=2 2 2 2 2 2 2
left_child=4 3 -3 -2 5 -1 -6
right_child=1 2 -4 -5 6 -7 -8
leaf_value=-0.00018477613967088813 0.0013449978397889143 -0.029478063909827098 0.0005244627678509733 0.020907822854462126 0.021270314359571781 -0.014582092862745578 -0.0068284680368378764
leaf_weight=108 119 19 163 42 16.000000000000004 55 11.999999999999998
leaf_count=108 119 19 163 42 16 55 12
internal_value=0 0.00164311 -0.00260767 0.00644834 -0.00295072 -0.00504277 0.00922798
internal_weight=0 343 182 161 191 163 28
internal_count=534 343 182 161 191 163 28
is_linear=0
shrinkage=0.1


Tree=64
num_leaves=7
num_cat=0
split_feature=77 56 22 63 61 15
split_gain=0.228524 0.428597 0.442505 0.290789 0.849123 0.579234
threshold=3.9415346756528771 4.8674160932529942 2.524928003624769 2.1383330595080281 3.9701138825728512 2.0126758453675748
decision_type=2 2 2 2 2 2
left_child=3 2 -2 5 -5 -1
right_child=1 -3 -4 4 -6 -7
leaf_value=-0.0020079321058064296 0.0015259276809436928 -0.0077159603850709066 0.035953839588910345 -0.010853856489081999 0.00080932039061581041 0.0091949290206915207
leaf_weight=111 7.0000000000000027 8.9999999999999982 7.9999999999999991 85 235 79
leaf_count=111 7 9 8 85 235 79
internal_value=0 0.00953619 0.0198875 -0.000448762 -0.00228871 0.0026501
internal_weight=0 24 15 510 320 190
internal_count=534 24 15 510 320 190
is_linear=0
shrinkage=0.1


Tree=65
num_leaves=8
num_cat=0
split_feature=74 54 36 54 5 5 67
split_gain=0.228357 0.566706 0.593382 0.591799 0.4991 0.701308 0.409462
threshold=2.4414009612931857 2.191013317336941 2.1383330595080281 1.5890269151739729 1.0000000180025095e-35 0.8958797346140277 2.7058230259275202
decision_type=2 2 2 2 2 2 2
left_child=1 3 -3 -1 6 -6 -2
right_child=4 2 -4 -5 5 -7 -8
leaf_value=0.0022675549438833423 -0.0039895370352740697 -0.0096704365685582171 0.021210782575820174 -0.026745951711200179 0.012486359530852901 -0.00094693955715149318 -0.019947767285630108
leaf_weight=58 82 7.9999999999999991 28 7.9999999999999991 45 285 20
leaf_count=58 82 8 28 8 45 285 20
internal_value=0 0.00425577 0.0143483 -0.00124923 -0.00100484 0.000884874 -0.0071186
internal_weight=0 102 36 66 432 330 102
internal_count=534 102 36 66 432 330 102
is_linear=0
shrinkage=0.1


Tree=66
num_leaves=8
num_cat=0
split_feature=72 31 64 21 25 31 45
split_gain=0.212936 0.578781 1.15344 1.06682 0.391846 1.1833 0.440484
threshold=1.2424533248940006 4.6150714996361826 4.8903208612686422 4.744894319750431 3.1984648276080736 2.3502401828962087 4.007167868649713
decision_type=2 2 2 2 2 2 2
left_child=4 2 -2 -3 5 -1 -6
right_child=1 3 -4 -5 6 -7 -8
leaf_value=8.3749335105485706e-06 0.0032709747364505245 -0.022976160007105631 0.033337323054937383 0.00048372119877978793 0.013250372070303587 -0.021052894331256136 -0.0052117801911663268
leaf_weight=103 144 22 13.999999999999998 163 28 36 24
leaf_count=103 144 22 14 163 28 36 24
internal_value=0 0.00149013 0.00593508 -0.0023061 -0.00267599 -0.00544634 0.00472938
internal_weight=0 343 158 185 191 139 52
internal_count=534 343 158 185 191 139 52
is_linear=0
shrinkage=0.1


Tree=67
num_leaves=6
num_cat=0
split_feature=75 4 51 32 43
split_gain=0.212626 0.523513 0.685542 0.505193 0.24284
threshold=5.3935862223306854 3.4175922930736511 6.0844345482663158 2.6735537653587347 5.3706272113530096
decision_type=2 2 2 2 2
left_child=1 2 -1 -2 -5
right_child=3 -3 -4 4 -6
leaf_value=0.00083997707581147558 -0.02870738047640771 0.026157997746486219 -0.030699689686298371 0.0037862543564508946 -0.0083509238663282311
leaf_weight=445 7.9999999999999991 7.9999999999999991 6.9999999999999991 34 32
leaf_count=445 8 8 7 34 32
internal_value=0 0.000800339 0.000351531 -0.00497508 -0.00209844
internal_weight=0 460 452 74 66
internal_count=534 460 452 74 66
is_linear=0
shrinkage=0.1


Tree=68
num_leaves=7
num_cat=0
split_feature=56 66 69 14 42 40
split_gain=0.206505 0.482374 0.638931 0.498847 0.460048 0.267184
threshold=1.8688348091416842 2.1383330595080281 2.524928003624769 3.2769667020129059 2.191013317336941 4.007167868649713
decision_type=2 2 2 2 2 2
left_child=4 2 -2 -3 5 -1
right_child=1 3 -4 -5 -6 -7
leaf_value=-0.0050266487719555809 0.015089768390559281 -0.0070007829685955376 -0.015745117003098132 0.0016256205482549331 0.013208000258041117 -0.023301772690481611
leaf_weight=72 42 86 7.9999999999999991 304 12.999999999999998 8.9999999999999982
leaf_count=72 42 86 8 304 13 9
internal_value=0 0.000908933 0.0101562 -0.000276612 -0.00425458 -0.00705722
internal_weight=0 440 50 390 94 81
internal_count=534 440 50 390 94 81
is_linear=0
shrinkage=0.1


Tree=69
num_leaves=8
num_cat=0
split_feature=75 67 9 54 3 51 39
split_gain=0.206434 0.517688 0.806551 0.611948 0.422014 0.470935 0.353851
threshold=4.3943729409690677 3.4960482137079443 1.2424533248940004 3.891612008168019 2.249904835165133 5.4889035743175976 3.2573563454362655
decision_type=2 2 2 2 2 2 2
left_child=1 3 -3 -1 5 -2 -6
right_child=4 2 -4 -5 6 -7 -8
leaf_value=0.002229726374221658 -0.0049757916036133583 0.0321980523566405 0.0041954290846155746 -0.0078549189586192367 0.018662038140676237 -0.02653726484471311 -0.0006128426903570203
leaf_weight=206 65 11.999999999999998 72 85 10.999999999999998 11.999999999999998 71
leaf_count=206 65 12 72 85 11 12 71
internal_value=0 0.00128027 0.0081958 -0.00071596 -0.00301952 -0.00833602 0.00197281
internal_weight=0 375 84 291 159 77 82
internal_count=534 375 84 291 159 77 82
is_linear=0
shrinkage=0.1


Tree=70
num_leaves=5
num_cat=0
split_feature=2 65 68 76
split_gain=0.204781 0.257247 0.715021 0.530484
threshold=4.3665553488193547 4.3437210834879627 4.1107394736335969 4.7957563937576522
decision_type=2 2 2 2
left_child=1 3 -3 -1
right_child=-2 2 -4 -5
leaf_value=-0.00020846946277765571 0.016991445894486139 -0.03096385466762715 -0.0019442823547869922 0.011271828394788116
leaf_weight=322 6.9999999999999991 8.9999999999999982 150 46
leaf_count=322 7 9 150 46
internal_value=0 -0.000225693 -0.0035869 0.00122657
internal_weight=0 527 159 368
internal_count=534 527 159 368
is_linear=0
shrinkage=0.1


Tree=71
num_leaves=8
num_cat=0
split_feature=70 60 57 62 16 65 65
split_gain=0.192391 0.768477 1.36191 0.517118 0.588715 0.395854 0.378273
threshold=3.0201273556387074 2.8029010331479989 0.89587973461402759 1.8688348091416842 4.1107394736335969 2.524928003624769 3.1984648276080736
decision_type=2 2 2 2 2 2 2
left_child=3 2 -2 5 -5 -1 -3
right_child=1 6 -4 4 -6 -7 -8
leaf_value=-0.003916825780745696 0.056014882719942476 0.00557067315482224 -0.00040930987081744453 -0.0037504439824260767 -0.034680390208959577 0.00645795661109415 -0.0019122601680257442
leaf_weight=111 7.0000000000000027 96 10.999999999999998 16.000000000000004 9.9999999999999982 55 228
leaf_count=111 7 96 11 16 10 55 228
internal_value=0 0.0014222 0.0215334 -0.00253329 -0.0156466 -0.000479398 0.000304905
internal_weight=0 342 18 192 26 166 324
internal_count=534 342 18 192 26 166 324
is_linear=0
shrinkage=0.1


Tree=72
num_leaves=7
num_cat=0
split_feature=34 9 43 15 43 62
split_gain=0.187695 0.534028 0.357682 0.857452 0.729151 0.237699
threshold=6.4401229776401969 4.1348784737664923 4.6727851606181448 4.0428973506407848 4.1742689126930488 4.2835627800822236
decision_type=2 2 2 2 2 2
left_child=2 -2 4 -4 -1 -3
right_child=1 5 3 -5 -6 -7
leaf_value=-0.00065734247044705446 0.026498342156410212 -0.016729085945657314 -0.018911636545266394 -0.00012240164569052666 0.012085653871942598 0.0068433480125597926
leaf_weight=329 10.000000000000002 7.0000000000000027 33 92 52 10.999999999999998
leaf_count=329 10 7 33 92 52 11
internal_value=0 0.00796988 -0.000441021 -0.00508276 0.00108186 -0.00232371
internal_weight=0 28 506 125 381 18
internal_count=534 28 506 125 381 18
is_linear=0
shrinkage=0.1


Tree=73
num_leaves=7
num_cat=0
split_feature=30 68 72 25 13 12
split_gain=0.174174 0.462252 0.798741 0.539243 0.233934 0.168859
threshold=1.0397207708399181 1.0397207708399181 3.1345481418531311 2.0126758453675748 3.2951505240983434 2.740319461670996
decision_type=2 2 2 2 2 2
left_child=4 2 -2 -3 5 -1
right_child=1 3 -4 -5 -6 -7
leaf_value=-0.0047629721085416226 0.017195993677630802 -0.0073209073107559676 -0.019898247745420254 0.0015641852298117502 -0.020630313456058504 0.0087892196056517692
leaf_weight=56 34 86 6.9999999999999991 332 7.9999999999999991 10.999999999999998
leaf_count=56 34 86 7 332 8 11
internal_value=0 0.000730038 0.0108628 -0.000263848 -0.00446783 -0.00253799
internal_weight=0 459 41 418 75 67
internal_count=534 459 41 418 75 67
is_linear=0
shrinkage=0.1


Tree=74
num_leaves=6
num_cat=0
split_feature=68 5 60 67 49
split_gain=0.17007 0.794298 0.386461 0.362679 0.181863
threshold=6.2323534425866471 3.3140206880897671 5.8464220685739372 5.2310943182715759 4.007167868649713
decision_type=2 2 2 2 2
left_child=1 2 -1 -2 -5
right_child=3 -3 -4 4 -6
leaf_value=-0.00065578298014946077 -0.020791498323281608 0.033972614524619922 0.011447803037507195 0.012670533847995097 -0.0048337398380365066
leaf_weight=456 11.999999999999998 6.9999999999999991 28 8.0000000000000018 23
leaf_count=456 12 7 28 8 23
internal_value=0 0.000528126 4.44245e-05 -0.00603046 -0.000316508
internal_weight=0 491 484 43 31
internal_count=534 491 484 43 31
is_linear=0
shrinkage=0.1


Tree=75
num_leaves=7
num_cat=0
split_feature=75 6 36 32 38 43
split_gain=0.176985 0.429834 0.647012 0.411718 0.410464 0.217527
threshold=5.3935862223306854 2.0126758453675748 4.5746578350692051 2.740319461670996 4.2903656061101136 5.3706272113530096
decision_type=2 2 2 2 2 2
left_child=1 4 -3 -2 -1 -5
right_child=3 2 -4 5 -6 -7
leaf_value=0.0015243871025775214 -0.024584620921976039 0.023111708518117668 0.0019473141997318286 0.0039331716795762382 -0.0055979632765925293 -0.0076381091261282568
leaf_weight=273 8.9999999999999982 20 52 33 115 32
leaf_count=273 9 20 52 33 115 32
internal_value=0 0.000730188 0.00782631 -0.00453901 -0.000586619 -0.00176346
internal_weight=0 460 72 74 388 65
internal_count=534 460 72 74 388 65
is_linear=0
shrinkage=0.1


Tree=76
num_leaves=7
num_cat=0
split_feature=77 28 53 46 25 29
split_gain=0.183491 0.316108 0.219912 0.646889 0.498685 0.11435
threshold=3.9415346756528771 4.9904094477362264 0.89587973461402759 2.524928003624769 2.0126758453675748 2.8029010331479989
decision_type=2 2 2 2 2 2
left_child=2 -2 3 -1 -4 -3
right_child=1 5 4 -5 -6 -7
leaf_value=-0.0034880270092417635 0.022124339304864401 -0.010192017629742624 -0.0080168422177219045 0.011558280119074966 0.00042144603482819026 0.0078832299049411501
leaf_weight=62 10.000000000000002 6.9999999999999982 91 53 304 7
leaf_count=62 10 7 91 53 304 7
internal_value=0 0.00854508 -0.000402121 0.00344636 -0.00152256 -0.00115439
internal_weight=0 24 510 115 395 14
internal_count=534 24 510 115 395 14
is_linear=0
shrinkage=0.1


Tree=77
num_leaves=8
num_cat=0
split_feature=44 24 69 8 36 67 13
split_gain=0.163448 0.632349 0.578399 0.432033 0.391341 0.661208 0.388342
threshold=2.6735537653587347 3.2769667020129059 1.2424533248940004 3.0433873634561537 1.4978661367769956 1.8688348091416842 1.8688348091416842
decision_type=2 2 2 2 2 2 2
left_child=4 3 -3 -2 6 -6 -1
right_child=1 2 -4 -5 5 -7 -8
leaf_value=-0.008910631318900011 -0.015673454872078517 0.011943307054433519 -0.00073791895764097157 0.00058557581371412827 0.013756500196608682 -0.0042104718698696654 0.016831286311415689
leaf_weight=36 44 41 293 26 54 33 6.9999999999999991
leaf_count=36 44 41 293 26 54 33 7
internal_value=0 -0.00099243 0.000818758 -0.00963439 0.00308417 0.00694144 -0.00472009
internal_weight=0 404 334 70 130 87 43
internal_count=534 404 334 70 130 87 43
is_linear=0
shrinkage=0.1


Tree=78
num_leaves=6
num_cat=0
split_feature=15 77 53 71 4
split_gain=0.158953 0.319332 0.271558 0.190186 0.108664
threshold=5.9596151102379187 0.89587973461402759 4.2903656061101136 5.8607821650407788 2.249904835165133
decision_type=2 2 2 2 2
left_child=1 -1 -3 4 -2
right_child=3 2 -4 -5 -6
leaf_value=-0.021644719051463264 0.0028382905665785066 0.0015280660764428527 -0.0034330812505872763 -0.0077357256618727534 0.016295863886674245
leaf_weight=6.9999999999999991 10.000000000000002 329 166 6.9999999999999991 14.999999999999998
leaf_count=7 10 329 166 7 15
internal_value=0 -0.000435599 -0.000135672 0.00683346 0.0109128
internal_weight=0 502 495 32 25
internal_count=534 502 495 32 25
is_linear=0
shrinkage=0.1


Tree=79
num_leaves=8
num_cat=0
split_feature=72 49 43 62 29 23 8
split_gain=0.157999 0.459245 0.996848 0.330341 0.715607 0.407716 0.295683
threshold=1.2424533248940006 1.0000000180025095e-35 1.7005986908310777 1.4978661367769959 1.4978661367769956 2.3937458713910238 1.5890269151739729
decision_type=2 2 2 2 2 2 2
left_child=3 6 -3 5 -5 -1 -2
right_child=1 2 -4 4 -6 -7 -8
leaf_value=-0.0045511106214253232 -0.020594472481558716 0.016317787188613278 9.4187460212304041e-05 -0.033787587871775021 -0.0004234316965772046 0.0057196455996572264 0.000465541771457841
leaf_weight=100 15.000000000000002 44 272 10.000000000000002 18 63 11.999999999999998
leaf_count=100 15 44 272 10 18 63 12
internal_value=0 0.00128359 0.00235317 -0.00230508 -0.0123392 -0.000581432 -0.0112345
internal_weight=0 343 316 191 28 163 27
internal_count=534 343 316 191 28 163 27
is_linear=0
shrinkage=0.1


Tree=80
num_leaves=4
num_cat=0
split_feature=3 21 34
split_gain=0.15246 0.335702 0.276334
threshold=4.3665553488193547 6.3792311941869295 6.4401229776401969
decision_type=2 2 2
left_child=1 2 -1
right_child=-2 -3 -4
leaf_value=-0.00018223737499204026 0.014660996285134129 -0.016728984223057828 0.014584922855003521
leaf_weight=502 6.9999999999999991 11.999999999999998 12.999999999999998
leaf_count=502 7 12 13
internal_value=0 -0.000194738 0.000190526
internal_weight=0 527 515
internal_count=534 527 515
is_linear=0
shrinkage=0.1


Tree=81
num_leaves=8
num_cat=0
split_feature=75 69 35 67 64 70 69
split_gain=0.145156 0.414202 0.836795 0.448221 0.389346 0.384745 0.335807
threshold=4.3943729409690677 3.3667009459186801 3.8064155152036787 4.317399216745252 5.0562255201382529 5.2417330174952186 2.524928003624769
decision_type=2 2 2 2 2 2 2
left_child=1 3 -3 -1 5 -2 -6
right_child=4 2 -4 -5 6 -7 -8
leaf_value=0.00083882289439223825 -0.0057929457603570298 0.030378178306497052 -0.010727567411959172 -0.02176681599683232 0.020249748183414341 -0.029044921199480697 -0.00098353577551043366
leaf_weight=345 34 13.000000000000002 7.9999999999999991 8.9999999999999982 7.9999999999999991 8.9999999999999982 108
leaf_count=345 34 13 8 9 8 9 108
internal_value=0 0.00107357 0.0147188 0.000264103 -0.002532 -0.0106596 0.000480829
internal_weight=0 375 21 354 159 43 116
internal_count=534 375 21 354 159 43 116
is_linear=0
shrinkage=0.1


Tree=82
num_leaves=8
num_cat=0
split_feature=3 47 60 34 27 27 13
split_gain=0.136624 0.623393 0.782873 0.583202 0.423792 0.20331 0.173199
threshold=2.249904835165133 4.5053345884235583 5.6021120126471873 5.1179758838799021 4.5053345884235583 5.2310943182715759 5.4680512393485436
decision_type=2 2 2 2 2 2 2
left_child=1 2 -1 -3 6 -6 -2
right_child=4 3 -4 -5 5 -7 -8
leaf_value=-0.00039698644656310398 0.024861408787017512 -0.029410807575498313 0.02795057537034154 -0.0030614630008737251 -0.0042853521163317759 0.0051187729160301386 0.0055235522217117255
leaf_weight=378 11.000000000000002 13.999999999999998 9.9999999999999982 21 47 45 7.9999999999999991
leaf_count=378 11 14 10 21 47 45 8
internal_value=0 -0.000819379 0.000333621 -0.0136012 0.0031225 0.000314492 0.0167192
internal_weight=0 423 388 35 111 92 19
internal_count=534 423 388 35 111 92 19
is_linear=0
shrinkage=0.1


Tree=83
num_leaves=8
num_cat=0
split_feature=17 47 19 14 44 56 8
split_gain=0.136363 0.57654 0.683892 0.485631 0.454868 0.34914 0.32861
threshold=1.8688348091416842 2.4414009612931857 1.2424533248940004 3.2769667020129059 4.234001473612734 1.8688348091416842 3.1984648276080736
decision_type=2 2 2 2 2 2 2
left_child=1 5 -3 6 -5 -1 -2
right_child=3 2 -4 4 -6 -7 -8
leaf_value=-0.0054024142161610408 -0.021411274200201863 0.032206866546319074 0.00087001535420616464 0.0069503317458408063 -0.001963561933208157 0.0041344799405402125 -0.0036910888794809585
leaf_weight=70 18 13.000000000000002 14.999999999999998 76 232 85 25
leaf_count=70 18 13 15 76 232 85 25
internal_value=0 0.00221312 0.0154193 -0.00115385 0.00023597 -0.000172505 -0.0111088
internal_weight=0 183 28 351 308 155 43
internal_count=534 183 28 351 308 155 43
is_linear=0
shrinkage=0.1


Tree=84
num_leaves=8
num_cat=0
split_feature=70 60 57 62 29 65 41
split_gain=0.133576 0.571813 0.966511 0.410068 0.446078 0.298942 0.274716
threshold=3.0201273556387074 2.8029010331479989 0.89587973461402759 1.8688348091416842 1.4978661367769956 2.524928003624769 3.2180751841847144
decision_type=2 2 2 2 2 2 2
left_child=3 2 -2 5 -5 -1 -3
right_child=1 6 -4 4 -6 -7 -8
leaf_value=-0.0032690201300775283 0.047580948684896721 -0.0070291968015953905 4.8046728426759897e-05 -0.033435833454132063 -0.0050559243691774705 0.0057467826848997816 0.0013906816581404338
leaf_weight=111 7.0000000000000027 45 10.999999999999998 8.0000000000000018 18 55 279
leaf_count=111 7 45 11 8 18 55 279
internal_value=0 0.00118503 0.0185331 -0.00211084 -0.0137882 -0.000281857 0.000221254
internal_weight=0 342 18 192 26 166 324
internal_count=534 342 18 192 26 166 324
is_linear=0
shrinkage=0.1


Tree=85
num_leaves=8
num_cat=0
split_feature=74 4 36 58 54 54 22
split_gain=0.15484 0.347773 0.707227 0.437257 0.320541 0.452963 0.407413
threshold=2.4414009612931857 1.2424533248940004 4.2045812236012674 3.2951505240983434 2.191013317336941 2.8029010331479989 2.3502401828962087
decision_type=2 2 2 2 2 2 2
left_child=4 3 -3 -2 6 -6 -1
right_child=1 2 -4 -5 5 -7 -8
leaf_value=-0.0045269703843964721 0.00053311763782700416 0.01163739576427774 -0.0012392996779741034 -0.009149245946508509 0.024366988216837249 0.001614574764278673 0.015228158651063077
leaf_weight=53 98 55 190 89 14.999999999999998 21 12.999999999999998
leaf_count=53 98 55 190 89 15 21 13
internal_value=0 -0.000827425 0.00165139 -0.00407507 0.00350439 0.0110947 -0.000635809
internal_weight=0 432 245 187 102 36 66
internal_count=534 432 245 187 102 36 66
is_linear=0
shrinkage=0.1


Tree=86
num_leaves=8
num_cat=0
split_feature=44 24 28 8 36 67 16
split_gain=0.130328 0.450186 0.38063 0.326376 0.230246 0.461783 0.300111
threshold=2.6735537653587347 3.2769667020129059 2.3937458713910238 3.0433873634561537 1.4978661367769956 1.8688348091416842 1.8688348091416842
decision_type=2 2 2 2 2 2 2
left_child=4 3 -3 -2 6 -6 -1
right_child=1 2 -4 -5 5 -7 -8
leaf_value=0.0010660572878002901 -0.013426836418114941 0.010354602706825568 -0.00053132533118435059 0.00070489096150805168 0.011408045475750611 -0.0036069280213930389 -0.019469875697460441
leaf_weight=34 44 36 298 26 54 33 8.9999999999999982
leaf_count=34 44 36 298 26 54 33 9
internal_value=0 -0.000886195 0.000642008 -0.00817791 0.00275402 0.00571271 -0.00323216
internal_weight=0 404 334 70 130 87 43
internal_count=534 404 334 70 130 87 43
is_linear=0
shrinkage=0.1


Tree=87
num_leaves=7
num_cat=0
split_feature=77 56 22 63 61 6
split_gain=0.128159 0.236701 0.237038 0.169254 0.409727 0.381766
threshold=3.9415346756528771 4.8674160932529942 2.524928003624769 1.4978661367769956 3.9701138825728512 0.8958797346140277
decision_type=2 2 2 2 2 2
left_child=3 2 -2 5 -5 -1
right_child=1 -3 -4 4 -6 -7
leaf_value=-0.00017628918697289565 0.0013951682086501796 -0.0056794961707459556 0.02659285857807845 -0.0060708440003795633 0.0009631735897092774 0.012196530544315465
leaf_weight=113 7.0000000000000027 8.9999999999999982 7.9999999999999991 127 238 32
leaf_count=113 7 9 8 127 238 32
internal_value=0 0.0071414 0.0148339 -0.000336066 -0.00148428 0.00255426
internal_weight=0 24 15 510 365 145
internal_count=534 24 15 510 365 145
is_linear=0
shrinkage=0.1


Tree=88
num_leaves=7
num_cat=0
split_feature=43 52 23 36 65 27
split_gain=0.125405 0.626145 0.519124 0.47181 0.452309 0.318391
threshold=3.0201273556387074 3.4334666422309414 3.4175922930736511 4.007167868649713 4.0428973506407848 4.2045812236012674
decision_type=2 2 2 2 2 2
left_child=1 5 4 -4 -2 -1
right_child=2 -3 3 -5 -6 -7
leaf_value=0.0011850095439955555 -0.0020007239965101082 0.023956421607484422 0.012214356892171407 -0.0010309636280034656 -0.019636724740625 -0.020475700963288546
leaf_weight=222 33 11.999999999999998 31 203 26 6.9999999999999991
leaf_count=222 33 12 31 203 26 7
internal_value=0 0.00168971 -0.00138983 0.000723758 -0.00977252 0.000522892
internal_weight=0 241 293 234 59 229
internal_count=534 241 293 234 59 229
is_linear=0
shrinkage=0.1


Tree=89
num_leaves=7
num_cat=0
split_feature=7 36 6 9 16 34
split_gain=0.13005 0.304255 0.366357 0.26342 0.243355 0.182898
threshold=5.1761337726651186 6.2402587455999674 2.9700856263602158 4.1348784737664923 6.5220884728919293 6.0637419401848893
decision_type=2 2 2 2 2 2
left_child=1 2 -1 5 -5 -2
right_child=3 -3 -4 4 -6 -7
leaf_value=-0.00073841587530612941 0.0062642306650933961 -0.016231176148479184 0.012202348843540836 -0.014482260290533301 0.0054037028457969427 0.024600228201597931
leaf_weight=448 17.000000000000004 11.999999999999998 23 10.000000000000002 15.999999999999998 7.9999999999999991
leaf_count=448 17 12 23 10 16 8
internal_value=0 -0.000507102 -0.000106489 0.00480256 -0.00224474 0.0121317
internal_weight=0 483 471 51 26 25
internal_count=534 483 471 51 26 25
is_linear=0
shrinkage=0.1


Tree=90
num_leaves=8
num_cat=0
split_feature=72 72 47 77 51 20 71
split_gain=0.121461 0.521318 0.491836 0.309735 0.269823 0.266588 0.0773933
threshold=4.4995626957636246 4.0428973506407848 3.9316333620047872 2.602003343538398 5.8377261972180028 5.8943990397312573 5.8607821650407788
decision_type=2 2 2 2 2 2 2
left_child=1 4 -3 6 -1 -5 -2
right_child=3 2 -4 5 -6 -7 -8
leaf_value=-8.9466611569622296e-05 0.011390400212258095 0.035495226936680932 0.0063119521872563797 -0.0060516680652896553 -0.015291392756626011 -0.029685662952916966 -0.00075108784117868975
leaf_weight=432 7.0000000000000027 6.9999999999999991 33 15.000000000000002 11.999999999999998 6.9999999999999991 21
leaf_count=432 7 7 33 15 12 7 21
internal_value=0 0.000484741 0.011419 -0.00469229 -0.000500329 -0.0135716 0.00228428
internal_weight=0 484 40 50 444 22 28
internal_count=534 484 40 50 444 22 28
is_linear=0
shrinkage=0.1


Tree=91
num_leaves=7
num_cat=0
split_feature=3 9 65 27 30 27
split_gain=0.12261 0.511929 0.503838 0.295319 0.162593 0.159291
threshold=2.249904835165133 3.6762205501217919 4.7578820629520608 4.5053345884235583 5.7837825769642768 5.2310943182715759
decision_type=2 2 2 2 2 2
left_child=1 2 -1 4 -2 -5
right_child=3 -3 -4 5 -6 -7
leaf_value=0.00089067199948767665 0.0072428409825079122 -0.022066768419674851 -0.011340762898829338 -0.0034575702305486866 0.026420160915170399 0.0048664730373356082
leaf_weight=375 12.000000000000002 10.999999999999998 37 47 6.9999999999999991 45
leaf_count=375 12 11 37 47 7 45
internal_value=0 -0.000776219 -0.000207782 0.00295802 0.0143082 0.000613973
internal_weight=0 423 412 111 19 92
internal_count=534 423 412 111 19 92
is_linear=0
shrinkage=0.1


Tree=92
num_leaves=8
num_cat=0
split_feature=70 60 57 62 70 65 41
split_gain=0.115227 0.473715 0.741928 0.345826 0.372531 0.252449 0.224348
threshold=3.0201273556387074 2.8029010331479989 0.89587973461402759 1.8688348091416842 2.191013317336941 2.524928003624769 3.3497501700808394
decision_type=2 2 2 2 2 2 2
left_child=3 2 -2 5 -5 -1 -3
right_child=1 6 -4 4 -6 -7 -8
leaf_value=-0.0030259508737111216 0.042340878184352587 -0.0058647285845568956 0.0006950169463049282 -0.0047042255186372332 -0.030639250390231611 0.0052591544959101491 0.0013607580358232457
leaf_weight=111 7.0000000000000027 51 10.999999999999998 18.000000000000004 7.9999999999999991 55 273
leaf_count=111 7 51 11 18 8 55 273
internal_value=0 0.00110063 0.0168906 -0.00196051 -0.0126842 -0.000280886 0.000223413
internal_weight=0 342 18 192 26 166 324
internal_count=534 342 18 192 26 166 324
is_linear=0
shrinkage=0.1


Tree=93
num_leaves=8
num_cat=0
split_feature=74 19 19 75 18 65 48
split_gain=0.121543 0.289479 0.276917 0.267321 0.495268 0.296421 0.0804648
threshold=2.4414009612931857 1.0000000180025095e-35 1.4978661367769956 1.4978661367769956 4.8713658868283671 3.8064155152036787 2.602003343538398
decision_type=2 2 2 2 2 2 2
left_child=1 6 -3 4 -2 -5 -1
right_child=3 2 -4 5 -6 -7 -8
leaf_value=-0.0026702443004718857 -0.0033562561359510505 0.013230975338354193 0.0012968396174058445 0.0038058280785436801 -0.029702521208673716 -0.0020317065916299871 -0.017832676587360246
leaf_weight=6.9999999999999982 66 29 59 149 7.9999999999999991 209 7
leaf_count=7 66 29 59 149 8 209 7
internal_value=0 0.00310482 0.00522968 -0.000733082 -0.0062045 0.000397882 -0.0102515
internal_weight=0 102 88 432 74 358 14
internal_count=534 102 88 432 74 358 14
is_linear=0
shrinkage=0.1


Tree=94
num_leaves=6
num_cat=0
split_feature=7 19 74 25 27
split_gain=0.114169 0.648212 0.314002 0.277388 0.183532
threshold=4.317399216745252 3.5114340430413216 5.6383483370536824 3.9701138825728512 3.6632328069201612
decision_type=2 2 2 2 2
left_child=1 2 -1 -2 -5
right_child=3 -3 -4 4 -6
leaf_value=-0.00094535375158732939 0.019427460928757988 -0.0248088556595824 0.010647586898878217 0.017040032866810047 0.0004005731608718634
leaf_weight=357 8.9999999999999982 10.999999999999998 25 6.9999999999999991 125
leaf_count=357 9 11 25 7 125
internal_value=0 -0.000875825 -0.000186653 0.00244113 0.00128297
internal_weight=0 393 382 141 132
internal_count=534 393 382 141 132
is_linear=0
shrinkage=0.1


Tree=95
num_leaves=7
num_cat=0
split_feature=49 38 17 43 32 67
split_gain=0.108164 0.419125 0.731733 0.229111 0.496719 0.458533
threshold=1.0000000180025095e-35 3.3497501700808394 2.4414009612931857 3.0201273556387074 2.191013317336941 2.7058230259275202
decision_type=2 2 2 2 2 2
left_child=1 2 -1 4 -2 -5
right_child=3 -3 -4 5 -6 -7
leaf_value=-0.0021555827635967614 0.00042414530348781101 0.012648801639891015 -0.031838350892066956 -0.010024812898351526 0.012712189229272933 0.00062949559942353521
leaf_weight=49 140 12.999999999999998 9.9999999999999982 49 43 230
leaf_count=49 140 13 10 49 43 230
internal_value=0 -0.00360518 -0.00718656 0.000561846 0.0033115 -0.00124169
internal_weight=0 72 59 462 183 279
internal_count=534 72 59 462 183 279
is_linear=0
shrinkage=0.1


Tree=96
num_leaves=8
num_cat=0
split_feature=15 36 43 39 74 4 57
split_gain=0.103001 0.229576 0.514483 0.319734 0.195579 0.144283 0.121026
threshold=5.8777318586263663 6.2402587455999674 5.9375048759982354 4.166635176627655 5.4204958404047412 2.249904835165133 5.377587880612313
decision_type=2 2 2 2 2 2 2
left_child=1 2 -1 -3 5 -2 -6
right_child=4 3 -4 -5 6 -7 -8
leaf_value=-0.00033455317765261638 0.0030374135441062116 -0.024864403613739535 0.026977874551500594 6.960534180204074e-05 -0.011064989916566346 0.019234092103910042 0.0064669240798269001
leaf_weight=468 11.000000000000002 9.0000000000000018 6.9999999999999991 11.999999999999998 8.9999999999999982 10.999999999999998 6.9999999999999991
leaf_count=468 11 9 7 12 9 11 7
internal_value=0 -0.000384416 6.79458e-05 -0.0106164 0.00501763 0.0111358 -0.00339478
internal_weight=0 496 475 21 38 22 16
internal_count=534 496 475 21 38 22 16
is_linear=0
shrinkage=0.1


Tree=97
num_leaves=8
num_cat=0
split_feature=43 33 15 34 12 0 73
split_gain=0.105965 0.579974 0.57803 0.520932 0.429746 0.266128 0.220799
threshold=4.6727851606181448 4.4425820475484112 4.0428973506407848 4.9415403713792339 3.7609296261008152 1.7005986908310777 2.7058230259275202
decision_type=2 2 2 2 2 2 2
left_child=1 3 4 -1 -2 -4 -3
right_child=2 6 5 -5 -6 -7 -8
leaf_value=0.00074398660989174732 -0.0064188841317841059 0.00093305015470832595 0.015832161632451144 -0.013265823002840425 -0.031250144615769387 -0.00049498770202734263 0.017145897692535075
leaf_weight=313 23 11.999999999999998 10.999999999999998 29 9.9999999999999982 108 28
leaf_count=313 23 12 11 29 10 108 28
internal_value=0 0.000888588 -0.00223316 -0.00044398 -0.0139435 0.00101424 0.012282
internal_weight=0 382 152 342 33 119 40
internal_count=534 382 152 342 33 119 40
is_linear=0
shrinkage=0.1


Tree=98
num_leaves=8
num_cat=0
split_feature=56 21 75 38 24 22 59
split_gain=0.106179 0.307975 0.554217 0.330919 0.298184 0.273595 0.254936
threshold=1.8688348091416842 2.249904835165133 2.740319461670996 3.2384861814448418 1.0397207708399181 1.2424533248940006 0.8958797346140277
decision_type=2 2 2 2 2 2 2
left_child=4 2 -2 -3 6 -6 -1
right_child=1 3 -4 -5 5 -7 -8
leaf_value=-0.0090722102189569557 0.00059550904646335587 -0.0078888922727114903 0.017546150853325213 0.0006235141067681858 -0.0019593812618647162 -0.015224127726548393 0.01380855837778654
leaf_weight=7.0000000000000027 62 54 28 296 48 23 15.999999999999998
leaf_count=7 62 54 28 296 48 23 16
internal_value=0 0.000651759 0.00586904 -0.000689829 -0.00305078 -0.00625641 0.00684485
internal_weight=0 440 90 350 94 71 23
internal_count=534 440 90 350 94 71 23
is_linear=0
shrinkage=0.1


Tree=99
num_leaves=8
num_cat=0
split_feature=74 54 54 55 4 3 45
split_gain=0.107641 0.229314 0.390882 0.274655 0.222168 0.487094 0.338234
threshold=2.4414009612931857 2.3502401828962087 2.8029010331479989 2.524928003624769 1.2424533248940004 1.0000000180025095e-35 2.3502401828962087
decision_type=2 2 2 2 2 2 2
left_child=1 3 -3 -1 6 -6 -2
right_child=4 2 -4 -5 5 -7 -8
leaf_value=-0.0026419926613717049 0.0010360906218841632 0.024175482414041959 0.0015509477209499373 0.017064467980526389 0.022906444501131773 0.00037156248829907129 -0.0074708618395226568
leaf_weight=61 92 11.999999999999998 21 7.9999999999999991 9.9999999999999982 235 95
leaf_count=61 92 12 21 8 10 235 95
internal_value=0 0.00292186 0.00977805 -0.000357186 -0.000689884 0.00129135 -0.00328562
internal_weight=0 102 33 69 432 245 187
internal_count=534 102 33 69 432 245 187
is_linear=0
shrinkage=0.1


end of trees

feature_importances:
Column_0=41
Column_77=31
Column_14=21
Column_15=20
Column_1=19
Column_67=18
Column_75=18
Column_56=17
Column_3=15
Column_36=15
Column_13=14
Column_10=13
Column_43=13
Column_54=13
Column_16=11
Column_72=11
Column_65=10
Column_68=10
Column_70=10
Column_8=9
Column_31=9
Column_66=9
Column_2=8
Column_4=8
Column_5=8
Column_22=8
Column_27=8
Column_29=8
Column_33=8
Column_7=7
Column_24=7
Column_25=7
Column_34=7
Column_44=7
Column_49=7
Column_53=7
Column_57=7
Column_58=7
Column_74=7
Column_6=6
Column_9=6
Column_23=6
Column_42=6
Column_12=5
Column_21=5
Column_30=5
Column_45=5
Column_51=5
Column_60=5
Column_62=5
Column_64=5
Column_73=5
Column_78=5
Column_17=4
Column_19=4
Column_28=4
Column_32=4
Column_38=4
Column_39=4
Column_41=4
Column_46=4
Column_47=4
Column_52=4
Column_55=4
Column_59=4
Column_69=4
Column_71=4
Column_37=3
Column_50=3
Column_63=3
Column_18=2
Column_26=2
Column_40=2
Column_48=2
Column_61=2
Column_76=2
Column_11=1
Column_20=1
Column_35=1

parameters:
[boosting: gbdt]
[objective: regression]
[metric: l1]
[tree_learner: serial]
[device_type: cpu]
[data_sample_strategy: bagging]
[data: ]
[valid: ]
[num_iterations: 100]
[learning_rate: 0.1]
[num_leaves: 8]
[num_threads: 16]
[seed: 0]
[deterministic: 0]
[force_col_wise: 0]
[force_row_wise: 0]
[histogram_pool_size: -1]
[max_depth: 3]
[min_data_in_leaf: 7]
[min_sum_hessian_in_leaf: 0.001]
[bagging_fraction: 1]
[pos_bagging_fraction: 1]
[neg_bagging_fraction: 1]
[bagging_freq: 0]
[bagging_seed: 3]
[feature_fraction: 1]
[feature_fraction_bynode: 1]
[feature_fraction_seed: 2]
[extra_trees: 0]
[extra_seed: 6]
[early_stopping_round: 0]
[first_metric_only: 0]
[max_delta_step: 0]
[lambda_l1: 0]
[lambda_l2: 0]
[linear_lambda: 0]
[min_gain_to_split: 0]
[drop_rate: 0.1]
[max_drop: 50]
[skip_drop: 0.5]
[xgboost_dart_mode: 0]
[uniform_drop: 0]
[drop_seed: 4]
[top_rate: 0.2]
[other_rate: 0.1]
[min_data_per_group: 100]
[max_cat_threshold: 32]
[cat_l2: 10]
[cat_smooth: 10]
[max_cat_to_onehot: 4]
[top_k: 20]
[monotone_constraints: ]
[monotone_constraints_method: basic]
[monotone_penalty: 0]
[feature_contri: ]
[forcedsplits_filename: ]
[refit_decay_rate: 0.9]
[cegb_tradeoff: 1]
[cegb_penalty_split: 0]
[cegb_penalty_feature_lazy: ]
[cegb_penalty_feature_coupled: ]
[path_smooth: 0]
[interaction_constraints: ]
[verbosity: -1]
[saved_feature_importance_type: 0]
[use_quantized_grad: 0]
[num_grad_quant_bins: 4]
[quant_train_renew_leaf: 0]
[stochastic_rounding: 1]
[linear_tree: 0]
[max_bin: 255]
[max_bin_by_feature: ]
[min_data_in_bin: 3]
[bin_construct_sample_cnt: 200000]
[data_random_seed: 1]
[is_enable_sparse: 1]
[enable_bundle: 1]
[use_missing: 1]
[zero_as_missing: 0]
[feature_pre_filter: 1]
[pre_partition: 0]
[two_round: 0]
[header: 0]
[label_column: ]
[weight_column: ]
[group_column: ]
[ignore_column: ]
[categorical_feature: ]
[forcedbins_filename: ]
[precise_float_parser: 0]
[parser_config_file: ]
[objective_seed: 5]
[num_class: 1]
[is_unbalance: 0]
[scale_pos_weight: 1]
[sigmoid: 1]
[boost_from_average: 1]
[reg_sqrt: 0]
[alpha: 0.9]
[fair_c: 1]
[poisson_max_delta_step: 0.7]
[tweedie_variance_power: 1.5]
[lambdarank_truncation_level: 30]
[lambdarank_norm: 1]
[label_gain: ]
[lambdarank_position_bias_regularization: 0]
[eval_at: ]
[multi_error_top_k: 1]
[auc_mu_weights: ]
[num_machines: 1]
[local_listen_port: 12400]
[time_out: 120]
[machine_list_filename: ]
[machines: ]
[gpu_platform_id: -1]
[gpu_device_id: -1]
[gpu_use_dp: 0]
[num_gpu: 1]

end of parameters

pandas_categorical:null
