tree
version=v4
num_class=1
num_tree_per_iteration=1
label_index=0
max_feature_idx=104
objective=regression
feature_names=Delaware_lag_1 Vermont_lag_1 Arkansas_lag_1 New_Mexico_lag_1 Delaware_lag_2 Vermont_lag_2 Arkansas_lag_2 New_Mexico_lag_2 Delaware_lag_3 Vermont_lag_3 Arkansas_lag_3 New_Mexico_lag_3 Delaware_lag_4 Vermont_lag_4 Arkansas_lag_4 New_Mexico_lag_4 Delaware_lag_5 Vermont_lag_5 Arkansas_lag_5 New_Mexico_lag_5 Delaware_lag_6 Vermont_lag_6 Arkansas_lag_6 New_Mexico_lag_6 Delaware_lag_7 Vermont_lag_7 Arkansas_lag_7 New_Mexico_lag_7 Delaware_lag_8 Vermont_lag_8 Arkansas_lag_8 New_Mexico_lag_8 Delaware_lag_9 Vermont_lag_9 Arkansas_lag_9 New_Mexico_lag_9 Delaware_lag_10 Vermont_lag_10 Arkansas_lag_10 New_Mexico_lag_10 Delaware_lag_11 Vermont_lag_11 Arkansas_lag_11 New_Mexico_lag_11 Delaware_lag_12 Vermont_lag_12 Arkansas_lag_12 New_Mexico_lag_12 Delaware_lag_52 Vermont_lag_52 Arkansas_lag_52 New_Mexico_lag_52 Delaware_roll_mean_2 Delaware_roll_std_2 Delaware_roll_min_2 Delaware_roll_max_2 Delaware_roll_mean_4 Delaware_roll_std_4 Delaware_roll_min_4 Delaware_roll_max_4 Delaware_roll_mean_8 Delaware_roll_std_8 Delaware_roll_min_8 Delaware_roll_max_8 Delaware_roll_mean_12 Delaware_roll_std_12 Delaware_roll_min_12 Delaware_roll_max_12 Delaware_ewm_alpha_0.1 Delaware_ewm_alpha_0.3 Delaware_ewm_alpha_0.5 Delaware_diff_1 Delaware_pct_change_1 Delaware_diff_2 Delaware_pct_change_2 Delaware_diff_4 Delaware_pct_change_4 Delaware_diff_8 Delaware_pct_change_8 Delaware_diff_52 Delaware_pct_change_52 Delaware_momentum_4 Delaware_momentum_8 Delaware_momentum_12 week_sin week_cos quarter_sin quarter_cos month_sin month_cos is_flu_season is_peak_flu Delaware_cumulative_mean Delaware_trend_8w Delaware_trend_12w Vermont_current Arkansas_current New_Mexico_current Michigan_current Pennsylvania_current Nevada_current Mississippi_current Puerto_Rico_current Arizona_current Oklahoma_current
feature_infos=[0:231] [0:134] [0:752] [0:320.00000000000006] [0:231] [0:134] [0:752] [0:320.00000000000006] [0:231] [0:134] [0:752] [0:320.00000000000006] [0:231] [0:134] [0:752] [0:320.00000000000006] [0:231] [0:134] [0:752] [0:320.00000000000006] [0:231] [0:134] [0:752] [0:320.00000000000006] [0:231] [0:134] [0:752] [0:320.00000000000006] [0:231] [0:134] [0:752] [0:320.00000000000006] [0:231] [0:134] [0:752] [0:320.00000000000006] [0:231] [0:134] [0:752] [0:320.00000000000006] [0:231] [0:134] [0:752] [0:320.00000000000006] [0:231] [0:134] [0:752] [0:320.00000000000006] [0:100] [0:53] [0:359] [0:285] [0:230.5] [0:62.932503525602726] [0:230] [0:231] [0:205.75] [0:74.799175574779341] [0:164] [0:231] [0:165.875] [0:78.905798266033656] [0:94] [0:231] [4.9410255256500847e-22:141.08333333333334] [0:84.385972911630432] [0:64] [5.9292306307801016e-21:231] [0.12062892300321042:107.38269006554921] [2.9431439906252958e-05:180.89775259218618] [7.4508324477096051e-09:211.36611944444078] [-77:89] [-1:54901024028897464] [-105:142] [-0.99999999999999978:6.5881228834676966e+17] [-166:170] [-0.99999999999999978:4.6116860184273874e+18] [-216:216] [-0.99999999999999978:5.0596783745031917e+20] [-70:216] [-0.99999999999999978:7.0273310756988785e+18] [-0.99999999999999978:3499999999] [-0.99999999999999978:9599999999] [-0.99999999999999978:18499999999] [-0.9999994220246925:0.99998555065071859] [-0.99997919295908233:0.9999907524084426] [-0.99997167934088305:0.9999531843608731] [-0.99999768809943823:0.9999907524084426] [-0.99999479822624138:0.99999479822624138] [-0.99997919295908222:0.99991677270219514] [0:1] [0:1] [3.5:23.304347826086957] none none [0:134] [0:752] [0:320.00000000000006] [0:1800] [0:4571] [0:387] [0:537] [0:1249] [0:2846] [0:1114]
tree_sizes=778 799 796 796 802 797 801 701 793 700 806 721 557 555 638 555 636 554 556 559 555 558 561 562 556 646 555 562 640 557 564 638 621 561 559 558 642 638 560 626 559 561 563 560 564 647 561 561 559 562 650 638 560 643 564 559 559 557 644 563 560 783 564 649 566 558 786 560 556 643 562 559 650 806 560 558 559 557 716 626 559 563 561 556 560 892 886 564 565 721 559 559 545 564 561 640 560 805 649 641

Tree=0
num_leaves=8
num_cat=0
split_feature=103 101 101 85 75 2 3
split_gain=139475 19479.9 3793.69 1620.29 1429.69 781.271 119.339
threshold=392.00000000000006 35.500000000000007 93.500000000000014 0.020426410361618356 -3.9999999999999991 34.500000000000007 18.500000000000004
decision_type=2 2 2 2 2 2 2
left_child=1 3 4 6 -3 -5 -1
right_child=-2 2 -4 5 -6 -7 -8
leaf_value=8.6705674894370937 16.551753297394018 9.3801977351627421 11.437864405524897 8.995145105742111 10.270043889082256 9.5961977350265038 8.9045310711981536
leaf_weight=238 27 25 24 95 65 28 24
leaf_count=238 27 25 24 95 65 28 24
internal_value=9.55133 9.17255 10.3208 8.83256 10.0229 9.13197 8.692
internal_weight=0 499 114 385 90 123 262
internal_count=526 499 114 385 90 123 262
is_linear=0
shrinkage=1


Tree=1
num_leaves=8
num_cat=0
split_feature=103 101 101 85 81 78 6
split_gain=113697 17493.8 4119.45 1312.44 1218.2 646.249 104.905
threshold=404.50000000000006 35.500000000000007 93.500000000000014 0.020426410361618356 -0.43606321860472191 -0.59079016221873359 31.500000000000004
decision_type=2 2 2 2 2 2 2
left_child=1 3 4 6 -3 -5 -1
right_child=-2 2 -4 5 -6 -7 -8
leaf_value=-0.79700097249901813 6.723991306622823 -0.18572489519913993 1.8327258882699191 -0.65911064585860901 0.64623662260445691 -0.19090285307501217 -0.60375492770690475
leaf_weight=230 24 24 27 49 66 74 32
leaf_count=230 24 24 27 49 66 74 32
internal_value=0 -0.321466 0.749383 -0.646893 0.42438 -0.377425 -0.773398
internal_weight=0 502 117 385 90 123 262
internal_count=526 502 117 385 90 123 262
is_linear=0
shrinkage=0.1


Tree=2
num_leaves=8
num_cat=0
split_feature=103 101 101 50 85 2 83
split_gain=92094.3 14197.3 3274.54 1719.99 1250.14 915.046 109.002
threshold=404.50000000000006 36.500000000000007 98.500000000000014 13.500000000000002 0.14888728888808284 34.500000000000007 -0.10101010158793326
decision_type=2 2 2 2 2 2 2
left_child=1 4 3 -3 6 -6 -1
right_child=-2 2 -4 -5 5 -7 -8
leaf_value=-0.71605950199164359 6.0515923214455452 1.1625319594922272 1.7340173562367758 0.15832904668129755 -0.45483371361538216 0.21738256701716671 -0.55321276259422303
leaf_weight=231 24 23 24 66 81 27 50
leaf_count=231 24 23 24 66 81 27 50
internal_value=0 -0.289319 0.697384 0.417842 -0.575945 -0.28678 -0.687083
internal_weight=0 502 113 89 389 108 281
internal_count=526 502 113 89 389 108 281
is_linear=0
shrinkage=0.1


Tree=3
num_leaves=8
num_cat=0
split_feature=103 101 74 50 85 100 104
split_gain=74758.5 10274.3 2139.16 1613.28 875.861 556.457 189.708
threshold=392.00000000000006 35.500000000000007 0.99999999999999956 10.500000000000002 0.3139093887439468 17.500000000000004 33.500000000000007
decision_type=2 2 2 2 2 2 2
left_child=1 4 3 -3 6 -6 -1
right_child=-2 2 -4 -5 5 -7 -8
leaf_value=-0.63893169228603519 5.1251423592920666 1.0203017046054206 1.3535043043496375 0.058910112638113792 -0.41930284351110458 0.12203767427376339 -0.41402228210460063
leaf_weight=254 27 24 26 64 59 28 44
leaf_count=254 27 24 26 64 59 28 44
internal_value=0 -0.277312 0.556567 0.321108 -0.524227 -0.245078 -0.605724
internal_weight=0 499 114 88 385 87 298
internal_count=526 499 114 88 385 87 298
is_linear=0
shrinkage=0.1


Tree=4
num_leaves=8
num_cat=0
split_feature=102 101 86 92 82 96 101
split_gain=64954.5 8061.35 2369.79 1647.13 688.447 476.491 56.8019
threshold=190.50000000000003 35.500000000000007 0.46230456327903408 10.60347144456887 -0.48913043514603016 24.500000000000004 13.500000000000002
decision_type=2 2 2 2 2 2 2
left_child=1 4 3 -3 6 -6 -1
right_child=-2 2 -4 -5 5 -7 -8
leaf_value=-0.60249963545932461 4.9746273022890097 -0.084126591824349908 1.1563342854167735 0.90460531918898879 -0.42904729110210438 -0.030310825096524281 -0.49570333465285926
leaf_weight=179 25 63 35 23 86 46 69
leaf_count=179 25 63 35 23 86 46 69
internal_value=0 -0.248235 0.462625 0.180302 -0.474588 -0.290094 -0.572786
internal_weight=0 501 121 86 380 132 248
internal_count=526 501 121 86 380 132 248
is_linear=0
shrinkage=0.1


Tree=5
num_leaves=8
num_cat=0
split_feature=103 101 84 25 85 2 104
split_gain=53698.7 7365.48 2668.59 2372.99 761.573 568.611 68.9999
threshold=404.50000000000006 36.500000000000007 0.65883702558178847 2.5000000000000013 0.14888728888808284 34.500000000000007 17.500000000000004
decision_type=2 2 2 2 2 2 2
left_child=1 4 3 -3 6 -6 -1
right_child=-2 2 -4 -5 5 -7 -8
leaf_value=-0.54374506121168398 4.6209906280040745 0.28813858143985271 -0.22094281331842974 1.3992632406788905 -0.33415323903347244 0.1957481951625259 -0.43123892529590713
leaf_weight=207 24 40 36 37 81 27 74
leaf_count=207 24 40 36 37 81 27 74
internal_value=0 -0.220924 0.489773 0.822056 -0.427373 -0.201678 -0.514117
internal_weight=0 502 113 77 389 108 281
internal_count=526 502 113 77 389 108 281
is_linear=0
shrinkage=0.1


Tree=6
num_leaves=8
num_cat=0
split_feature=102 101 78 74 85 81 103
split_gain=46607.8 4757.5 2137.75 2108.89 489.412 388.819 56.1145
threshold=190.50000000000003 35.500000000000007 18.500000000000004 0.99999999999999956 0.020426410361618356 -0.51224489807855045 78.500000000000014
decision_type=2 2 2 2 2 2 2
left_child=1 4 3 -3 6 -6 -1
right_child=-2 2 -4 -5 5 -7 -8
leaf_value=-0.48619771631909353 4.2139106354713443 0.2679787952657024 -0.53180864194165112 1.3321432131528856 -0.46551409442687319 -0.089776815474033364 -0.3715579250620471
leaf_weight=204 25 73 23 25 42 80 54
leaf_count=204 25 73 23 25 42 80 54
internal_value=0 -0.210275 0.335822 0.539449 -0.384164 -0.219129 -0.462203
internal_weight=0 501 121 98 380 122 258
internal_count=526 501 121 98 380 122 258
is_linear=0
shrinkage=0.1


Tree=7
num_leaves=7
num_cat=0
split_feature=100 77 102 79 29 101
split_gain=40352.5 5539.25 4568.75 1364.36 873.883 1052.37
threshold=100.00000000000001 4.5 79.500000000000014 1.5000000000000009 26.500000000000004 23.500000000000004
decision_type=2 2 2 2 2 2
left_child=1 4 3 -3 5 -1
right_child=-2 2 -4 -5 -6 -7
leaf_value=-0.39794294039563716 4.0057950237145032 0.70420259651930439 1.7056205841246994 -0.25806981422370529 -0.93033152023951216 -0.0065279742221484027
leaf_weight=301 24 23 24 41 24 89
leaf_count=301 24 23 24 41 24 89
internal_value=0 -0.191512 0.528985 0.0877468 -0.344661 -0.30862
internal_weight=0 502 88 64 414 390
internal_count=526 502 88 64 414 390
is_linear=0
shrinkage=0.1


Tree=8
num_leaves=8
num_cat=0
split_feature=102 101 61 95 55 87 103
split_gain=34804.6 2748.12 1873.61 1915.01 329.297 373.939 83.2561
threshold=190.50000000000003 35.500000000000007 9.2964263628792079 12.500000000000002 5.5000000000000018 0.27072625038379372 55.500000000000007
decision_type=2 2 2 2 2 2 2
left_child=1 4 3 -3 6 -6 -1
right_child=-2 2 -4 -5 5 -7 -8
leaf_value=-0.39299330310388048 3.641450721740723 0.14472452969778152 -0.4675394417910741 1.1267221584273823 0.13923691979819727 -0.31011425876261101 -0.2754551359328879
leaf_weight=220 25 63 29 29 31 46 83
leaf_count=220 25 63 29 29 31 46 83
internal_value=0 -0.181709 0.233338 0.454267 -0.313869 -0.129207 -0.360796
internal_weight=0 501 121 92 380 77 303
internal_count=526 501 121 92 380 77 303
is_linear=0
shrinkage=0.1


Tree=9
num_leaves=7
num_cat=0
split_feature=100 77 102 102 5 85
split_gain=29423.3 4066.15 3475.74 1345.89 1140.75 728.615
threshold=100.00000000000001 4.5 79.500000000000014 138.50000000000003 7.5000000000000009 0.14888728888808284
decision_type=2 2 2 2 2 2
left_child=1 3 4 5 -3 -1
right_child=-2 2 -4 -5 -6 -7
leaf_value=-0.34569830715543398 3.4205771689613664 -0.38053933203220369 1.4800525742272537 -1.038158369064331 0.46549056487924911 -0.054201720361634502
leaf_weight=264 24 30 24 23 34 127
leaf_count=264 24 30 24 23 34 127
internal_value=0 -0.163534 0.45377 -0.294748 0.0689141 -0.251018
internal_weight=0 502 88 414 64 391
internal_count=526 502 88 414 64 391
is_linear=0
shrinkage=0.1


Tree=10
num_leaves=8
num_cat=0
split_feature=102 101 78 86 78 87 101
split_gain=26289.2 1511.47 1804.17 1553.48 246.325 200.098 34.033
threshold=190.50000000000003 35.500000000000007 18.500000000000004 0.57957876984334955 -0.59079016221873359 -0.65233204557453861 13.500000000000002
decision_type=2 2 2 2 2 2 2
left_child=1 4 3 -3 6 -6 -1
right_child=-2 2 -4 -5 5 -7 -8
leaf_value=-0.34209633399314154 3.1647913856506351 0.097696547293000757 -0.64718336229738993 0.99950344642767552 0.078777762800455106 -0.2128671956718515 -0.26062878090384844
leaf_weight=167 25 72 23 26 30 109 74
leaf_count=167 25 72 23 26 30 109 74
internal_value=0 -0.157924 0.149884 0.336951 -0.255936 -0.149922 -0.317081
internal_weight=0 501 121 98 380 139 241
internal_count=526 501 121 98 380 139 241
is_linear=0
shrinkage=0.1


Tree=11
num_leaves=7
num_cat=0
split_feature=103 85 101 50 47 98
split_gain=23057.5 2388.14 1840.37 1446.76 849.36 133.024
threshold=404.50000000000006 0.3139093887439468 93.500000000000014 7.5000000000000018 81.500000000000014 77.000000000000014
decision_type=2 2 2 2 2 2
left_child=1 4 3 -3 5 -1
right_child=-2 2 -4 -5 -6 -7
leaf_value=-0.30321096599102026 3.0280259475111961 0.65512181296944627 0.93777675782144065 -0.12493253309053905 -0.89725942938872005 -0.14360363902524115
leaf_weight=225 24 29 25 132 23 68
leaf_count=225 24 29 25 132 23 68
internal_value=0 -0.144766 0.139526 0.0155742 -0.312103 -0.266169
internal_weight=0 502 186 161 316 293
internal_count=526 502 186 161 316 293
is_linear=0
shrinkage=0.1


Tree=12
num_leaves=5
num_cat=0
split_feature=77 73 65 101
split_gain=19974.5 3648.93 2131.01 899.222
threshold=25.500000000000004 6.5000000000000009 17.857969066718976 24.500000000000004
decision_type=2 2 2 2
left_child=1 2 3 -1
right_child=-2 -3 -4 -5
leaf_value=-0.23674201736155945 2.8183292930324875 1.0429197314977647 -1.0593575243596678 0.072389813078873197
leaf_weight=316 24 25 27 134
leaf_count=316 24 25 27 134
internal_value=0 -0.134741 -0.196463 -0.144689
internal_weight=0 502 477 450
internal_count=526 502 477 450
is_linear=0
shrinkage=0.1


Tree=13
num_leaves=5
num_cat=0
split_feature=83 39 50 92
split_gain=18484.8 1633.38 1327.84 797.528
threshold=1249999991.7835505 101.50000000000001 113.00000000000001 13.485969387755103
decision_type=2 2 2 2
left_child=1 2 3 -1
right_child=-2 -3 -4 -5
leaf_value=-0.19150024601986296 2.3688415947460362 -0.95307260677218442 0.57353434132205117 0.27143476859825416
leaf_weight=403 31 24 27 41
leaf_count=403 31 24 27 41
internal_value=0 -0.148352 -0.107347 -0.148752
internal_weight=0 495 471 444
internal_count=526 495 471 444
is_linear=0
shrinkage=0.1


Tree=14
num_leaves=6
num_cat=0
split_feature=102 97 96 19 92
split_gain=17564.5 1370.14 1197.08 1154.41 203.259
threshold=190.50000000000003 61.500000000000007 37.500000000000007 20.500000000000004 6.6302782937490017
decision_type=2 2 2 2 2
left_child=1 2 4 -4 -1
right_child=-2 -3 3 -5 -6
leaf_value=0.10421198541703432 2.5868679780960084 -0.88298445104256928 0.50173060576720485 -0.12391944730654358 -0.20304196454440895
leaf_weight=23 25 23 58 60 337
leaf_count=23 25 23 58 60 337
internal_value=0 -0.129085 -0.0928097 0.183603 -0.183412
internal_weight=0 501 478 118 360
internal_count=526 501 478 118 360
is_linear=0
shrinkage=0.1


Tree=15
num_leaves=5
num_cat=0
split_feature=83 39 62 50
split_gain=14441 1808.75 1052.74 499.075
threshold=1249999991.7835505 101.50000000000001 12.500000000000002 45.500000000000007
decision_type=2 2 2 2
left_child=1 2 3 -1
right_child=-2 -3 -4 -5
leaf_value=-0.17862849841778838 2.0937656286743382 -0.97794567789533182 0.47526824128243234 0.094873742200434208
leaf_weight=358 31 24 31 82
leaf_count=358 31 24 31 82
internal_value=0 -0.131125 -0.0879746 -0.127658
internal_weight=0 495 471 440
internal_count=526 495 471 440
is_linear=0
shrinkage=0.1


Tree=16
num_leaves=6
num_cat=0
split_feature=102 97 96 19 92
split_gain=13963.1 1466.36 774.299 988.019 158.217
threshold=190.50000000000003 61.500000000000007 37.500000000000007 20.500000000000004 6.6302782937490017
decision_type=2 2 2 2 2
left_child=1 2 4 -4 -1
right_child=-2 -3 3 -5 -6
leaf_value=0.1033296542323154 2.3064634857177735 -0.89501599695371548 0.43904914781451226 -0.13975814106563728 -0.16775122828759498
leaf_weight=23 25 23 58 60 337
leaf_count=23 25 23 58 60 337
internal_value=0 -0.115093 -0.0775653 0.14474 -0.150432
internal_weight=0 501 478 118 360
internal_count=526 501 478 118 360
is_linear=0
shrinkage=0.1


Tree=17
num_leaves=5
num_cat=0
split_feature=51 71 7 97
split_gain=12394.1 2569.32 3471.47 902.809
threshold=59.500000000000007 7.0000000000000018 68.500000000000014 40.500000000000007
decision_type=2 2 2 2
left_child=1 2 3 -1
right_child=-2 -3 -4 -5
leaf_value=-0.13905318487374602 2.1730211220383646 0.87971724200248724 -1.3588347238043081 0.40415388921445072
leaf_weight=420 25 25 23 33
leaf_count=420 25 25 23 33
internal_value=0 -0.108434 -0.160333 -0.0994818
internal_weight=0 501 476 453
internal_count=526 501 476 453
is_linear=0
shrinkage=0.1


Tree=18
num_leaves=5
num_cat=0
split_feature=77 61 97 101
split_gain=11451.6 2620.9 2422.26 665.039
threshold=25.500000000000004 11.069148817428767 49.500000000000007 65.500000000000014
decision_type=2 2 2 2
left_child=1 2 3 -1
right_child=-2 -3 -4 -5
leaf_value=-0.11607587468014031 2.1339628855387374 -0.8682041253621986 0.96642601632553604 0.42536979044477152
leaf_weight=414 24 41 23 24
leaf_count=414 24 41 23 24
internal_value=0 -0.102022 -0.0338801 -0.0864076
internal_weight=0 502 461 438
internal_count=526 502 461 438
is_linear=0
shrinkage=0.1


Tree=19
num_leaves=5
num_cat=0
split_feature=102 83 92 100
split_gain=10659.7 1605.82 476.105 403.426
threshold=164.50000000000003 849999999.00000012 13.485969387755103 69.500000000000014
decision_type=2 2 2 2
left_child=1 2 3 -1
right_child=-2 -3 -4 -5
leaf_value=-0.078583200704028355 1.7687606532126665 -0.8954853867292405 0.25701235041022302 -0.47789828335797346
leaf_weight=402 32 25 40 27
leaf_count=402 32 25 40 27
internal_value=0 -0.114576 -0.0729493 -0.103715
internal_weight=0 494 469 429
internal_count=526 494 469 429
is_linear=0
shrinkage=0.1


Tree=20
num_leaves=5
num_cat=0
split_feature=83 39 62 100
split_gain=10114.3 2081.7 644.017 531.2
threshold=1249999991.7835505 101.50000000000001 12.500000000000002 72.500000000000014
decision_type=2 2 2 2
left_child=1 2 3 -1
right_child=-2 -3 -4 -5
leaf_value=-0.068679002156074684 1.752256684822421 -1.0182085319111744 0.37709245297216598 -0.56233364959125942
leaf_weight=417 31 24 31 23
leaf_count=417 31 24 31 23
internal_value=0 -0.109737 -0.0634458 -0.0944837
internal_weight=0 495 471 440
internal_count=526 495 471 440
is_linear=0
shrinkage=0.1


Tree=21
num_leaves=5
num_cat=0
split_feature=100 7 103 101
split_gain=8819.07 2710.22 1909.26 482.29
threshold=100.00000000000001 63.500000000000007 213.00000000000003 65.500000000000014
decision_type=2 2 2 2
left_child=1 2 3 -1
right_child=-2 -3 -4 -5
leaf_value=-0.11133055288763827 1.8726845920085908 -1.1498934197684993 0.83067476892222969 0.31012894161816301
leaf_weight=426 24 23 24 29
leaf_count=426 24 23 24 29
internal_value=0 -0.0895307 -0.0386156 -0.0844683
internal_weight=0 502 479 455
internal_count=526 502 479 455
is_linear=0
shrinkage=0.1


Tree=22
num_leaves=5
num_cat=0
split_feature=102 83 92 100
split_gain=8113.69 1956.23 328.675 387.865
threshold=164.50000000000003 849999999.00000012 13.485969387755103 69.500000000000014
decision_type=2 2 2 2
left_child=1 2 3 -1
right_child=-2 -3 -4 -5
leaf_value=-0.054936183621963279 1.5431379020214082 -0.96187178611755364 0.22013849236071109 -0.4464744557936986
leaf_weight=402 32 25 40 27
leaf_count=402 32 25 40 27
internal_value=0 -0.0999603 -0.0540162 -0.0795785
internal_weight=0 494 469 429
internal_count=526 494 469 429
is_linear=0
shrinkage=0.1


Tree=23
num_leaves=5
num_cat=0
split_feature=83 102 100 100
split_gain=7925.93 2061.27 307.501 543.476
threshold=1249999991.7835505 164.50000000000003 69.500000000000014 31.500000000000004
decision_type=2 2 2 2
left_child=1 2 3 -1
right_child=-2 -3 -4 -5
leaf_value=-0.071116000881699656 1.5511504485722512 -1.0215677041398441 -0.36191167458891871 0.27596274462400699
leaf_weight=391 31 23 30 51
leaf_count=391 31 23 30 51
internal_value=0 -0.0971428 -0.0520966 -0.0310685
internal_weight=0 495 472 442
internal_count=526 495 472 442
is_linear=0
shrinkage=0.1


Tree=24
num_leaves=5
num_cat=0
split_feature=51 3 97 45
split_gain=7225.15 2328.84 1972.95 404.735
threshold=59.500000000000007 68.500000000000014 51.500000000000007 24.500000000000004
decision_type=2 2 2 2
left_child=1 2 3 -1
right_child=-2 -3 -4 -5
leaf_value=-0.057486201231324363 1.6591263947486876 -1.065672457995622 0.86812395272047638 -0.4566833846822933
leaf_weight=428 25 23 23 27
leaf_count=428 25 23 23 27
internal_value=0 -0.0827907 -0.0354973 -0.0811748
internal_weight=0 501 478 455
internal_count=526 501 478 455
is_linear=0
shrinkage=0.1


Tree=25
num_leaves=6
num_cat=0
split_feature=102 83 82 78 104
split_gain=6919.08 2166.14 271.837 543.895 227.217
threshold=164.50000000000003 849999999.00000012 -1.5476190329266613e-09 1.6911764705882355 65.500000000000014
decision_type=2 2 2 2 2
left_child=1 2 4 -4 -1
right_child=-2 -3 3 -5 -6
leaf_value=-0.073679892306101821 1.42501652315259 -0.99928643810749063 0.22981623738411475 -0.12593045217827672 -0.37300529267106741
leaf_weight=269 32 25 88 84 28
leaf_count=269 32 25 88 84 28
internal_value=0 -0.0923088 -0.0439624 0.0560795 -0.101899
internal_weight=0 494 469 172 297
internal_count=526 494 469 172 297
is_linear=0
shrinkage=0.1


Tree=26
num_leaves=5
num_cat=0
split_feature=77 7 82 95
split_gain=6408.3 2319.95 1406.53 365.974
threshold=25.500000000000004 61.500000000000007 349999996.77955407 12.500000000000002
decision_type=2 2 2 2
left_child=1 2 3 -1
right_child=-2 -3 -4 -5
leaf_value=-0.099929936274852971 1.5963375801841417 -0.9961418597958982 0.7368027127307395 0.16522646478066844
leaf_weight=393 24 26 23 60
leaf_count=393 24 26 23 60
internal_value=0 -0.0763189 -0.0260765 -0.0648099
internal_weight=0 502 476 453
internal_count=526 502 476 453
is_linear=0
shrinkage=0.1


Tree=27
num_leaves=5
num_cat=0
split_feature=83 102 100 98
split_gain=6205.25 2013.73 376.972 419.447
threshold=1249999991.7835505 164.50000000000003 69.500000000000014 183.50000000000003
decision_type=2 2 2 2
left_child=1 2 3 -1
right_child=-2 -3 -4 -5
leaf_value=-0.054871685502603074 1.3724881766303894 -0.99965784229014243 -0.38446155544370414 0.24025795795700766
leaf_weight=387 31 23 30 55
leaf_count=387 31 23 30 55
internal_value=0 -0.0859538 -0.0414301 -0.0181474
internal_weight=0 495 472 442
internal_count=526 495 472 442
is_linear=0
shrinkage=0.1


Tree=28
num_leaves=6
num_cat=0
split_feature=102 83 2 100 40
split_gain=5584.57 2236.66 278.793 664.835 425.276
threshold=164.50000000000003 849999999.00000012 67.500000000000014 31.500000000000004 3.5000000000000013
decision_type=2 2 2 2 2
left_child=1 2 3 -1 -4
right_child=-2 -3 4 -5 -6
leaf_value=-0.048655071460380755 1.2802368953824044 -1.0045526404380798 -0.53719500372043016 0.37530619131355752 0.046556965230653689
leaf_weight=378 32 25 26 41 24
leaf_count=378 32 25 26 41 24
internal_value=0 -0.0829303 -0.0338033 -0.0071696 -0.256994
internal_weight=0 494 469 419 50
internal_count=526 494 469 419 50
is_linear=0
shrinkage=0.1


Tree=29
num_leaves=5
num_cat=0
split_feature=104 57 75 85
split_gain=5372.49 2092.98 1386.82 756.83
threshold=237.00000000000003 11.022493828256371 8.5000000000000018 0.96407344085605617
decision_type=2 2 2 2
left_child=1 2 3 -1
right_child=-2 -3 -4 -5
leaf_value=-0.031700561831906407 1.4945656229620397 -0.94205713180395279 0.6753899117310842 -0.60885878466069698
leaf_weight=426 23 26 27 24
leaf_count=426 23 26 27 24
internal_value=0 -0.06834 -0.020716 -0.0624823
internal_weight=0 503 477 450
internal_count=526 503 477 450
is_linear=0
shrinkage=0.1


Tree=30
num_leaves=5
num_cat=0
split_feature=83 102 100 85
split_gain=4891.27 2212.17 292.789 312.836
threshold=1249999991.7835505 164.50000000000003 69.500000000000014 0.2165225799568917
decision_type=2 2 2 2
left_child=1 2 3 -1
right_child=-2 -3 -4 -5
leaf_value=-0.073744732782030281 1.2185397657655903 -1.0339769655919593 -0.33195997536182409 0.10040593463586781
leaf_weight=278 31 23 30 164
leaf_count=278 31 23 30 164
internal_value=0 -0.0763126 -0.0296467 -0.00912774
internal_weight=0 495 472 442
internal_count=526 495 472 442
is_linear=0
shrinkage=0.1


Tree=31
num_leaves=6
num_cat=0
split_feature=102 83 2 101 103
split_gain=4592.9 2492.69 224.706 573.261 355.764
threshold=164.50000000000003 849999999.00000012 67.500000000000014 52.500000000000007 156.50000000000003
decision_type=2 2 2 2 2
left_child=1 2 3 -1 -4
right_child=-2 -3 4 -5 -6
leaf_value=-0.028266155529720123 1.1610181691590697 -1.048149078845978 0.032560635988528916 0.47509411374727889 -0.5013566345752527
leaf_weight=395 32 25 26 24 24
leaf_count=395 32 25 26 24 24
internal_value=0 -0.0752077 -0.0233451 0.000565936 -0.22372
internal_weight=0 494 469 419 50
internal_count=526 494 469 419 50
is_linear=0
shrinkage=0.1


Tree=32
num_leaves=6
num_cat=0
split_feature=77 65 71 74 101
split_gain=4425.18 2135.83 1011.9 1322.14 714.343
threshold=25.500000000000004 17.857969066718976 3.5 0.99999999999999956 74.500000000000014
decision_type=2 2 2 2 2
left_child=1 2 4 -4 -1
right_child=-2 -3 3 -5 -6
leaf_value=-0.03231744949088091 1.3265349706013998 -0.9285797684280962 -0.12608806361322819 0.92448462796211239 -0.60526199412086745
leaf_weight=404 24 27 23 25 23
leaf_count=404 24 27 23 25 23
internal_value=0 -0.06342 -0.0142425 0.421085 -0.0631786
internal_weight=0 502 475 48 427
internal_count=526 502 475 48 427
is_linear=0
shrinkage=0.1


Tree=33
num_leaves=5
num_cat=0
split_feature=83 102 100 98
split_gain=4097.85 2159.36 259.826 274.529
threshold=1249999991.7835505 164.50000000000003 69.500000000000014 183.50000000000003
decision_type=2 2 2 2
left_child=1 2 3 -1
right_child=-2 -3 -4 -5
leaf_value=-0.034124938861132437 1.1153395368687569 -1.0160155539927276 -0.30853155364592871 0.20463870980522852
leaf_weight=387 31 23 30 55
leaf_count=387 31 23 30 55
internal_value=0 -0.0698495 -0.023744 -0.00441453
internal_weight=0 495 472 442
internal_count=526 495 472 442
is_linear=0
shrinkage=0.1


Tree=34
num_leaves=5
num_cat=0
split_feature=4 57 53 85
split_gain=4124.13 1480.09 883.896 566.627
threshold=37.500000000000007 9.9892798572469204 5.656854249492361 0.96633974041180493
decision_type=2 2 2 2
left_child=1 2 3 -1
right_child=-2 -3 -4 -5
leaf_value=-0.027664533299263397 1.2806176205476127 -0.82752757072448735 0.55610038208961488 -0.51744997406005866
leaf_weight=428 24 24 25 25
leaf_count=428 24 24 25 25
internal_value=0 -0.0612247 -0.0227493 -0.0546946
internal_weight=0 502 478 453
internal_count=526 502 478 453
is_linear=0
shrinkage=0.1


Tree=35
num_leaves=5
num_cat=0
split_feature=51 3 97 77
split_gain=3770.63 2322.23 1405.25 432.527
threshold=59.500000000000007 68.500000000000014 51.500000000000007 11.500000000000002
decision_type=2 2 2 2
left_child=1 2 3 -1
right_child=-2 -3 -4 -5
leaf_value=-0.027623199466182743 1.1985695066452027 -1.0412940032456233 0.75003222525119784 -0.45548967236280441
leaf_weight=430 25 23 23 25
leaf_count=430 25 23 23 25
internal_value=0 -0.0598089 -0.0125826 -0.0511323
internal_weight=0 501 478 455
internal_count=526 501 478 455
is_linear=0
shrinkage=0.1


Tree=36
num_leaves=6
num_cat=0
split_feature=102 83 2 100 103
split_gain=3657.42 2186.91 252.099 461.087 303.138
threshold=164.50000000000003 849999999.00000012 67.500000000000014 31.500000000000004 156.50000000000003
decision_type=2 2 2 2 2
left_child=1 2 3 -1 -4
right_child=-2 -3 4 -5 -6
leaf_value=-0.027757271395986362 1.0360548515047412 -0.9784284901618957 0.0057947728496331443 0.32531265260242836 -0.48705315912763281
leaf_weight=378 32 25 26 41 24
leaf_count=378 32 25 26 41 24
internal_value=0 -0.0671129 -0.0185353 0.00679134 -0.230772
internal_weight=0 494 469 419 50
internal_count=526 494 469 419 50
is_linear=0
shrinkage=0.1


Tree=37
num_leaves=6
num_cat=0
split_feature=83 102 104 40 2
split_gain=3603.53 2205.52 228.167 662.668 423.968
threshold=1249999991.7835505 164.50000000000003 91.500000000000014 5.5000000000000018 37.500000000000007
decision_type=2 2 2 2 2
left_child=1 2 4 -4 -1
right_child=-2 -3 3 -5 -6
leaf_value=-0.034254284783012491 1.0459065022487795 -1.0217257012491643 -0.47244508812824892 0.20592517560968795 0.25333194279422366
leaf_weight=352 31 23 36 24 60
leaf_count=352 31 23 36 24 60
internal_value=0 -0.0655012 -0.0189055 -0.201097 0.0076272
internal_weight=0 495 472 60 412
internal_count=526 495 472 60 412
is_linear=0
shrinkage=0.1


Tree=38
num_leaves=5
num_cat=0
split_feature=54 57 53 85
split_gain=3427.14 1369.36 678.974 352.834
threshold=29.500000000000004 9.9892798572469204 5.656854249492361 0.96633974041180493
decision_type=2 2 2 2
left_child=1 2 3 -1
right_child=-2 -3 -4 -5
leaf_value=-0.023314519637342466 1.1936941393043685 -0.79169955169782047 0.50074295823772752 -0.40269529853875818
leaf_weight=429 23 24 24 26
leaf_count=429 23 24 24 26
internal_value=0 -0.0545824 -0.0176496 -0.0449934
internal_weight=0 503 479 455
internal_count=526 503 479 455
is_linear=0
shrinkage=0.1


Tree=39
num_leaves=6
num_cat=0
split_feature=104 57 71 38 99
split_gain=3102.89 1627.72 814.618 1300.88 547.894
threshold=237.00000000000003 11.022493828256371 3.5 18.500000000000004 249.50000000000003
decision_type=2 2 2 2 2
left_child=1 2 4 -4 -1
right_child=-2 -3 3 -5 -6
leaf_value=-0.018330330999387349 1.1358214513115261 -0.82244715392589574 0.90216653117289158 -0.12855462776869536 -0.41148456654344234
leaf_weight=389 23 26 24 25 39
leaf_count=389 23 26 24 25 39
internal_value=0 -0.0519362 -0.00993766 0.376288 -0.0541551
internal_weight=0 503 477 49 428
internal_count=526 503 477 49 428
is_linear=0
shrinkage=0.1


Tree=40
num_leaves=5
num_cat=0
split_feature=4 77 92 79
split_gain=2970.27 1161.12 612.597 355.436
threshold=37.500000000000007 19.500000000000004 6.5956626774508864 6.0000000000000018
decision_type=2 2 2 2
left_child=1 2 -1 -4
right_child=-2 -3 3 -5
leaf_value=0.47376917550961184 1.0868034457166991 -0.74600713667662255 -0.018698533706151411 -0.34613596867356033
leaf_weight=24 24 23 419 36
leaf_count=24 24 23 419 36
internal_value=0 -0.0519587 -0.0186328 -0.0446057
internal_weight=0 502 479 455
internal_count=526 502 479 455
is_linear=0
shrinkage=0.1


Tree=41
num_leaves=5
num_cat=0
split_feature=83 102 88 2
split_gain=2868.96 2140.86 184.294 191.958
threshold=1249999991.7835505 164.50000000000003 -0.98428536400705158 67.500000000000014
decision_type=2 2 2 2
left_child=1 2 -1 -4
right_child=-2 -3 3 -5
leaf_value=-0.26136414848401079 0.93323535957644066 -1.0005484161574556 0.025778095410334451 -0.18794447538700509
leaf_weight=28 31 23 397 47
leaf_count=28 31 23 397 47
internal_value=0 -0.058445 -0.0125375 0.00315431
internal_weight=0 495 472 444
internal_count=526 495 472 444
is_linear=0
shrinkage=0.1


Tree=42
num_leaves=5
num_cat=0
split_feature=102 83 68 55
split_gain=2859.88 2358.67 168.813 329.239
threshold=164.50000000000003 849999999.00000012 20.422065799977336 21.500000000000004
decision_type=2 2 2 2
left_child=1 2 3 -1
right_child=-2 -3 -4 -5
leaf_value=-0.0030682074938373394 0.91615578681230547 -1.0057711219787597 0.22479475284444878 -0.37673793023824698
leaf_weight=415 32 25 29 25
leaf_count=415 32 25 29 25
internal_value=0 -0.0593461 -0.00889703 -0.0242994
internal_weight=0 494 469 440
internal_count=526 494 469 440
is_linear=0
shrinkage=0.1


Tree=43
num_leaves=5
num_cat=0
split_feature=77 3 97 79
split_gain=2654.56 1980.41 990.859 297.109
threshold=25.500000000000004 61.500000000000007 47.500000000000007 6.0000000000000018
decision_type=2 2 2 2
left_child=1 2 3 -1
right_child=-2 -3 -4 -5
leaf_value=-0.016291875131777215 1.0274241313338279 -0.93552807892362277 0.63576012882201571 -0.35254848085876023
leaf_weight=427 24 24 23 28
leaf_count=427 24 24 23 28
internal_value=0 -0.0491199 -0.00461403 -0.0369846
internal_weight=0 502 478 455
internal_count=526 502 478 455
is_linear=0
shrinkage=0.1


Tree=44
num_leaves=5
num_cat=0
split_feature=83 102 74 101
split_gain=2560.25 2089.86 155.632 306.583
threshold=1249999991.7835505 164.50000000000003 4.5000000000000009 77.500000000000014
decision_type=2 2 2 2
left_child=1 2 3 -1
right_child=-2 -3 -4 -5
leaf_value=-0.003773660625230667 0.88159678886013659 -0.98602448092854544 0.19304769779954639 -0.34027426772076508
leaf_weight=408 31 23 35 29
leaf_count=408 31 23 35 29
internal_value=0 -0.0552111 -0.00985368 -0.0261044
internal_weight=0 495 472 437
internal_count=526 495 472 437
is_linear=0
shrinkage=0.1


Tree=45
num_leaves=6
num_cat=0
split_feature=102 83 97 99 104
split_gain=2500.8 2138.22 130.46 449.303 87.1683
threshold=164.50000000000003 849999999.00000012 10.500000000000004 127.50000000000001 41.500000000000007
decision_type=2 2 2 2 2
left_child=1 2 4 -4 -1
right_child=-2 -3 3 -5 -6
leaf_value=-0.026466241254367764 0.85671259472146633 -0.95660869312286378 0.35593937968835238 -0.029877073402569551 -0.19212213212417231
leaf_weight=270 32 25 40 123 36
leaf_count=270 32 25 40 123 36
internal_value=0 -0.0554956 -0.00746181 0.0648018 -0.0459552
internal_weight=0 494 469 163 306
internal_count=526 494 469 163 306
is_linear=0
shrinkage=0.1


Tree=46
num_leaves=5
num_cat=0
split_feature=83 102 92 85
split_gain=2304.76 2044.73 143.339 237.879
threshold=1249999991.7835505 164.50000000000003 6.7060414877616568 0.93769647993491501
decision_type=2 2 2 2
left_child=1 2 -1 -4
right_child=-2 -3 3 -5
leaf_value=-0.18158170085313707 0.83645316727699781 -0.97309330546337636 -0.011213188378318618 0.2722108160145581
leaf_weight=43 31 23 397 32
leaf_count=43 31 23 397 32
internal_value=0 -0.0523839 -0.00751886 0.009928
internal_weight=0 495 472 429
internal_count=526 495 472 429
is_linear=0
shrinkage=0.1


Tree=47
num_leaves=5
num_cat=0
split_feature=60 57 53 19
split_gain=2318.49 1443.78 566.261 395.674
threshold=31.312500000000004 10.721811516575206 5.656854249492361 32.500000000000007
decision_type=2 2 2 2
left_child=1 2 3 -1
right_child=-2 -3 -4 -5
leaf_value=-0.0021895883291134328 0.86913926078263559 -0.82445808649063113 0.44053289349405811 -0.27621288761252266
leaf_weight=387 29 23 26 61
leaf_count=387 29 23 26 61
internal_value=0 -0.0507144 -0.0131698 -0.0395008
internal_weight=0 497 474 448
internal_count=526 497 474 448
is_linear=0
shrinkage=0.1


Tree=48
num_leaves=5
num_cat=0
split_feature=51 3 97 77
split_gain=2070.2 2108.38 1072.74 335.044
threshold=59.500000000000007 68.500000000000014 51.500000000000007 11.500000000000002
decision_type=2 2 2 2
left_child=1 2 3 -1
right_child=-2 -3 -4 -5
leaf_value=-0.01230759064796879 0.88810088235139861 -0.97951964399088975 0.66699045611464458 -0.38888347250223165
leaf_weight=430 25 23 23 25
leaf_count=430 25 23 23 25
internal_value=0 -0.0443164 0.000682907 -0.0329986
internal_weight=0 501 478 455
internal_count=526 501 478 455
is_linear=0
shrinkage=0.1


Tree=49
num_leaves=5
num_cat=0
split_feature=4 100 103 102
split_gain=2132.21 1137.56 682.05 292.864
threshold=37.500000000000007 81.500000000000014 216.50000000000003 119.50000000000001
decision_type=2 2 2 2
left_child=1 2 3 -1
right_child=-2 -3 -4 -5
leaf_value=-0.017217321590152244 0.92080539005498085 -0.68812204287029233 0.52239810631650951 -0.3834723788758983
leaf_weight=430 24 26 23 23
leaf_count=430 24 26 23 23
internal_value=0 -0.0440226 -0.00884067 -0.0358131
internal_weight=0 502 476 453
internal_count=526 502 476 453
is_linear=0
shrinkage=0.1


Tree=50
num_leaves=6
num_cat=0
split_feature=102 83 41 23 17
split_gain=1957.93 1758.8 131.212 448.609 149.384
threshold=164.50000000000003 849999999.00000012 4.5536491244391194e-18 6.0000000000000018 1.0000000000000011
decision_type=2 2 2 2 2
left_child=1 2 3 -1 -4
right_child=-2 -3 4 -5 -6
leaf_value=-0.007930201850831509 0.75804334059357648 -0.86636543560028079 -0.1411404561623931 0.47004274750749275 0.0046043498791314133
leaf_weight=108 32 25 100 24 237
leaf_count=108 32 25 100 24 237
internal_value=0 -0.049104 -0.00553998 0.078974 -0.0386434
internal_weight=0 494 469 132 337
internal_count=526 494 469 132 337
is_linear=0
shrinkage=0.1


Tree=51
num_leaves=6
num_cat=0
split_feature=83 102 51 92 50
split_gain=2155.9 2096.48 166.223 176.133 159.031
threshold=1249999991.7835505 164.50000000000003 36.500000000000007 6.7060414877616568 107.50000000000001
decision_type=2 2 2 2 2
left_child=1 2 3 -1 -4
right_child=-2 -3 4 -5 -6
leaf_value=-0.1924549633586729 0.80899090478497182 -0.98295179394114285 -0.3296746048177111 0.036049366552207168 0.018321382626891137
leaf_weight=37 31 23 29 382 24
leaf_count=37 31 23 29 382 24
internal_value=0 -0.0506641 -0.0052348 0.0158712 -0.172092
internal_weight=0 495 472 419 53
internal_count=526 495 472 419 53
is_linear=0
shrinkage=0.1


Tree=52
num_leaves=5
num_cat=0
split_feature=102 83 74 104
split_gain=1816.42 1696.23 128.652 161.129
threshold=164.50000000000003 849999999.00000012 4.5000000000000009 91.500000000000014
decision_type=2 2 2 2
left_child=1 2 3 -1
right_child=-2 -3 -4 -5
leaf_value=0.0038239936069106211 0.7301358111202717 -0.8498897879123688 0.17991642920034273 -0.179335808002136
leaf_weight=379 32 25 35 55
leaf_count=379 32 25 35 55
internal_value=0 -0.0472962 -0.00451407 -0.0193875
internal_weight=0 494 469 434
internal_count=526 494 469 434
is_linear=0
shrinkage=0.1


Tree=53
num_leaves=6
num_cat=0
split_feature=83 102 103 101 101
split_gain=1938.96 1995.78 133.934 733.078 632.671
threshold=1249999991.7835505 164.50000000000003 148.50000000000003 49.500000000000007 65.500000000000014
decision_type=2 2 2 2 2
left_child=1 2 4 -4 -1
right_child=-2 -3 3 -5 -6
leaf_value=-0.014330213572781201 0.76720900958584204 -0.95767017564047929 0.18365323074600276 -0.48872167175455444 0.50492950057983399
leaf_weight=382 31 23 34 31 25
leaf_count=382 31 23 34 31 25
internal_value=0 -0.0480474 -0.0037226 -0.137018 0.0175653
internal_weight=0 495 472 65 407
internal_count=526 495 472 65 407
is_linear=0
shrinkage=0.1


Tree=54
num_leaves=5
num_cat=0
split_feature=104 7 97 79
split_gain=1736.94 1474.55 645.425 242.172
threshold=237.00000000000003 61.500000000000007 47.500000000000007 6.0000000000000018
decision_type=2 2 2 2
left_child=1 2 3 -1
right_child=-2 -3 -4 -5
leaf_value=-0.0097710502469938298 0.84980612138043288 -0.80376453793918101 0.49413450127840042 -0.32409786077646108
leaf_weight=428 23 24 25 26
leaf_count=428 23 24 25 26
internal_value=0 -0.0388579 -0.000532759 -0.0277721
internal_weight=0 503 479 454
internal_count=526 503 479 454
is_linear=0
shrinkage=0.1


Tree=55
num_leaves=5
num_cat=0
split_feature=60 70 77 98
split_gain=1674.28 1169.57 645.664 215.712
threshold=29.750000000000004 18.525564878288275 8.5000000000000018 219.50000000000003
decision_type=2 2 2 2
left_child=1 2 3 -1
right_child=-2 -3 -4 -5
leaf_value=-0.010563938464320292 0.70098606701940303 -0.53144134943683941 0.45966149743261009 -0.3193148747086525
leaf_weight=396 32 45 29 24
leaf_count=396 32 45 29 24
internal_value=0 -0.045408 0.00330358 -0.0282068
internal_weight=0 494 449 420
internal_count=526 494 449 420
is_linear=0
shrinkage=0.1


Tree=56
num_leaves=5
num_cat=0
split_feature=17 102 83 76
split_gain=1821.44 6160.12 1632.76 115.468
threshold=26.500000000000004 138.50000000000003 849999999.00000012 10508399130531158
decision_type=2 2 2 2
left_child=1 2 3 -1
right_child=-2 -3 -4 -5
leaf_value=0.014152891422778577 -0.85106098720182988 1.5395433437938875 -0.82782226720452323 -0.21584978597643587
leaf_weight=428 24 26 25 23
leaf_count=428 24 26 25 23
internal_value=0 0.0406882 -0.0411821 0.00242326
internal_weight=0 502 476 451
internal_count=526 502 476 451
is_linear=0
shrinkage=0.1


Tree=57
num_leaves=5
num_cat=0
split_feature=28 64 100 92
split_gain=1586.15 5214.09 1068.23 398.355
threshold=37.500000000000007 24.083333333333339 85.500000000000014 6.607816951566952
decision_type=2 2 2 2
left_child=1 2 3 -1
right_child=-2 -3 -4 -5
leaf_value=0.3943639469643434 -0.79419148812691376 1.4457226736322046 -0.7006816300361054 -0.024259369552438691
leaf_weight=24 24 25 23 430
leaf_count=24 24 25 23 430
internal_value=0 0.0379693 -0.0358123 -0.0021295
internal_weight=0 502 477 454
internal_count=526 502 477 454
is_linear=0
shrinkage=0.1


Tree=58
num_leaves=6
num_cat=0
split_feature=83 102 51 96 23
split_gain=1610.83 1773.37 129.217 168.368 123.01
threshold=1249999991.7835505 152.00000000000003 36.500000000000007 20.500000000000004 5.5000000000000009
decision_type=2 2 2 2 2
left_child=1 2 3 -1 -4
right_child=-2 -3 4 -5 -6
leaf_value=-0.025802548669035669 0.69928475373214294 -0.8476848955337819 -0.0023300017629350935 0.10883237279552434 -0.30751237186789515
leaf_weight=276 31 26 28 140 25
leaf_count=276 31 26 28 140 25
internal_value=0 -0.0437936 0.000771811 0.0195073 -0.146284
internal_weight=0 495 469 416 53
internal_count=526 495 469 416 53
is_linear=0
shrinkage=0.1


Tree=59
num_leaves=5
num_cat=0
split_feature=15 3 103 103
split_gain=1436.74 937.052 516.214 221.509
threshold=101.50000000000001 58.500000000000007 216.50000000000003 148.50000000000003
decision_type=2 2 2 2
left_child=1 2 3 -1
right_child=-2 -3 -4 -5
leaf_value=-0.0092820451790957079 0.75586224701255567 -0.65963319565938872 0.44581070616841317 -0.26455923482977056
leaf_weight=418 24 23 24 37
leaf_count=418 24 23 24 37
internal_value=0 -0.0361368 -0.0061986 -0.0300408
internal_weight=0 502 479 455
internal_count=526 502 479 455
is_linear=0
shrinkage=0.1


Tree=60
num_leaves=5
num_cat=0
split_feature=24 98 85 92
split_gain=1443.89 5343.91 1020.19 354.951
threshold=31.500000000000004 363.50000000000006 0.97461712852231652 6.5956626774508864
decision_type=2 2 2 2
left_child=1 2 3 -1
right_child=-2 -3 -4 -5
leaf_value=0.38463576980259107 -0.67368230283260344 1.4654653152227404 -0.62027508541941645 -0.018821631131161538
leaf_weight=23 30 25 28 420
leaf_count=23 30 25 28 420
internal_value=0 0.0407469 -0.0348751 0.00212537
internal_weight=0 496 471 443
internal_count=526 496 471 443
is_linear=0
shrinkage=0.1


Tree=61
num_leaves=8
num_cat=0
split_feature=85 102 102 31 75 104 74
split_gain=1312.9 6166.93 2384.38 1471.91 312.167 310.915 164.233
threshold=0.82777578779003613 97.500000000000014 152.00000000000003 1.5 6.5000000000000009 89.500000000000014 4.5000000000000009
decision_type=2 2 2 2 2 2 2
left_child=2 3 4 -2 6 -5 -1
right_child=1 -3 -4 5 -6 -7 -8
leaf_value=-0.013624264271131585 -0.75385694156090421 1.762805726022824 -1.0443960167467594 0.44701743400096894 -0.35354457908811482 -0.042389793887182524 0.24234370506472058
leaf_weight=350 24 23 24 25 26 27 27
leaf_count=350 24 23 24 25 26 27 27
internal_value=0 0.32811 -0.0760723 -0.106074 -0.0184054 0.192902 0.00470766
internal_weight=0 99 427 76 403 52 377
internal_count=526 99 427 76 403 52 377
is_linear=0
shrinkage=0.1


Tree=62
num_leaves=5
num_cat=0
split_feature=60 57 100 102
split_gain=1319.48 1050.19 493.233 287.226
threshold=31.312500000000004 10.721811516575206 74.500000000000014 107.00000000000001
decision_type=2 2 2 2
left_child=1 2 3 -1
right_child=-2 -3 -4 -5
leaf_value=-0.0076906919660955746 0.65567353259900529 -0.69816391940998002 0.43547235975662874 -0.31854345191968608
leaf_weight=418 29 23 24 32
leaf_count=418 29 23 24 32
internal_value=0 -0.0382586 -0.0062379 -0.0297958
internal_weight=0 497 474 450
internal_count=526 497 474 450
is_linear=0
shrinkage=0.1


Tree=63
num_leaves=6
num_cat=0
split_feature=102 83 78 101 101
split_gain=1157.91 1367.36 117.273 321.585 168.67
threshold=164.50000000000003 849999999.00000012 1.6911764705882355 56.500000000000007 47.500000000000007
decision_type=2 2 2 2 2
left_child=1 2 3 -1 -4
right_child=-2 -3 4 -5 -6
leaf_value=0.00097843439965821129 0.58295267485082147 -0.75836202287673959 -0.0042607149595756148 0.36575540304183962 -0.28046093628262031
leaf_weight=343 32 25 67 26 33
leaf_count=343 32 25 67 26 33
internal_value=0 -0.0377621 0.000649392 0.0266809 -0.0954068
internal_weight=0 494 469 369 100
internal_count=526 494 469 369 100
is_linear=0
shrinkage=0.1


Tree=64
num_leaves=5
num_cat=0
split_feature=17 64 100 41
split_gain=1264.1 4168.83 870.631 313.603
threshold=26.500000000000004 26.916666666666671 85.500000000000014 3.1499037726019298e-21
decision_type=2 2 2 2
left_child=1 2 3 -1
right_child=-2 -3 -4 -5
leaf_value=0.13381889142421266 -0.7089958893756072 1.3199636121590934 -0.63094372697498491 -0.051710337354339123
leaf_weight=126 24 24 23 329
leaf_count=126 24 24 23 329
internal_value=0 0.0338962 -0.0306762 -0.000333012
internal_weight=0 502 478 455
internal_count=526 502 478 455
is_linear=0
shrinkage=0.1


Tree=65
num_leaves=5
num_cat=0
split_feature=24 102 83 74
split_gain=1203.29 4260.54 1022.11 98.48
threshold=31.500000000000004 138.50000000000003 849999999.00000012 4.5000000000000009
decision_type=2 2 2 2
left_child=1 2 3 -1
right_child=-2 -3 -4 -5
leaf_value=-0.010383493744808694 -0.61499599955976014 1.3093289033174516 -0.68047500595693355 0.16665732558159269
leaf_weight=414 30 25 23 34
leaf_count=414 30 25 23 34
internal_value=0 0.0371973 -0.0303256 0.00305264
internal_weight=0 496 471 448
internal_count=526 496 471 448
is_linear=0
shrinkage=0.1


Tree=66
num_leaves=8
num_cat=0
split_feature=85 102 102 31 77 104 96
split_gain=1197.37 4178.86 2203.54 1113.6 223.372 188.858 139.055
threshold=0.82777578779003613 97.500000000000014 152.00000000000003 1.5 9.5000000000000018 89.500000000000014 18.500000000000004
decision_type=2 2 2 2 2 2 2
left_child=2 3 4 -2 6 -5 -1
right_child=1 -3 -4 5 -6 -7 -8
leaf_value=-0.037753703855809007 -0.60751789848630633 1.4943535558555439 -1.0035272413243852 0.41403485935926443 -0.31982617922451184 0.03260213492645158 0.095275414698161531
leaf_weight=269 24 23 24 25 23 27 111
leaf_count=269 24 23 24 25 23 27 111
internal_value=0 0.313342 -0.0726483 -0.0440697 -0.0172114 0.215983 0.0011048
internal_weight=0 99 427 76 403 52 380
internal_count=526 99 427 76 403 52 380
is_linear=0
shrinkage=0.1


Tree=67
num_leaves=5
num_cat=0
split_feature=15 3 82 102
split_gain=1098.27 756.06 423.943 184.708
threshold=101.50000000000001 58.500000000000007 349999996.77955407 101.50000000000001
decision_type=2 2 2 2
left_child=1 2 3 -1
right_child=-2 -3 -4 -5
leaf_value=-0.006641685708457132 0.6608567227919897 -0.59164917760569125 0.41419174373149875 -0.23691617964619868
leaf_weight=418 24 23 23 38
leaf_count=418 24 23 23 38
internal_value=0 -0.0315947 -0.00470278 -0.0258312
internal_weight=0 502 479 456
internal_count=526 502 479 456
is_linear=0
shrinkage=0.1


Tree=68
num_leaves=5
num_cat=0
split_feature=83 102 79 97
split_gain=1042.87 1272.03 102.82 187.403
threshold=849999999.00000012 152.00000000000003 6.0000000000000018 16.500000000000004
decision_type=2 2 2 2
left_child=1 2 3 -1
right_child=-2 -3 -4 -5
leaf_value=-0.016402414753654247 0.53563074151821 -0.71774148436693053 -0.16386975390570505 0.1557367487919408
leaf_weight=354 34 26 35 77
leaf_count=354 34 26 35 77
internal_value=0 -0.0370151 0.000965308 0.014351
internal_weight=0 492 466 431
internal_count=526 492 466 431
is_linear=0
shrinkage=0.1


Tree=69
num_leaves=6
num_cat=0
split_feature=4 85 55 97 48
split_gain=981.663 807.274 337.41 888.481 316.778
threshold=37.500000000000007 0.98332250088165762 19.500000000000004 29.500000000000004 3.7947076036992663e-18
decision_type=2 2 2 2 2
left_child=1 2 3 -1 -4
right_child=-2 -3 4 -5 -6
leaf_value=-0.014469719294451296 0.62479081451892859 -0.55162821635603909 0.051158202018426815 0.49261053518245101 -0.43538327002897859
leaf_weight=381 24 28 23 38 32
leaf_count=381 24 28 23 38 32
internal_value=0 -0.0298705 0.000950657 0.0315185 -0.23192
internal_weight=0 502 474 419 55
internal_count=526 502 474 419 55
is_linear=0
shrinkage=0.1


Tree=70
num_leaves=5
num_cat=0
split_feature=62 102 83 78
split_gain=942.54 3899.18 916.578 95.3605
threshold=15.500000000000002 164.50000000000003 849999999.00000012 1.6911764705882355
decision_type=2 2 2 2
left_child=1 2 3 -1
right_child=-2 -3 -4 -5
leaf_value=0.024110643544856963 -0.61221387684345252 1.3011266330014104 -0.63410691370566685 -0.086844475744198069
leaf_weight=356 24 23 24 99
leaf_count=356 24 23 24 99
internal_value=0 0.0292692 -0.0318012 -3.12396e-05
internal_weight=0 502 479 455
internal_count=526 502 479 455
is_linear=0
shrinkage=0.1


Tree=71
num_leaves=5
num_cat=0
split_feature=83 102 76 74
split_gain=910.541 1317.82 92.5098 188.534
threshold=849999999.00000012 164.50000000000003 10508399130531158 4.5000000000000009
decision_type=2 2 2 2
left_child=1 2 3 -1
right_child=-2 -3 -4 -5
leaf_value=-0.0042441429356935489 0.50049537897986529 -0.77362852096557622 -0.18958544041961434 0.27326769312986959
leaf_weight=419 34 23 24 26
leaf_count=419 34 23 24 26
internal_value=0 -0.0345871 0.00165589 0.01197
internal_weight=0 492 469 445
internal_count=526 492 469 445
is_linear=0
shrinkage=0.1


Tree=72
num_leaves=6
num_cat=0
split_feature=64 100 41 23 102
split_gain=913.632 651.426 240.714 532.691 122.942
threshold=29.708333333333336 85.500000000000014 3.1499037726019298e-21 5.5000000000000009 84.500000000000014
decision_type=2 2 2 2 2
left_child=1 2 3 -1 -4
right_child=-2 -3 4 -5 -6
leaf_value=-0.0073634560267949846 0.53588684856891633 -0.5521194546119027 -0.028835910448989688 0.46314958143047991 -0.21334411455545485
leaf_weight=97 30 23 303 32 41
leaf_count=97 30 23 303 32 41
internal_value=0 -0.0324125 -0.00714135 0.109353 -0.0508267
internal_weight=0 496 473 129 344
internal_count=526 496 473 129 344
is_linear=0
shrinkage=0.1


Tree=73
num_leaves=8
num_cat=0
split_feature=46 60 3 100 75 96 7
split_gain=862.394 4569.57 1613.33 238.645 296.597 125.07 58.6995
threshold=2.0000000000000009 3.0625000000000004 81.500000000000014 74.500000000000014 6.5000000000000009 14.500000000000002 5.8980598183211451e-16
decision_type=2 2 2 2 2 2 2
left_child=1 5 3 4 -2 6 -1
right_child=2 -3 -4 -5 -6 -7 -8
leaf_value=-0.063294735284289347 -0.014937567023659983 1.5023343633698381 -0.86771174392973394 0.27657460093498232 -0.34386407096559801 -0.21779509795596824 0.11542137841529705
leaf_weight=40 318 23 24 25 30 32 34
leaf_count=40 318 23 24 25 30 32 34
internal_value=0 0.224626 -0.0729894 -0.0218544 -0.0432933 -0.0526123 0.0188181
internal_weight=0 129 397 373 348 106 74
internal_count=526 129 397 373 348 106 74
is_linear=0
shrinkage=0.1


Tree=74
num_leaves=5
num_cat=0
split_feature=15 3 82 24
split_gain=860.107 572.997 275.382 133.697
threshold=101.50000000000001 58.500000000000007 349999996.77955407 1.4999999999999998
decision_type=2 2 2 2
left_child=1 2 3 -1
right_child=-2 -3 -4 -5
leaf_value=0.03524829061822065 0.58482987334330871 -0.51552027589439053 0.33306367118721425 -0.073172779885757808
leaf_weight=217 24 23 23 239
leaf_count=217 24 23 23 239
internal_value=0 -0.02796 -0.00454896 -0.0215777
internal_weight=0 502 479 456
internal_count=526 502 479 456
is_linear=0
shrinkage=0.1


Tree=75
num_leaves=5
num_cat=0
split_feature=24 60 61 97
split_gain=830.123 3208.55 621.637 454.675
threshold=37.500000000000007 26.062500000000004 10.898418035646804 51.500000000000007
decision_type=2 2 2 2
left_child=1 2 3 -1
right_child=-2 -3 -4 -5
leaf_value=-0.025052894642446324 -0.5745457953462999 1.1557321537286043 -0.5046662014264327 0.43132783485495524
leaf_weight=429 24 24 26 23
leaf_count=429 24 24 26 23
internal_value=0 0.0274683 -0.0291809 -0.00182998
internal_weight=0 502 478 452
internal_count=526 502 478 452
is_linear=0
shrinkage=0.1


Tree=76
num_leaves=5
num_cat=0
split_feature=14 60 51 100
split_gain=806.102 2651.45 497.428 440.415
threshold=171.00000000000003 28.687500000000004 55.500000000000007 74.500000000000014
decision_type=2 2 2 2
left_child=1 2 3 -1
right_child=-2 -3 -4 -5
leaf_value=-0.023162347753695814 -0.54287573133523648 1.0769304225302261 -0.46599581763148312 0.4007535023543124
leaf_weight=427 26 23 24 26
leaf_count=427 26 23 24 26
internal_value=0 0.0282295 -0.0223368 0.00116836
internal_weight=0 500 477 453
internal_count=526 500 477 453
is_linear=0
shrinkage=0.1


Tree=77
num_leaves=5
num_cat=0
split_feature=62 102 83 9
split_gain=824.998 2887.54 742.977 116.988
threshold=15.500000000000002 164.50000000000003 849999999.00000012 17.500000000000004
decision_type=2 2 2 2
left_child=1 2 3 -1
right_child=-2 -3 -4 -5
leaf_value=0.016168373299949742 -0.57276943810284142 1.1218849021455515 -0.56744662038981919 -0.19845298963288469
leaf_weight=428 24 23 24 27
leaf_count=428 24 23 24 27
internal_value=0 0.0273834 -0.025171 0.0034326
internal_weight=0 502 479 455
internal_count=526 502 479 455
is_linear=0
shrinkage=0.1


Tree=78
num_leaves=7
num_cat=0
split_feature=85 80 102 35 2 96
split_gain=750.367 2487.73 1659.95 524.002 176.74 180.374
threshold=0.82777578779003613 1.7750000000000008 152.00000000000003 2.4999999999999996 70.000000000000014 45.500000000000007
decision_type=2 2 2 2 2 2
left_child=2 3 4 -2 5 -1
right_child=1 -3 -4 -5 -6 -7
leaf_value=-0.008150939352447744 -0.31955537318306815 1.1592777073383331 -0.86545348286939172 0.208536075232994 -0.21767810442157695 0.2604119220265636
leaf_weight=339 34 23 24 42 37 27
leaf_count=339 34 23 24 42 37 27
internal_value=0 0.248051 -0.0575106 -0.0277154 -0.00939488 0.0116611
internal_weight=0 99 427 76 403 366
internal_count=526 99 427 76 403 366
is_linear=0
shrinkage=0.1


Tree=79
num_leaves=6
num_cat=0
split_feature=50 85 71 38 96
split_gain=727.26 775.883 276.746 484.821 287.717
threshold=113.00000000000001 0.98332250088165762 3.5 22.500000000000004 76.500000000000014
decision_type=2 2 2 2 2
left_child=1 2 4 -4 -1
right_child=-2 -3 3 -5 -6
leaf_value=-0.007743177309926904 0.42746980158058379 -0.5993309944220212 0.55314635721885641 -0.096148320643798177 -0.33954996887062278
leaf_weight=392 37 23 23 23 28
leaf_count=392 37 23 23 23 28
internal_value=0 -0.0323443 -0.00436002 0.228499 -0.0298636
internal_weight=0 489 466 46 420
internal_count=526 489 466 46 420
is_linear=0
shrinkage=0.1


Tree=80
num_leaves=5
num_cat=0
split_feature=83 68 92 101
split_gain=679.326 899.637 104.068 176.128
threshold=1349999999.0000002 27.865288030099695 6.6588006168933891 84.000000000000014
decision_type=2 2 2 2
left_child=1 2 -1 -4
right_child=-2 -3 3 -5
leaf_value=-0.16082380811373395 0.47927165861640664 -0.63775090989859207 0.001139025273173152 0.28541250040997629
leaf_weight=36 28 23 416 23
leaf_count=36 28 23 416 23
internal_value=0 -0.026947 0.00262877 0.0160326
internal_weight=0 498 475 439
internal_count=526 498 475 439
is_linear=0
shrinkage=0.1


Tree=81
num_leaves=5
num_cat=0
split_feature=4 3 100 73
split_gain=719.156 549.664 192.017 290.303
threshold=37.500000000000007 58.500000000000007 60.000000000000007 5.5000000000000009
decision_type=2 2 2 2
left_child=1 2 3 -1
right_child=-2 -3 -4 -5
leaf_value=-0.00047717264915654226 0.53476731951038048 -0.48263985610008242 0.22385843692081317 -0.36537080122076948
leaf_weight=419 24 25 35 23
leaf_count=419 24 25 35 23
internal_value=0 -0.0255666 -0.00161094 -0.0194649
internal_weight=0 502 477 442
internal_count=526 502 477 442
is_linear=0
shrinkage=0.1


Tree=82
num_leaves=5
num_cat=0
split_feature=15 57 97 102
split_gain=649.201 526.59 262.673 203.272
threshold=101.50000000000001 8.7819427323071704 47.500000000000007 103.50000000000001
decision_type=2 2 2 2
left_child=1 2 3 -1
right_child=-2 -3 -4 -5
leaf_value=0.0086146963870908956 0.50809287453691165 -0.37236822232604028 0.33526921285235367 -0.24260083752019065
leaf_weight=404 24 40 23 35
leaf_count=404 24 40 23 35
internal_value=0 -0.0242913 0.00584524 -0.0114139
internal_weight=0 502 462 439
internal_count=526 502 462 439
is_linear=0
shrinkage=0.1


Tree=83
num_leaves=5
num_cat=0
split_feature=17 64 3 97
split_gain=646.152 2152.39 483.755 241.016
threshold=26.500000000000004 26.916666666666671 61.500000000000007 47.500000000000007
decision_type=2 2 2 2
left_child=1 2 3 -1
right_child=-2 -3 -4 -5
leaf_value=-0.016622716807141589 -0.5068981643766165 0.94833025832970952 -0.4597071261766057 0.30278983032703399
leaf_weight=429 24 24 24 25
leaf_count=429 24 24 24 25
internal_value=0 0.0242342 -0.022164 0.00096608
internal_weight=0 502 478 454
internal_count=526 502 478 454
is_linear=0
shrinkage=0.1


Tree=84
num_leaves=5
num_cat=0
split_feature=62 102 103 73
split_gain=658.087 2280.57 600.259 152.052
threshold=15.500000000000002 164.50000000000003 278.50000000000006 5.5000000000000009
decision_type=2 2 2 2
left_child=1 2 3 -1
right_child=-2 -3 -4 -5
leaf_value=0.020273101065606897 -0.5115582852934798 0.99714452235595052 -0.48951425414818983 -0.20918718694198515
leaf_weight=422 24 23 26 31
leaf_count=422 24 23 26 31
internal_value=0 0.024457 -0.0222483 0.00457052
internal_weight=0 502 479 453
internal_count=526 502 479 453
is_linear=0
shrinkage=0.1


Tree=85
num_leaves=9
num_cat=0
split_feature=86 103 57 86 52 73 101 87
split_gain=617.121 2498.29 1405.81 318.311 404.062 391.91 121.403 48.0951
threshold=0.1254553598049121 200.50000000000003 9.4051974797619771 -0.75015329512557238 5.7500000000000009 2.5000000000000013 47.500000000000007 0.85339567587929788
decision_type=2 2 2 2 2 2 2 2
left_child=2 6 3 4 -1 -5 7 -2
right_child=1 -3 -4 5 -6 -7 -8 -9
leaf_value=-0.027637799004022079 -0.034315215511904917 1.0852408284321429 -0.85000056391176981 -0.053357384066012772 0.39357054417487236 -0.47471388959222377 0.22816482633352281 0.10935839420115506
leaf_weight=79 170 24 23 121 32 27 23 27
leaf_count=79 170 24 23 121 32 27 23 27
internal_value=0 0.116445 -0.100754 -0.0342187 0.0937916 -0.130226 0.0107586 -0.0146239
internal_weight=0 244 282 259 111 148 220 197
internal_count=526 244 282 259 111 148 220 197
is_linear=0
shrinkage=0.1


Tree=86
num_leaves=9
num_cat=0
split_feature=46 60 3 86 102 68 69 98
split_gain=590.644 2926.89 988.686 157.228 318.028 195.41 100.089 50.8745
threshold=2.0000000000000009 3.0625000000000004 81.500000000000014 0.1254553598049121 77.500000000000014 2.4126132038690069 1.5420582573873036 13.500000000000002
decision_type=2 2 2 2 2 2 2 2
left_child=1 6 3 4 -2 -5 7 -1
right_child=2 -3 -4 5 -6 -7 -8 -9
leaf_value=-0.041967748728941906 -0.030154617781560106 1.2084756312162981 -0.68253669018546748 0.3065364515781403 -0.39448938444256787 0.0051183845399570497 -0.20219960684577623 0.12338253940145175
leaf_weight=49 166 23 24 25 28 154 27 30
leaf_count=49 166 23 24 25 28 154 27 30
internal_value=0 0.185896 -0.0604046 -0.0203746 -0.082739 0.0472159 -0.0359843 0.0208235
internal_weight=0 129 397 373 194 179 106 79
internal_count=526 129 397 373 194 179 106 79
is_linear=0
shrinkage=0.1


Tree=87
num_leaves=5
num_cat=0
split_feature=15 51 97 102
split_gain=606.412 352.753 183.233 161.732
threshold=101.50000000000001 55.500000000000007 52.500000000000007 124.00000000000001
decision_type=2 2 2 2
left_child=1 2 3 -1
right_child=-2 -3 -4 -5
leaf_value=-0.0054194594379297877 0.49106305862466498 -0.39758069651822248 0.25885874091833833 -0.27759463349762176
leaf_weight=430 24 24 25 23
leaf_count=430 24 24 25 23
internal_value=0 -0.0234771 -0.00469367 -0.0192385
internal_weight=0 502 478 453
internal_count=526 502 478 453
is_linear=0
shrinkage=0.1


Tree=88
num_leaves=5
num_cat=0
split_feature=75 103 102 102
split_gain=552.657 477.988 119.702 114.054
threshold=12.500000000000004 278.50000000000006 124.00000000000001 77.500000000000014
decision_type=2 2 2 2
left_child=1 2 3 -1
right_child=-2 -3 -4 -5
leaf_value=-0.010270336180257453 0.36732703447341919 -0.44579250134993348 -0.22750660360426359 0.16120656750971712
leaf_weight=396 38 26 23 43
leaf_count=396 38 26 23 43
internal_value=0 -0.0286033 -0.00512516 0.00652581
internal_weight=0 488 462 439
internal_count=526 488 462 439
is_linear=0
shrinkage=0.1


Tree=89
num_leaves=7
num_cat=0
split_feature=4 52 17 97 102 49
split_gain=520.533 391.503 748.333 667.01 216.184 184.308
threshold=37.500000000000007 14.250000000000002 4.5000000000000018 31.500000000000004 111.00000000000001 5.5000000000000009
decision_type=2 2 2 2 2 2
left_child=1 3 -3 4 -1 -4
right_child=-2 2 5 -5 -6 -7
leaf_value=-0.00016868283517902327 0.45496464887013038 -0.69249607970317206 0.14383841673533124 0.45486710378900175 -0.29856152328161095 -0.23241908948706544
leaf_weight=367 24 24 30 32 26 23
leaf_count=367 24 24 30 32 26 23
internal_value=0 -0.0217513 -0.229226 0.0158382 -0.0199097 -0.0194431
internal_weight=0 502 77 425 393 53
internal_count=526 502 77 425 393 53
is_linear=0
shrinkage=0.1


Tree=90
num_leaves=5
num_cat=0
split_feature=28 64 104 85
split_gain=536.76 1641.01 347.855 279.116
threshold=34.500000000000007 24.083333333333339 171.50000000000003 0.98332250088165762
decision_type=2 2 2 2
left_child=1 2 3 -1
right_child=-2 -3 -4 -5
leaf_value=0.0220067565607674 -0.43427588440201897 0.83026237798233837 -0.38033336174488069 -0.32181543672084811
leaf_weight=425 27 24 25 25
leaf_count=425 27 24 25 25
internal_value=0 0.0234979 -0.0172649 0.00290552
internal_weight=0 499 475 450
internal_count=526 499 475 450
is_linear=0
shrinkage=0.1


Tree=91
num_leaves=5
num_cat=0
split_feature=62 69 70 77
split_gain=555.997 1880.56 434.287 217.78
threshold=15.500000000000002 25.924689353333111 17.995352655708377 8.5000000000000018
decision_type=2 2 2 2
left_child=1 2 3 -1
right_child=-2 -3 -4 -5
leaf_value=-0.013095973627830729 -0.47020773502687618 0.88625368078549716 -0.37673937417566777 0.27991743071211711
leaf_weight=419 24 24 32 27
leaf_count=419 24 24 32 27
internal_value=0 0.0224801 -0.0208893 0.00464251
internal_weight=0 502 478 446
internal_count=526 502 478 446
is_linear=0
shrinkage=0.1


Tree=92
num_leaves=5
num_cat=0
split_feature=83 68 79 71
split_gain=526.261 720.313 80.5001 119.341
threshold=1349999999.0000002 27.865288030099695 6.0000000000000018 3.5
decision_type=2 2 2 2
left_child=1 2 3 -1
right_child=-2 -3 -4 -5
leaf_value=0.00044615939520460012 0.42183576026665315 -0.57026644478673516 -0.13685801380166882 0.20400617689855638
leaf_weight=406 28 23 38 31
leaf_count=406 28 23 38 31
internal_value=0 -0.0237177 0.0027468 0.0148863
internal_weight=0 498 475 437
internal_count=526 498 475 437
is_linear=0
shrinkage=0.1


Tree=93
num_leaves=5
num_cat=0
split_feature=68 57 100 77
split_gain=485.414 350.929 323.909 167.661
threshold=29.991556423771829 10.721811516575206 74.500000000000014 10.500000000000002
decision_type=2 2 2 2
left_child=1 2 3 -1
right_child=-2 -3 -4 -5
leaf_value=-0.0059860455587334395 0.43934874931971235 -0.37169426337436395 0.35689966380596161 -0.28313866452030512
leaf_weight=428 24 27 24 23
leaf_count=428 24 27 24 23
internal_value=0 -0.0210047 -0.00107079 -0.0201202
internal_weight=0 502 475 451
internal_count=526 502 475 451
is_linear=0
shrinkage=0.1


Tree=94
num_leaves=5
num_cat=0
split_feature=21 60 57 88
split_gain=457.54 1466.36 337.613 179.721
threshold=24.500000000000004 26.062500000000004 8.7819427323071704 0.41007126414776257
decision_type=2 2 2 2
left_child=1 2 3 -1
right_child=-2 -3 -4 -5
leaf_value=-0.042547905908930789 -0.38610088886885813 0.80230126601198448 -0.34590698038709577 0.089022496381040775
leaf_weight=280 29 23 29 165
leaf_count=280 29 23 29 165
internal_value=0 0.022529 -0.015308 0.00623663
internal_weight=0 497 474 445
internal_count=526 497 474 445
is_linear=0
shrinkage=0.1


Tree=95
num_leaves=6
num_cat=0
split_feature=22 69 55 50 73
split_gain=452.614 1940.22 443.431 430.481 252.332
threshold=107.50000000000001 23.413257288639873 19.500000000000004 42.500000000000007 4.5000000000000009
decision_type=2 2 2 2 2
left_child=1 2 4 -2 -1
right_child=3 -3 -4 -5 -6
leaf_value=-0.0089690447588892368 -0.031049189500270354 0.92718075643415043 -0.3562990993474211 -0.60204000473022468 0.27538214413558737
leaf_weight=380 31 23 35 23 34
leaf_count=380 31 23 35 23 34
internal_value=0 0.0313759 -0.0145116 -0.274249 0.0143835
internal_weight=0 472 449 54 414
internal_count=526 472 449 54 414
is_linear=0
shrinkage=0.1


Tree=96
num_leaves=5
num_cat=0
split_feature=62 98 85 0
split_gain=458.774 1603.19 432.558 205.448
threshold=15.500000000000002 363.50000000000006 0.97461712852231652 14.500000000000002
decision_type=2 2 2 2
left_child=1 2 3 -1
right_child=-2 -3 -4 -5
leaf_value=0.025115011703931017 -0.42712296918034554 0.78506158957114591 -0.40265626460313797 -0.20016943660047321
leaf_weight=403 24 26 28 45
leaf_count=403 24 26 28 45
internal_value=0 0.0204202 -0.0213459 0.00248599
internal_weight=0 502 476 448
internal_count=526 502 476 448
is_linear=0
shrinkage=0.1


Tree=97
num_leaves=8
num_cat=0
split_feature=46 58 3 31 68 104 98
split_gain=422.831 2175.4 815.744 131.29 230.323 116.729 57.932
threshold=2.0000000000000009 1.5000000000000002 81.500000000000014 1.5937771935536921e-17 2.4126132038690069 38.500000000000007 13.500000000000002
decision_type=2 2 2 2 2 2 2
left_child=1 5 3 -2 -5 6 -1
right_child=2 -3 -4 4 -6 -7 -8
leaf_value=-0.037427266288016528 -0.17492123151818911 1.0388711229614589 -0.61621487090984983 0.25364174720119026 -0.021269220961923047 -0.20914843678141815 0.14089655507484386
leaf_weight=49 45 23 24 34 294 28 29
leaf_count=49 45 23 24 34 294 28 29
internal_value=0 0.157286 -0.0511082 -0.0147474 0.00722765 -0.0340009 0.0288726
internal_weight=0 129 397 373 328 106 78
internal_count=526 129 397 373 328 106 78
is_linear=0
shrinkage=0.1


Tree=98
num_leaves=6
num_cat=0
split_feature=15 3 20 101 24
split_gain=471.491 284.031 161.295 585.337 102.869
threshold=101.50000000000001 58.500000000000007 1.9428902930940242e-16 27.500000000000004 1.4999999999999998
decision_type=2 2 2 2 2
left_child=1 2 3 -1 -4
right_child=-2 -3 4 -5 -6
leaf_value=0.0005072098958931149 0.43300199167182046 -0.36397042864042783 0.043709913274963923 0.543265108310658 -0.083620183092301792
leaf_weight=146 24 23 89 23 221
leaf_count=146 24 23 89 23 221
internal_value=0 -0.0207013 -0.00421864 0.0743737 -0.0470641
internal_weight=0 502 479 169 310
internal_count=526 502 479 169 310
is_linear=0
shrinkage=0.1


Tree=99
num_leaves=6
num_cat=0
split_feature=75 103 53 100 1
split_gain=404.473 325.233 87.721 206.729 100.034
threshold=13.500000000000002 278.50000000000006 2.8284271247461956 31.500000000000004 7.5000000000000009
decision_type=2 2 2 2 2
left_child=1 2 3 -1 -4
right_child=-2 -3 4 -5 -6
leaf_value=-0.0058650449800237434 0.32844182048525128 -0.3543667937895017 -0.2565953399986029 0.26332118068971944 -0.015072111087910673
leaf_weight=358 35 28 27 31 47
leaf_count=358 35 28 27 31 47
internal_value=0 -0.0234123 -0.00339782 0.0155868 -0.103195
internal_weight=0 491 463 389 74
internal_count=526 491 463 389 74
is_linear=0
shrinkage=0.1


end of trees

feature_importances:
Puerto_Rico_current=53
Delaware_momentum_12=34
Mississippi_current=29
Nevada_current=24
week_cos=21
Arizona_current=19
New_Mexico_current=17
New_Mexico_lag_1=14
Delaware_diff_8=14
Oklahoma_current=13
Delaware_cumulative_mean=12
Delaware_roll_std_4=10
Arkansas_lag_1=9
Arkansas_lag_52=8
New_Mexico_lag_52=8
Delaware_roll_mean_8=8
Delaware_pct_change_2=8
Arkansas_current=8
Michigan_current=8
Delaware_roll_min_8=7
Delaware_pct_change_8=7
Delaware_lag_2=6
New_Mexico_lag_4=6
Delaware_ewm_alpha_0.1=6
Delaware_diff_4=6
Delaware_diff_52=6
New_Mexico_lag_2=5
Vermont_lag_5=5
Delaware_lag_7=5
Delaware_roll_mean_12=5
Delaware_diff_1=5
Delaware_diff_2=5
Delaware_momentum_8=5
quarter_sin=5
Delaware_roll_std_2=4
Delaware_roll_max_2=4
New_Mexico_lag_5=3
New_Mexico_lag_6=3
New_Mexico_lag_8=3
New_Mexico_lag_10=3
Vermont_lag_11=3
Arkansas_lag_12=3
Delaware_roll_std_8=3
Delaware_ewm_alpha_0.3=3
quarter_cos=3
Delaware_lag_8=2
Arkansas_lag_10=2
Delaware_lag_11=2
Delaware_roll_mean_2=2
Delaware_roll_std_12=2
Delaware_ewm_alpha_0.5=2
Delaware_pct_change_4=2
Delaware_momentum_4=2
month_sin=2
Vermont_current=2
Pennsylvania_current=2
Delaware_lag_1=1
Vermont_lag_1=1
Vermont_lag_2=1
Arkansas_lag_2=1
Vermont_lag_3=1
Arkansas_lag_4=1
Delaware_lag_6=1
Vermont_lag_6=1
Arkansas_lag_6=1
Vermont_lag_7=1
Vermont_lag_8=1
New_Mexico_lag_9=1
Vermont_lag_12=1
New_Mexico_lag_12=1
Delaware_lag_52=1
Vermont_lag_52=1
Delaware_roll_min_2=1
Delaware_roll_min_4=1
Delaware_pct_change_52=1
week_sin=1

parameters:
[boosting: gbdt]
[objective: regression]
[metric: l1]
[tree_learner: serial]
[device_type: cpu]
[data_sample_strategy: bagging]
[data: ]
[valid: ]
[num_iterations: 100]
[learning_rate: 0.1]
[num_leaves: 16]
[num_threads: 2]
[seed: 1]
[deterministic: 0]
[force_col_wise: 0]
[force_row_wise: 0]
[histogram_pool_size: -1]
[max_depth: 4]
[min_data_in_leaf: 23]
[min_sum_hessian_in_leaf: 0.001]
[bagging_fraction: 1]
[pos_bagging_fraction: 1]
[neg_bagging_fraction: 1]
[bagging_freq: 0]
[bagging_seed: 18467]
[feature_fraction: 1]
[feature_fraction_bynode: 1]
[feature_fraction_seed: 26500]
[extra_trees: 0]
[extra_seed: 15724]
[early_stopping_round: 0]
[first_metric_only: 0]
[max_delta_step: 0]
[lambda_l1: 0]
[lambda_l2: 0]
[linear_lambda: 0]
[min_gain_to_split: 0]
[drop_rate: 0.1]
[max_drop: 50]
[skip_drop: 0.5]
[xgboost_dart_mode: 0]
[uniform_drop: 0]
[drop_seed: 6334]
[top_rate: 0.2]
[other_rate: 0.1]
[min_data_per_group: 100]
[max_cat_threshold: 32]
[cat_l2: 10]
[cat_smooth: 10]
[max_cat_to_onehot: 4]
[top_k: 20]
[monotone_constraints: ]
[monotone_constraints_method: basic]
[monotone_penalty: 0]
[feature_contri: ]
[forcedsplits_filename: ]
[refit_decay_rate: 0.9]
[cegb_tradeoff: 1]
[cegb_penalty_split: 0]
[cegb_penalty_feature_lazy: ]
[cegb_penalty_feature_coupled: ]
[path_smooth: 0]
[interaction_constraints: ]
[verbosity: -1]
[saved_feature_importance_type: 0]
[use_quantized_grad: 0]
[num_grad_quant_bins: 4]
[quant_train_renew_leaf: 0]
[stochastic_rounding: 1]
[linear_tree: 0]
[max_bin: 255]
[max_bin_by_feature: ]
[min_data_in_bin: 3]
[bin_construct_sample_cnt: 200000]
[data_random_seed: 41]
[is_enable_sparse: 1]
[enable_bundle: 1]
[use_missing: 1]
[zero_as_missing: 0]
[feature_pre_filter: 1]
[pre_partition: 0]
[two_round: 0]
[header: 0]
[label_column: ]
[weight_column: ]
[group_column: ]
[ignore_column: ]
[categorical_feature: ]
[forcedbins_filename: ]
[precise_float_parser: 0]
[parser_config_file: ]
[objective_seed: 19169]
[num_class: 1]
[is_unbalance: 0]
[scale_pos_weight: 1]
[sigmoid: 1]
[boost_from_average: 1]
[reg_sqrt: 0]
[alpha: 0.9]
[fair_c: 1]
[poisson_max_delta_step: 0.7]
[tweedie_variance_power: 1.5]
[lambdarank_truncation_level: 30]
[lambdarank_norm: 1]
[label_gain: ]
[lambdarank_position_bias_regularization: 0]
[eval_at: ]
[multi_error_top_k: 1]
[auc_mu_weights: ]
[num_machines: 1]
[local_listen_port: 12400]
[time_out: 120]
[machine_list_filename: ]
[machines: ]
[gpu_platform_id: -1]
[gpu_device_id: -1]
[gpu_use_dp: 0]
[num_gpu: 1]

end of parameters

pandas_categorical:[]
