tree
version=v4
num_class=1
num_tree_per_iteration=1
label_index=0
max_feature_idx=104
objective=regression
feature_names=Kansas_lag_1 US_lag_1 Arkansas_lag_1 West_Virginia_lag_1 Kansas_lag_2 US_lag_2 Arkansas_lag_2 West_Virginia_lag_2 Kansas_lag_3 US_lag_3 Arkansas_lag_3 West_Virginia_lag_3 Kansas_lag_4 US_lag_4 Arkansas_lag_4 West_Virginia_lag_4 Kansas_lag_5 US_lag_5 Arkansas_lag_5 West_Virginia_lag_5 Kansas_lag_6 US_lag_6 Arkansas_lag_6 West_Virginia_lag_6 Kansas_lag_7 US_lag_7 Arkansas_lag_7 West_Virginia_lag_7 Kansas_lag_8 US_lag_8 Arkansas_lag_8 West_Virginia_lag_8 Kansas_lag_9 US_lag_9 Arkansas_lag_9 West_Virginia_lag_9 Kansas_lag_10 US_lag_10 Arkansas_lag_10 West_Virginia_lag_10 Kansas_lag_11 US_lag_11 Arkansas_lag_11 West_Virginia_lag_11 Kansas_lag_12 US_lag_12 Arkansas_lag_12 West_Virginia_lag_12 Kansas_lag_52 US_lag_52 Arkansas_lag_52 West_Virginia_lag_52 Kansas_roll_mean_2 Kansas_roll_std_2 Kansas_roll_min_2 Kansas_roll_max_2 Kansas_roll_mean_4 Kansas_roll_std_4 Kansas_roll_min_4 Kansas_roll_max_4 Kansas_roll_mean_8 Kansas_roll_std_8 Kansas_roll_min_8 Kansas_roll_max_8 Kansas_roll_mean_12 Kansas_roll_std_12 Kansas_roll_min_12 Kansas_roll_max_12 Kansas_ewm_alpha_0.1 Kansas_ewm_alpha_0.3 Kansas_ewm_alpha_0.5 Kansas_diff_1 Kansas_pct_change_1 Kansas_diff_2 Kansas_pct_change_2 Kansas_diff_4 Kansas_pct_change_4 Kansas_diff_8 Kansas_pct_change_8 Kansas_diff_52 Kansas_pct_change_52 Kansas_momentum_4 Kansas_momentum_8 Kansas_momentum_12 week_sin week_cos quarter_sin quarter_cos month_sin month_cos is_flu_season is_peak_flu Kansas_cumulative_mean Kansas_trend_8w Kansas_trend_12w US_current Arkansas_current West_Virginia_current Alabama_current Missouri_current Tennessee_current Nebraska_current Colorado_current South_Carolina_current Iowa_current
feature_infos=[0:519] [0:55457] [0:752] [0:640] [0:519] [0:55457] [0:752] [0:640] [0:519] [0:55457] [0:752] [0:640] [0:519] [0:55457] [0:752] [0:640] [0:519] [0:55457] [0:752] [0:640] [0:519] [0:55457] [0:752] [0:640] [0:519] [0:55457] [0:752] [0:640] [0:519] [0:55457] [0:752] [0:640] [0:519] [0:55457] [0:752] [0:640] [0:519] [0:55457] [0:752] [0:640] [0:519] [0:55457] [0:752] [0:640] [0:519] [0:55457] [0:752] [0:640] [0:293] [0:37039] [0:359] [0:234] [0:501] [0:123.03657992645927] [0:483] [0:519] [0:451.25] [0:137.43452986786107] [0:390] [0:519] [0:351.25] [0:169.91757455559781] [0:200] [0:519] [0:313.16666666666669] [0:187.58664664628986] [0:164] [0:519] [0:240.56739098349516] [0:393.21370278077802] [0:456.42208589257513] [-117:174] [-1:1.6212958658533786e+17] [-211:267] [-0.99999999999999978:5.7646075230342336e+17] [-355:319] [-0.99999999999999978:7.2469351718144676e+18] [-490:399] [-0.99999999999999989:3.7646416476958269e+19] [-224:407] [-1:7.8706108047827442e+20] [-0.99999999999999978:2499999992.9284682] [-0.99999999999999989:10699999939.603067] [-0.99999999999999989:35299999999] [-0.9999994220246925:0.99998555065071859] [-0.99997919295908233:0.9999907524084426] [-0.99997167934088305:0.9999531843608731] [-0.99999768809943823:0.9999907524084426] [-0.99999479822624138:0.99999479822624138] [-0.99997919295908222:0.99991677270219514] [0:1] [0:1] [0:41.772727272727273] none none [0:55457] [0:752] [0:640] [0:742] [0:1424] [0:1067] [0:319] [0:760] [0:1287] [0:607]
tree_sizes=1177 1166 1181 1086 1186 1166 1170 1170 1193 1248 1200 1187 1265 1308 973 1192 1009 987 904 914 943 908 984 959 935 939 844 962 964 913 852 920 968 777 601 870 602 925 685 602 700 697 613 833 605 620 608 765 711 609 606 618 685 681 699 607 775 604 608 608 608 762 610 690 780 689 767 609 803 684 688 691 685 687 687 956 767 692 711 783 687 683 701 691 941 782 683 706 679 683 881 875 1211 686 1044 692 632 1145 699 1138

Tree=0
num_leaves=12
num_cat=0
split_feature=95 95 96 77 95 52 79 54 30 77 76
split_gain=1.12429e+06 277269 237634 45819.3 44347.5 25675.3 15486.5 12169.9 11698.2 3227.49 2856.64
threshold=12307.500000000002 4016.0000000000005 375.50000000000006 47.000000000000007 21732.500000000004 13.750000000000002 87.500000000000014 55.500000000000007 37.500000000000007 2.5000000000000004 -0.48387931034482751
decision_type=2 2 2 2 2 2 2 2 2 2 2
left_child=1 5 4 7 6 9 -2 -3 -5 -1 -7
right_child=2 3 -4 8 -6 10 -8 -9 -10 -11 -12
leaf_value=29.800259490036311 41.30413973259202 34.04858406288885 71.835566887133055 41.275568341486377 53.950568031542232 30.991568218462394 47.57556841301195 36.396156343971768 36.915568145983144 30.722234875168461 32.254933278699113
leaf_weight=243 7.0000000000000098 63 4.9999999999999991 16.000000000000004 7.9999999999999991 25 8.9999999999999982 34 9.9999999999999982 45 63
leaf_count=243 7 63 5 16 8 25 9 34 10 45 63
internal_value=32.8617 31.7493 52.0032 35.8707 47.8714 30.4011 44.8318 34.8714 39.5986 29.9443 31.896
internal_weight=0 499 29 123 24 376 16 97 26 288 88
internal_count=528 499 29 123 24 376 16 97 26 288 88
is_linear=0
shrinkage=1


Tree=1
num_leaves=12
num_cat=0
split_feature=77 95 9 79 95 52 98 54 103 83 86
split_gain=920730 228028 184927 35113.8 33803 20797 16706.3 13044.1 8480.03 2748.85 2615.99
threshold=100.50000000000001 4016.0000000000005 29451.000000000004 25.500000000000004 18033.500000000004 13.750000000000002 195.00000000000003 59.500000000000007 154.50000000000003 -5.9999997747972592e-09 0.53583213443159183
decision_type=2 2 2 2 2 2 2 2 2 2 2
left_child=1 5 4 7 8 9 -5 -3 -2 -1 -7
right_child=2 3 -4 6 -6 10 -8 -9 -10 -11 -12
leaf_value=-2.7924769534123857 8.7110555376325216 0.93950902636861433 35.076442871093754 4.5741342238017486 19.653158133370539 -0.29854850378774461 10.849411621093751 3.5604441112942169 13.351808505588108 -2.053445861522968 -1.3901296026032905
leaf_weight=223 7.0000000000000098 64 4.9999999999999991 28 6.9999999999999991 42 4.9999999999999991 27 8.9999999999999982 65 46
leaf_count=223 7 64 5 28 7 42 5 27 9 65 46
internal_value=0 -0.988196 17.6464 2.73051 13.8572 -2.21458 5.52493 1.71715 11.3215 -2.62568 -0.869148
internal_weight=0 500 28 124 23 376 33 91 16 288 88
internal_count=528 500 28 124 23 376 33 91 16 288 88
is_linear=0
shrinkage=0.1


Tree=2
num_leaves=12
num_cat=0
split_feature=77 95 9 54 95 79 98 103 65 52 86
split_gain=745791 188365 149791 33884.6 27380.4 20860.1 9930.71 7049.48 5471.83 4317.11 3997.19
threshold=100.50000000000001 5459.5000000000009 29451.000000000004 15.500000000000002 18033.500000000004 27.500000000000004 195.00000000000003 147.50000000000003 15.05381304991973 5.2500000000000009 0.30368643666702516
decision_type=2 2 2 2 2 2 2 2 2 2 2
left_child=1 3 4 9 7 8 -7 -2 -3 -1 -5
right_child=2 5 -4 10 -6 6 -8 -9 -10 -11 -12
leaf_value=-2.5324969892148621 7.0759661865234227 1.2744667110534815 31.568798522949223 0.41700919259269287 17.687841360909598 4.8056072961716421 9.7644705200195325 11.604496626420456 3.2142301883774276 -1.7294219739658319 -0.83596346810155997
leaf_weight=216 5.0000000000000098 26 4.9999999999999991 53 6.9999999999999991 21.000000000000004 4.9999999999999991 10.999999999999998 33 97 49
leaf_count=216 5 26 5 53 7 21 5 11 33 97 49
internal_value=0 -0.889376 15.8817 -1.76779 12.4715 3.39936 5.75923 10.1893 2.35942 -2.28362 -0.184909
internal_weight=0 500 28 415 23 85 26 16 59 313 102
internal_count=528 500 28 415 23 85 26 16 59 313 102
is_linear=0
shrinkage=0.1


Tree=3
num_leaves=11
num_cat=0
split_feature=77 95 9 54 95 53 77 103 54 86
split_gain=604091 152576 121330 27446.5 22202.8 17448.6 9492.61 6715.43 3596.67 3237.73
threshold=100.50000000000001 5459.5000000000009 29451.000000000004 15.500000000000002 21732.500000000004 39.244426355853399 47.000000000000007 154.50000000000003 3.5000000000000009 0.30368643666702516
decision_type=2 2 2 2 2 2 2 2 2 2
left_child=1 3 4 8 7 6 -3 -2 -1 -5
right_child=2 5 -4 9 -6 -7 -8 -9 -10 -11
leaf_value=-2.27397231796748 7.0029667445591421 2.0723302103579044 28.411919555664067 0.37530826032161713 16.454176839192709 8.7904372406005873 4.5879624938964847 11.041394195556641 -1.5298706891744034 -0.75236712777036796
leaf_weight=221 7.0000000000000098 60 4.9999999999999991 53 5.9999999999999991 4.9999999999999991 20 9.9999999999999982 92 49
leaf_count=221 7 60 5 53 6 5 20 10 92 49
internal_value=0 -0.800439 14.2935 -1.59101 11.2243 3.05943 2.70124 9.37851 -2.05526 -0.166418
internal_weight=0 500 28 415 23 85 80 17 313 102
internal_count=528 500 28 415 23 85 80 17 313 102
is_linear=0
shrinkage=0.1


Tree=4
num_leaves=12
num_cat=0
split_feature=95 95 100 75 54 95 103 87 3 86 83
split_gain=492197 150247 75903.9 24177.7 22333.3 17222.3 8416.92 4300.25 3454.94 3452.65 2309.88
threshold=14238.000000000002 5459.5000000000009 691.50000000000011 33.000000000000007 11.500000000000002 31828.500000000004 134.50000000000003 0.91159213926341576 78.500000000000014 0.44313197806314525 -5.9999997747972592e-09
decision_type=2 2 2 2 2 2 2 2 2 2 2
left_child=1 4 5 7 10 8 -5 -3 -2 -6 -1
right_child=2 3 -4 6 9 -7 -8 -9 -10 -11 -12
leaf_value=-2.0401244176061528 11.370541992187487 2.5003108461697896 25.756606445312503 4.1409434159596747 0.26410717995416738 16.507363281250001 8.0691782379150396 0.48479163279900189 7.8113137563069657 -0.84081366956233983 -1.393801607048675
leaf_weight=228 5.0000000000000053 57 4.9999999999999991 12.000000000000002 62 4.9999999999999991 9.9999999999999982 12.999999999999998 6 52 73
leaf_count=228 5 57 5 12 62 5 10 13 6 52 73
internal_value=0 -0.621382 15.0019 3.03482 -1.43191 11.6411 5.9265 2.126 9.42914 -0.239892 -1.88338
internal_weight=0 507 21 92 415 16 22 70 11 114 301
internal_count=528 507 21 92 415 16 22 70 11 114 301
is_linear=0
shrinkage=0.1


Tree=5
num_leaves=12
num_cat=0
split_feature=77 95 9 79 95 52 98 54 71 76 77
split_gain=399762 100348 83858.6 16638.7 13266.5 9986.51 6834.75 6637.21 4042.36 1781.66 1467.7
threshold=100.50000000000001 4265.0000000000009 29451.000000000004 25.500000000000004 18033.500000000004 13.750000000000002 195.00000000000003 68.500000000000014 10.500000000000004 -0.48387931034482751 2.5000000000000004
decision_type=2 2 2 2 2 2 2 2 2 2 2
left_child=1 5 4 7 8 10 -5 -3 -2 -7 -1
right_child=2 3 -4 6 -6 9 -8 -9 -10 -11 -12
leaf_value=-1.8277672398728109 5.1298220825195209 0.6898484240596493 23.365036773681641 3.2155558868690779 12.706960405622212 -1.2668202371597292 7.2405891418457031 2.7693299126625064 8.5590495022860438 -0.28148924761951183 -1.2060310994378396
leaf_weight=243 5.0000000000000098 66 4.9999999999999991 27 6.9999999999999991 25 4.9999999999999991 20 10.999999999999998 69 45
leaf_count=243 5 66 5 27 7 25 5 20 11 69 45
internal_value=0 -0.651145 11.6276 1.89779 9.07597 -1.43851 3.84447 1.17345 7.48742 -0.543545 -1.73062
internal_weight=0 500 28 118 23 382 32 86 16 94 288
internal_count=528 500 28 118 23 382 32 86 16 94 288
is_linear=0
shrinkage=0.1


Tree=6
num_leaves=12
num_cat=0
split_feature=95 95 100 77 54 95 72 87 97 70 85
split_gain=325859 99360.7 53917.7 16068.4 14493.2 11033.3 8383.17 3133.89 2432.21 2245.37 1889.29
threshold=14238.000000000002 5459.5000000000009 691.50000000000011 47.000000000000007 15.500000000000002 31828.500000000004 0.074304117782378679 0.18281312110578088 79.500000000000014 5.9009168888396717 -0.25206183926700709
decision_type=2 2 2 2 2 2 2 2 2 2 2
left_child=1 4 5 7 9 8 -5 -3 -2 -1 -6
right_child=2 3 -4 6 10 -7 -8 -9 -10 -11 -12
leaf_value=-1.6775578381264049 9.2324232482910045 2.2541572745641072 21.270765228271486 2.38649464226686 -1.1660008716583252 13.26893539428711 5.7190485424465614 0.82043388735863465 6.2461042404174805 -1.0932654596746285 0.049188623500281366
leaf_weight=219 5.0000000000000053 30 4.9999999999999991 13.000000000000002 14.999999999999998 4.9999999999999991 18 31 6 94 87
leaf_count=219 5 30 5 13 15 5 18 31 6 94 87
internal_value=0 -0.505596 12.2065 2.46767 -1.16473 9.37396 4.32153 1.52554 7.60352 -1.50208 -0.129516
internal_weight=0 507 21 92 415 16 31 61 11 313 102
internal_count=528 507 21 92 415 16 31 61 11 313 102
is_linear=0
shrinkage=0.1


Tree=7
num_leaves=12
num_cat=0
split_feature=79 50 55 49 98 100 52 79 85 101 83
split_gain=265815 67741 57187.2 15246 10988.9 6446.91 4941.36 4575.63 1610.79 1441.18 483.571
threshold=73.000000000000014 191.50000000000003 34.500000000000007 8612.5000000000018 75.500000000000014 162.00000000000003 8.2500000000000018 31.000000000000004 0.38043945030393422 55.500000000000007 149999999.00000003
decision_type=2 2 2 2 2 2 2 2 2 2 2
left_child=2 3 6 5 9 -2 10 -6 -8 -4 -1
right_child=1 -3 4 -5 7 -7 8 -9 -10 -11 -12
leaf_value=-1.5197190154426261 2.7618376033646692 18.195078150431314 0.045247970938682561 10.954551060994467 1.6446070485115052 6.4371357727050782 -1.0412956305404208 3.5437323458054486 -0.32147747329596821 1.4198570926984153 -0.96668150144464837
leaf_weight=226 7.0000000000000062 5.9999999999999991 50 5.9999999999999991 50 14.999999999999998 67 17 58 8.9999999999999982 17
leaf_count=226 7 6 50 6 50 15 67 17 58 9 17
internal_value=0 8.55258 -0.588639 6.48633 1.25012 5.26772 -1.21821 2.12647 -0.7073 0.254934 -1.48103
internal_weight=0 34 494 28 126 22 368 67 125 59 243
internal_count=528 34 494 28 126 22 368 67 125 59 243
is_linear=0
shrinkage=0.1


Tree=8
num_leaves=12
num_cat=0
split_feature=77 54 100 52 95 86 79 100 71 27 83
split_gain=218314 53246.1 49535.8 7233.95 7116.23 6439.86 4301.61 3875.32 2438.26 1969.42 970.443
threshold=100.50000000000001 34.500000000000007 691.50000000000011 13.250000000000002 7185.5000000000009 0.43151753776426888 73.000000000000014 322.50000000000006 11.500000000000002 11.000000000000004 -5.9999997747972592e-09
decision_type=2 2 2 2 2 2 2 2 2 2 2
left_child=1 3 5 10 8 7 -6 -2 -3 -5 -1
right_child=2 4 -4 9 6 -7 -8 -9 -10 -11 -12
leaf_value=-1.3676053244417365 4.0498744752671954 0.62835161247308935 17.613801956176758 0.10453304013745351 2.1803627319825001 8.7185654534233947 5.2958383560180664 7.5221308135986336 2.9423536872863774 -0.72390691737333945 -0.92782141337027912
leaf_weight=220 9.0000000000000053 51 4.9999999999999991 55 39 8.9999999999999982 4.9999999999999991 4.9999999999999991 4.9999999999999991 60 65
leaf_count=220 9 51 5 55 39 9 5 5 5 60 65
internal_value=0 -0.481191 8.5927 -0.997167 1.58271 6.63159 2.53439 5.28997 0.834959 -0.327697 -1.2673
internal_weight=0 500 28 400 100 23 44 14 56 115 285
internal_count=528 500 28 400 100 23 44 14 56 115 285
is_linear=0
shrinkage=0.1


Tree=9
num_leaves=13
num_cat=0
split_feature=77 95 9 79 98 54 100 54 49 85 95 85
split_gain=176834 43731.8 41801.3 7390.03 5104.07 4756.74 3490.35 3347.85 3243.1 1487.49 1111.74 1109.97
threshold=100.50000000000001 4421.0000000000009 29451.000000000004 25.500000000000004 224.50000000000003 13.500000000000002 113.50000000000001 68.500000000000014 8612.5000000000018 0.96633974041180493 1136.5000000000002 -0.37446588279781551
decision_type=2 2 2 2 2 2 2 2 2 2 2 2
left_child=1 5 4 7 9 10 -5 -3 -6 -2 -1 -7
right_child=2 3 -4 6 8 11 -8 -9 -10 -11 -12 -13
leaf_value=-1.253481710658354 5.4530450439453055 0.43697471492847462 16.020379791259767 0.9616572280724841 5.7761634281703413 -1.2058846560391514 3.2993261174722153 1.9278654270619153 8.9444716771443673 3.0137924957275386 -0.84645374237745996 -0.12833624247410527
leaf_weight=204 5.0000000000000053 61 4.9999999999999991 9.0000000000000018 6.9999999999999982 10.999999999999998 22 20 6 5 100 73
leaf_count=204 5 61 5 9 7 11 22 20 6 5 100 73
internal_value=0 -0.433072 7.73343 1.30761 5.93192 -0.935538 2.62065 0.805096 7.23846 4.23342 -1.11959 -0.269444
internal_weight=0 500 28 112 23 388 31 81 13 10 304 84
internal_count=528 500 28 112 23 388 31 81 13 10 304 84
is_linear=0
shrinkage=0.1


Tree=10
num_leaves=12
num_cat=0
split_feature=77 54 100 84 98 95 86 100 82 73 73
split_gain=143236 35656.1 34912 5527.48 4956.69 4716.56 4657.06 2420.67 1920.32 847.622 532.086
threshold=100.50000000000001 34.500000000000007 691.50000000000011 0.96465729447553372 175.50000000000003 1931 0.43151753776426888 322.50000000000006 -0.64421338164136144 9.5000000000000018 -23.499999999999996
decision_type=2 2 2 2 2 2 2 2 2 2 2
left_child=1 5 6 4 -3 9 7 -2 -7 -1 -5
right_child=2 3 -4 10 -6 8 -8 -9 -10 -11 -12
leaf_value=-1.0931440680167255 3.1927126778496611 1.4675776044235511 14.533420181274415 -0.91124168515205328 4.2621996743338455 -0.88104896914391295 7.0884512583414718 5.9369757080078127 -0.062153852213588025 -0.26534169309127792 0.24210806611925362
leaf_weight=255 9.0000000000000053 68 4.9999999999999991 5.0000000000000027 6.9999999999999991 42 8.9999999999999982 4.9999999999999991 90 12.999999999999998 20
leaf_count=255 9 68 5 5 7 42 9 5 90 13 20
internal_value=0 -0.389765 6.96009 1.29917 1.72841 -0.811998 5.31371 4.17281 -0.322711 -1.05299 0.0114381
internal_weight=0 500 28 100 75 400 23 14 132 268 25
internal_count=528 500 28 100 75 400 23 14 132 268 25
is_linear=0
shrinkage=0.1


Tree=11
num_leaves=12
num_cat=0
split_feature=79 50 55 49 98 89 84 3 82 72 70
split_gain=116216 36479.5 25407.2 6602.89 5521.8 3435.11 3204.89 2179.39 1270.26 1014.57 197.842
threshold=73.000000000000014 191.50000000000003 34.500000000000007 8612.5000000000018 75.500000000000014 -0.84660160209762669 0.92602006027323147 3.5 -0.60000000022666644 -0.36931818181818182 1.4393987541512516
decision_type=2 2 2 2 2 2 2 2 2 2 2
left_child=2 3 7 5 9 -2 -6 10 -9 -4 -1
right_child=1 -3 4 -5 6 -7 -8 8 -10 -11 -12
leaf_value=-1.0958234081749154 1.2963297391931201 12.731119473775228 -0.99928395535264691 7.079336293538411 1.7969605251594825 4.1020598888397215 0.048019504088621878 -0.85719279646873481 -0.26340331703337821 0.28309255623473573 -0.90552465337337829
leaf_weight=119 6.0000000000000062 5.9999999999999991 6.9999999999999991 5.9999999999999991 54 15.999999999999998 12.999999999999998 62 86 52 101
leaf_count=119 6 6 7 6 54 16 13 62 86 52 101
internal_value=0 5.65511 -0.389218 4.13882 0.836396 3.33686 1.45761 -0.808858 -0.512153 0.130946 -1.00846
internal_weight=0 34 494 28 126 22 67 368 148 59 220
internal_count=528 34 494 28 126 22 67 368 148 59 220
is_linear=0
shrinkage=0.1


Tree=12
num_leaves=13
num_cat=0
split_feature=77 100 95 79 71 54 101 54 100 73 86 98
split_gain=95081.4 24639.6 23761.8 4215.06 3620.45 3455.32 2991.13 2104.88 1712.37 1203.82 1030.37 573.73
threshold=100.50000000000001 691.50000000000011 5059.5000000000009 25.500000000000004 15.000000000000004 18.500000000000004 58.500000000000007 83.000000000000014 113.50000000000001 1.5000000000000002 0.27074174196563189 12.500000000000002
decision_type=2 2 2 2 2 2 2 2 2 2 2 2
left_child=2 4 5 7 10 9 -6 -4 -5 -1 -2 -7
right_child=1 -3 3 8 6 11 -8 -9 -10 -11 -12 -13
leaf_value=-0.90336749364235791 2.3032195772443482 12.033037452697755 0.51729339476003022 0.64576017061869262 4.0926837285359712 -1.0008414189020793 7.4043994140624996 2.6514956665039064 2.5516222021796491 -0.45681091021746401 4.1827649688720703 0.015892609658122465
leaf_weight=246 7.0000000000000053 4.9999999999999991 61 6.0000000000000027 5.9999999999999982 5.9999999999999991 5 4.9999999999999991 22 80 5 74
leaf_count=246 7 5 61 6 6 6 5 5 22 80 5 74
internal_value=0 5.6707 -0.317559 1.11513 4.28759 -0.649267 5.59801 0.678975 2.14322 -0.793783 3.08636 -0.0603624
internal_weight=0 28 500 94 23 406 11 66 28 326 12 80
internal_count=528 28 500 94 23 406 11 66 28 326 12 80
is_linear=0
shrinkage=0.1


Tree=13
num_leaves=13
num_cat=0
split_feature=77 9 54 3 101 84 98 52 75 85 73 41
split_gain=77015.9 21861.6 19437.7 3639.58 4551.53 3417.93 2951.41 2613.29 1232.62 1090.72 467.965 296.537
threshold=100.50000000000001 29451.000000000004 34.500000000000007 78.500000000000014 67.000000000000014 0.96465729447553372 175.50000000000003 8.5000000000000036 28.500000000000004 0.96633974041180493 -23.499999999999996 2.7977620220553948e-14
decision_type=2 2 2 2 2 2 2 2 2 2 2 2
left_child=2 3 7 4 -2 6 -4 11 -9 -5 -7 -1
right_child=1 -3 5 9 -6 10 -8 8 -10 -11 -12 -13
leaf_value=-0.33052165565582425 3.4248378992080664 11.096581230163574 1.0974666070412187 3.4109149932861338 7.2709381103515627 -0.91671026229858343 3.2539279392787388 -0.32608838435262444 1.1367732942880442 1.3221619462966918 0.16491470575332642 -0.82104973034060835
leaf_weight=12.999999999999998 8.0000000000000053 4.9999999999999991 68 4.9999999999999982 4.9999999999999991 5.0000000000000027 6.9999999999999991 144 5.9999999999999991 5 20 237
leaf_count=13 8 5 68 5 5 5 7 144 6 5 20 237
internal_value=0 5.10363 -0.285803 3.80082 4.90411 0.9612 1.29874 -0.597554 -0.267574 2.36654 -0.0514103 -0.795542
internal_weight=0 28 500 23 13 100 75 400 150 10 25 250
internal_count=528 28 500 23 13 100 75 400 150 10 25 250
is_linear=0
shrinkage=0.1


Tree=14
num_leaves=10
num_cat=0
split_feature=95 95 48 73 54 85 49 73 86
split_gain=62661.5 24938.2 10231.8 7126.96 3546.54 2313.78 1396.44 932.841 699.964
threshold=21732.500000000004 6456.5000000000009 91.500000000000014 18.500000000000004 18.500000000000004 0.98899263613956467 6575.0000000000009 1.5000000000000002 -0.87603313289604523
decision_type=2 2 2 2 2 2 2 2 2
left_child=1 4 -2 6 7 -5 -3 -1 -6
right_child=2 3 -4 5 8 -7 -8 -9 -10
leaf_value=-0.74056915827398384 4.6387869417667398 0.24813473109276063 10.405364456176756 3.0614324569702149 0.59572915459672615 1.0976869910955429 1.2898690061135727 -0.34930727933476002 -0.090723704467801494
leaf_weight=246 7.9999999999999982 31 5 24 18 7.9999999999999991 22 81 85
leaf_count=246 8 31 5 24 18 8 22 81 85
internal_value=0 -0.173082 6.8567 1.39206 -0.48247 2.5705 0.680553 -0.643651 0.0292389
internal_weight=0 515 13 85 430 32 53 327 103
internal_count=528 515 13 85 430 32 53 327 103
is_linear=0
shrinkage=0.1


Tree=15
num_leaves=12
num_cat=0
split_feature=77 100 54 98 80 71 47 103 79 15 1
split_gain=51423.7 15289.7 12964.5 2575.36 2741.41 2458.17 2496.55 1888.1 1125.57 840.652 382.435
threshold=100.50000000000001 691.50000000000011 34.500000000000007 90.500000000000014 1.8174603174603172 10.500000000000004 5.0000000000000018 20.500000000000004 22.500000000000004 134.50000000000003 2321.0000000000005
decision_type=2 2 2 2 2 2 2 2 2 2 2
left_child=2 5 7 9 -5 -2 -7 10 -9 -4 -1
right_child=1 -3 3 4 -6 6 -8 8 -10 -11 -12
leaf_value=-0.67891267036856828 1.7914021597968195 9.1822032928466797 0.41407031853993737 1.0189185085621746 3.2975282351175945 5.2450736727033354 2.5743043627057758 -0.22714279440542062 1.3041744375228883 -0.95271978139877322 -0.32065352061215568
leaf_weight=241 9.0000000000000053 4.9999999999999991 45 44 5.9999999999999991 6.9999999999999982 7 120 4.9999999999999991 4.9999999999999991 34
leaf_count=241 9 5 45 44 6 7 7 120 5 5 34
internal_value=0 4.17033 -0.233539 0.784871 1.29235 3.08079 3.90969 -0.488141 -0.16589 0.277391 -0.634619
internal_weight=0 28 500 100 50 23 14 400 125 50 275
internal_count=528 28 500 100 50 23 14 400 125 50 275
is_linear=0
shrinkage=0.1


Tree=16
num_leaves=10
num_cat=0
split_feature=96 77 86 73 96 28 14 86 72
split_gain=42855.2 18005.6 11536.7 4720.89 2595.64 2327.11 1972.66 863.409 583.954
threshold=245.00000000000003 25.500000000000004 -0.035471551146965173 30.500000000000004 26.500000000000004 34.500000000000007 31.500000000000004 -0.22701068973476962 -0.36931818181818182
decision_type=2 2 2 2 2 2 2 2 2
left_child=1 4 -2 5 8 -3 -5 -6 -1
right_child=2 3 -4 6 7 -7 -8 -9 -10
leaf_value=-0.66000465583698509 3.2200435320536296 0.48724313746799131 9.7239796447753921 4.0896991411844867 0.39580193328715507 1.857480835914612 1.8689671754837036 -0.20632517908107151 -0.3940064608576192
leaf_weight=174 6 55 4.9999999999999982 6.0000000000000027 42 15.999999999999998 11.999999999999998 55 157
leaf_count=174 6 55 5 6 42 16 12 55 157
internal_value=0 -0.131412 6.17638 1.16274 -0.400523 0.796029 2.60921 0.0543897 -0.533836
internal_weight=0 517 11 89 428 71 18 97 331
internal_count=528 517 11 89 428 71 18 97 331
is_linear=0
shrinkage=0.1


Tree=17
num_leaves=10
num_cat=0
split_feature=95 77 98 73 54 28 3 88 86
split_gain=34792.9 13577.8 7073.46 3649.31 2149.99 2052.43 778.112 691.89 567.337
threshold=21732.500000000004 25.500000000000004 496.50000000000006 30.500000000000004 31.000000000000004 34.500000000000007 3.5 -0.6267136561803176 -0.35846811432664205
decision_type=2 2 2 2 2 2 2 2 2
left_child=1 4 -2 5 6 -3 -1 -5 -6
right_child=2 3 -4 7 8 -7 -8 -9 -10
leaf_value=-0.56631501509300008 3.2651875495910652 0.37943906055868798 8.0598438262939442 3.1547328631083151 0.50856460186262287 1.6717327602207661 -0.27323573729047529 1.8395427624384564 -0.14693556142889935
leaf_weight=220 7.9999999999999982 53 5 6.0000000000000027 31 15.999999999999998 154 11.999999999999998 23
leaf_count=220 8 53 5 6 31 16 154 12 23
internal_value=0 -0.128972 5.10929 1.0099 -0.360471 0.679101 -0.445635 2.27794 0.22937
internal_weight=0 515 13 87 428 69 374 18 54
internal_count=528 515 13 87 428 69 374 18 54
is_linear=0
shrinkage=0.1


Tree=18
num_leaves=9
num_cat=0
split_feature=96 75 86 58 31 76 49 73
split_gain=29545.9 11853.6 8299.58 4169 2117.76 2238.17 1180.78 828.253
threshold=245.00000000000003 28.500000000000004 -0.035471551146965173 29.500000000000004 2.5000000000000004 2.0769230769230771 6906.0000000000009 2.0000000000000009
decision_type=2 2 2 2 2 2 2 2
left_child=1 3 -2 7 -3 -6 -5 -1
right_child=2 4 -4 6 5 -7 -8 -9
leaf_value=-0.47174124101138848 2.6208828210830686 3.4328193283081059 8.1373835754394559 0.18682547565549612 1.8469308993090754 0.24324509416307724 1.0845791070084825 -0.13605166381719161
leaf_weight=294 6 4.9999999999999991 4.9999999999999982 64 23 13.999999999999998 19 98
leaf_count=294 6 5 5 64 23 14 19 98
internal_value=0 -0.109115 5.12838 -0.251497 1.50117 1.24013 0.392335 -0.387819
internal_weight=0 517 11 475 42 37 83 392
internal_count=528 517 11 475 42 37 83 392
is_linear=0
shrinkage=0.1


Tree=19
num_leaves=9
num_cat=0
split_feature=104 75 58 103 2 84 86 73
split_gain=24377.9 12197.4 3521.98 2428.65 2405.19 986.045 960.183 700.516
threshold=287.50000000000006 28.500000000000004 29.500000000000004 134.50000000000003 97.500000000000014 0.93237596376505805 -0.71425083334220263 8.5
decision_type=2 2 2 2 2 2 2 2
left_child=1 2 7 6 -5 -4 -3 -1
right_child=-2 3 5 4 -6 -7 -8 -9
leaf_value=-0.39534501256900179 6.3378299653530128 1.6809582710266107 0.64009738073629496 4.1690328216552706 1.6739961287554572 -0.061432108192732843 0.33918978571891789 0.03686344169435047
leaf_weight=350 5.9999999999999991 8.0000000000000018 51 5.0000000000000027 17 33 15.999999999999998 42
leaf_count=350 6 8 51 5 17 33 16 42
internal_value=0 -0.0728486 -0.223119 1.48213 2.24105 0.364497 0.786446 -0.349037
internal_weight=0 522 476 46 22 84 24 392
internal_count=528 522 476 46 22 84 24 392
is_linear=0
shrinkage=0.1


Tree=20
num_leaves=9
num_cat=0
split_feature=96 52 86 34 77 18 79 101
split_gain=19846 7753.95 6101.93 2506.21 1632.91 1365.35 737.538 643.693
threshold=245.00000000000003 59.250000000000007 -0.035471551146965173 5.5000000000000018 8.5000000000000018 226.00000000000003 24.500000000000004 27.500000000000004
decision_type=2 2 2 2 2 2 2 2
left_child=1 4 -2 -3 7 -5 -6 -1
right_child=2 3 -4 5 6 -7 -8 -9
leaf_value=-0.38381504962841673 2.0530494213104244 2.9952280712127686 6.7831389999389664 0.82182537639005615 0.040125011229201368 -0.64697351029941019 1.2862035751342775 0.36190292139848079
leaf_weight=327 6 4.9999999999999991 4.9999999999999982 66 95 6.9999999999999991 4.9999999999999991 11.999999999999998
leaf_count=327 6 5 5 66 95 7 5 12
internal_value=0 -0.0894274 4.20309 0.829331 -0.252669 0.680982 0.102429 -0.357418
internal_weight=0 517 11 78 439 73 100 339
internal_count=528 517 11 78 439 73 100 339
is_linear=0
shrinkage=0.1


Tree=21
num_leaves=9
num_cat=0
split_feature=104 75 58 103 2 49 86 3
split_gain=16305.9 8242.56 2323.29 1759.9 1815.01 777.776 721.456 563.064
threshold=287.50000000000006 28.500000000000004 29.500000000000004 134.50000000000003 97.500000000000014 6906.0000000000009 -0.71425083334220263 3.5
decision_type=2 2 2 2 2 2 2 2
left_child=1 2 7 6 -5 -4 -3 -1
right_child=-2 3 5 4 -6 -7 -8 -9
leaf_value=-0.391349587597281 5.1834026813507084 1.4018598735332484 0.12963125195640784 3.5395428848266577 1.3721308020984426 0.85696465404410116 0.23879041746258736 -0.1498333263037683
leaf_weight=220 5.9999999999999991 8.0000000000000018 65 5.0000000000000027 17 19 15.999999999999998 172
leaf_count=220 6 8 65 5 17 19 16 172
internal_value=0 -0.0595793 -0.183109 1.21868 1.86472 0.294147 0.62648 -0.285378
internal_weight=0 522 476 46 22 84 24 392
internal_count=528 522 476 46 22 84 24 392
is_linear=0
shrinkage=0.1


Tree=22
num_leaves=10
num_cat=0
split_feature=96 98 86 77 15 103 87 79 44
split_gain=13361.3 5188.5 4493.33 1835.33 1377.4 1023.89 1000.9 678.643 204.455
threshold=245.00000000000003 81.500000000000014 -0.035471551146965173 40.500000000000007 10.500000000000002 20.500000000000004 -0.013976481981244239 13.500000000000002 103.50000000000001
decision_type=2 2 2 2 2 2 2 2 2
left_child=1 5 -2 6 -5 8 -3 -7 -1
right_child=2 3 -4 4 -6 7 -8 -9 -10
leaf_value=-0.34988291660097964 1.6037017742792763 0.71490178710470609 5.6627100753784196 2.7177792310714723 0.92916988807339829 -0.10208270451947442 -0.17265026872908629 0.46022552870787109 0.007905251839581658
leaf_weight=264 6 24 4.9999999999999982 4.9999999999999991 31 123 27 26 17
leaf_count=264 6 24 5 5 31 123 27 26 17
internal_value=0 -0.0733767 3.44871 0.630911 1.17759 -0.215872 0.245021 -0.0039618 -0.328237
internal_weight=0 517 11 87 36 430 51 149 281
internal_count=528 517 11 87 36 430 51 149 281
is_linear=0
shrinkage=0.1


Tree=23
num_leaves=9
num_cat=0
split_feature=104 75 101 103 50 72 85 32
split_gain=10880.2 5506 1675.71 1258.58 1508.63 818.92 521.15 493.51
threshold=287.50000000000006 28.500000000000004 21.500000000000004 134.50000000000003 113.50000000000001 -0.39211886304909555 0.38043945030393422 8.5000000000000018
decision_type=2 2 2 2 2 2 2 2
left_child=1 2 6 7 -5 -4 -1 -3
right_child=-2 3 5 4 -6 -7 -8 -9
leaf_value=-0.29481446027623953 4.2340915997823085 0.91239273502276463 -0.73723181486129763 2.049503082036972 0.19012769162654877 0.40029413139758008 -0.03153777778148651 0.002299764481457797
leaf_weight=303 5.9999999999999991 13.000000000000002 6.9999999999999991 16.000000000000004 5.9999999999999991 66 100 10.999999999999998
leaf_count=303 6 13 7 16 6 66 100 11
internal_value=0 -0.0486677 -0.14963 0.99607 1.5424 0.291216 -0.229485 0.495267
internal_weight=0 522 476 46 22 73 403 24
internal_count=528 522 476 46 22 73 403 24
is_linear=0
shrinkage=0.1


Tree=24
num_leaves=9
num_cat=0
split_feature=98 79 49 98 78 31 97 101
split_gain=9608.5 4309.49 1268.18 1245.22 889.504 807.933 555.041 401.883
threshold=496.50000000000006 18.500000000000004 6621.5000000000009 224.50000000000003 0.067493946731234891 23.500000000000004 5.0000000000000018 27.500000000000004
decision_type=2 2 2 2 2 2 2 2
left_child=1 4 5 -4 7 -3 -6 -1
right_child=-2 2 3 -5 6 -7 -8 -9
leaf_value=-0.29734703874134499 3.9789685567220054 0.75027022898197182 0.57916636268297816 2.0900951480865482 -0.27112251674135529 0.022304186945961368 0.14689096416588185 0.34797758370637899
leaf_weight=276 5.9999999999999991 30 12.000000000000002 9.9999999999999982 45 31 108 9.9999999999999982
leaf_count=276 6 30 12 10 45 31 108 10
internal_value=0 -0.0457353 0.615066 1.26595 -0.17067 0.38032 0.0239458 -0.274783
internal_weight=0 522 83 22 439 61 153 286
internal_count=528 522 83 22 439 61 153 286
is_linear=0
shrinkage=0.1


Tree=25
num_leaves=9
num_cat=0
split_feature=71 54 71 79 49 75 73 86
split_gain=7820.55 3461.49 1098.61 799.728 702.745 477.632 410.438 325.344
threshold=64.000000000000014 62.500000000000007 10.500000000000004 11.500000000000002 6906.0000000000009 26.500000000000004 30.500000000000004 -0.90711336262460096
decision_type=2 2 2 2 2 2 2 2
left_child=1 3 4 5 -3 -1 -4 -5
right_child=-2 2 6 7 -6 -7 -8 -9
leaf_value=-0.20888451605015779 3.3202566589627951 0.10787323828666442 2.1046343040466309 0.91275326808293666 0.88024459580743786 0.49100672483444213 1.0119307149540295 0.13171533918939532
leaf_weight=391 6.9999999999999991 31 4.9999999999999991 5.9999999999999991 19 9.9999999999999982 10.999999999999998 48
leaf_count=391 7 31 5 6 19 10 11 48
internal_value=0 -0.04461 0.632169 -0.14278 0.401374 -0.191431 1.3534 0.218497
internal_weight=0 521 66 455 50 401 16 54
internal_count=528 521 66 455 50 401 16 54
is_linear=0
shrinkage=0.1


Tree=26
num_leaves=8
num_cat=0
split_feature=104 98 61 101 72 3 85
split_gain=7003.63 2870.06 1351.53 1514.94 526.95 451.192 277.056
threshold=287.50000000000006 81.500000000000014 122.05993745012499 22.500000000000004 -0.36931818181818182 4.5000000000000009 0.88117331841669433
decision_type=2 2 2 2 2 2 2
left_child=1 4 3 -3 6 -6 -1
right_child=-2 2 -4 -5 5 -7 -8
leaf_value=-0.25401301776671276 3.3970690568288173 0.16850232221186162 -0.98320066531499239 1.008831529501008 -0.22564330989616399 0.054938743658069722 -1.0086112737655639
leaf_weight=181 5.9999999999999991 45 5.9999999999999991 41 92 152 4.9999999999999991
leaf_count=181 6 45 6 41 92 152 5
internal_value=0 -0.0390468 0.467886 0.569124 -0.147507 -0.0508545 -0.274298
internal_weight=0 522 92 86 430 244 186
internal_count=528 522 92 86 430 244 186
is_linear=0
shrinkage=0.1


Tree=27
num_leaves=9
num_cat=0
split_feature=98 79 48 18 85 96 71 53
split_gain=5910.36 2337 749.848 817.66 563.59 478.419 472.566 168.493
threshold=496.50000000000006 18.500000000000004 59.500000000000007 214.00000000000003 0.38043945030393422 120.00000000000001 -15.499999999999998 10.60660171779824
decision_type=2 2 2 2 2 2 2 2
left_child=1 4 3 -3 7 -4 -6 -1
right_child=-2 2 5 -5 6 -7 -8 -9
leaf_value=-0.18468547886630304 3.1206841508547467 0.40307080706341136 0.35987607836723329 -0.92628981590270998 -0.81993914370735499 1.4893827345967292 0.088752366614437875 -0.52828384478886925
leaf_weight=294 5.9999999999999991 62 5.9999999999999991 4.9999999999999991 5.9999999999999991 9.9999999999999982 124 14.999999999999998
leaf_count=294 6 62 6 5 6 10 124 15
internal_value=0 -0.0358699 0.450747 0.303865 -0.127873 1.06582 0.0468128 -0.201365
internal_weight=0 522 83 67 439 16 130 309
internal_count=528 522 83 67 439 16 130 309
is_linear=0
shrinkage=0.1


Tree=28
num_leaves=9
num_cat=0
split_feature=2 98 22 31 84 103 15 53
split_gain=5164 2002.28 1148.28 1276.49 1214.02 425.688 341.495 144.963
threshold=375.50000000000006 81.500000000000014 10.500000000000002 0.99999999999999967 -0.14250824554987643 20.500000000000004 140.00000000000003 11.313708498984772
decision_type=2 2 2 2 2 2 2 2
left_child=1 5 4 -4 -3 7 -7 -1
right_child=-2 2 3 -5 -6 6 -8 -9
leaf_value=-0.18022829691683565 3.1984687209129334 0.28245482463389637 2.0788708829879758 0.42866216180225214 -1.7038917040824892 0.043274567897121113 -0.79738253757357602 -0.56792966127395628
leaf_weight=271 4.9999999999999991 7.9999999999999991 4.9999999999999991 75 4.9999999999999991 144 4.9999999999999991 9.9999999999999982
leaf_count=271 5 8 5 75 5 144 5 10
internal_value=0 -0.0305781 0.390153 0.5318 -0.481525 -0.121573 0.0150646 -0.194025
internal_weight=0 523 93 80 13 430 149 281
internal_count=528 523 93 80 13 430 149 281
is_linear=0
shrinkage=0.1


Tree=29
num_leaves=9
num_cat=0
split_feature=98 101 23 103 98 5 31 41
split_gain=4363.73 1630.78 800.819 1029.55 366.38 467.073 315.443 188.631
threshold=496.50000000000006 22.500000000000004 134.50000000000003 134.50000000000003 50.500000000000007 9967.5000000000018 115.00000000000001 47.000000000000007
decision_type=2 2 2 2 2 2 2 2
left_child=1 4 3 -3 7 -6 -4 -1
right_child=-2 2 6 -5 5 -7 -8 -9
leaf_value=0.059837904923102439 2.681461776296298 0.21587577568950939 -1.0836885309219362 0.96786428142711523 0.14106710209449133 -0.77584721247355148 0.03959779977798461 -0.18848537403845886
leaf_weight=34 5.9999999999999991 67 4.9999999999999982 25 75 5.9999999999999991 5 305
leaf_count=34 6 67 5 25 75 6 5 305
internal_value=0 -0.0308214 0.327841 0.42022 -0.117925 0.0731475 -0.522045 -0.16358
internal_weight=0 522 102 92 420 81 10 339
internal_count=528 522 102 92 420 81 10 339
is_linear=0
shrinkage=0.1


Tree=30
num_leaves=8
num_cat=0
split_feature=2 79 61 95 96 89 2
split_gain=3944.35 1393.25 877.201 928.708 325.038 374.748 224.477
threshold=375.50000000000006 13.500000000000002 122.05993745012499 18033.500000000004 22.500000000000004 -0.27074189844776242 28.500000000000004
decision_type=2 2 2 2 2 2 2
left_child=1 4 3 -3 6 -6 -1
right_child=-2 2 -4 -5 5 -7 -8
leaf_value=-0.15028892027877147 2.7953536462783815 0.29238576261803162 -0.97713571548461919 1.4901819569723946 0.24244165951013566 -0.11099293678998948 -0.82598413467407239
leaf_weight=295 4.9999999999999991 86 4.9999999999999991 6.9999999999999991 50 75 4.9999999999999991
leaf_count=295 5 86 5 7 50 75 5
internal_value=0 -0.0267242 0.313171 0.382542 -0.1051 0.0303809 -0.161551
internal_weight=0 523 98 93 425 125 300
internal_count=528 523 98 93 425 125 300
is_linear=0
shrinkage=0.1


Tree=31
num_leaves=9
num_cat=0
split_feature=71 101 23 98 31 72 58 85
split_gain=3317.91 1036 670.071 837.9 333.059 294.494 377.29 138.918
threshold=64.000000000000014 22.500000000000004 134.50000000000003 224.50000000000003 115.00000000000001 -0.045983086680761058 7.5000000000000009 0.75438814418115718
decision_type=2 2 2 2 2 2 2 2
left_child=1 5 3 -3 -4 7 -7 -1
right_child=-2 2 4 -5 -6 6 -8 -9
leaf_value=-0.14751696675002837 2.1626454285212926 0.23136642583645883 -1.0956104993820193 1.162207392129031 0.058614815473556507 -0.1223593851734026 0.17662310424364278 -0.43608180143766939
leaf_weight=228 6.9999999999999991 80 4.9999999999999982 10.999999999999998 5 102 72 18
leaf_count=228 7 80 5 11 5 102 72 18
internal_value=0 -0.0290567 0.258501 0.343886 -0.518498 -0.0982075 0.00135751 -0.168631
internal_weight=0 521 101 91 10 420 174 246
internal_count=528 521 101 91 10 420 174 246
is_linear=0
shrinkage=0.1


Tree=32
num_leaves=9
num_cat=0
split_feature=2 101 92 42 23 46 103 5
split_gain=3029.68 900.067 811.502 791.751 660.633 250.655 380.609 200.879
threshold=375.50000000000006 22.500000000000004 28.10350182583155 5.5000000000000018 7.5000000000000009 3.6862873864507157e-17 80.500000000000014 9967.5000000000018
decision_type=2 2 2 2 2 2 2 2
left_child=1 5 4 -4 -3 6 -1 -7
right_child=-2 2 3 -5 -6 7 -8 -9
leaf_value=0.013556265095611673 2.4498927211761479 1.6108781405857624 -0.67927991974760182 0.22998751707979151 0.36816480403596707 -0.11607366601013612 0.91391628742218023 -0.69989636143048606
leaf_weight=77 4.9999999999999991 7.0000000000000027 10.999999999999998 74 10.999999999999998 332 4.9999999999999991 5.9999999999999991
leaf_count=77 5 7 11 74 11 332 5 6
internal_value=0 -0.0234215 0.241485 0.112318 0.851442 -0.0883867 0.0684563 -0.126437
internal_weight=0 523 103 85 18 420 82 338
internal_count=528 523 103 85 18 420 82 338
is_linear=0
shrinkage=0.1


Tree=33
num_leaves=7
num_cat=0
split_feature=100 98 25 10 15 101
split_gain=2471.91 828.418 821.974 745.549 187.974 286.655
threshold=691.50000000000011 81.500000000000014 38140.000000000007 159.50000000000003 140.00000000000003 37.500000000000007
decision_type=2 2 2 2 2 2
left_child=1 4 3 -3 5 -1
right_child=-2 2 -4 -5 -6 -7
leaf_value=-0.092159219920653762 2.2129186725616456 0.21611351870382445 -0.99775412201881408 1.1332460677623748 -0.68925761580467226 0.27083287479598889
leaf_weight=402 4.9999999999999991 78 4.9999999999999991 9.9999999999999982 4.9999999999999991 23
leaf_count=402 5 78 5 10 5 23
internal_value=0 -0.021156 0.249468 0.320333 -0.0796864 -0.0725149
internal_weight=0 523 93 88 430 425
internal_count=528 523 93 88 430 425
is_linear=0
shrinkage=0.1


Tree=34
num_leaves=5
num_cat=0
split_feature=17 61 95 98
split_gain=2176.58 1190.98 1880.55 626.132
threshold=39428.000000000007 122.05993745012499 18033.500000000004 50.500000000000007
decision_type=2 2 2 2
left_child=1 2 3 -1
right_child=-2 -3 -4 -5
leaf_value=-0.091970794426617763 2.0765196083486082 -1.315470724446433 1.62562280275992 0.15809833784825611
leaf_weight=372 4.9999999999999991 6.9999999999999991 6.9999999999999991 137
leaf_count=372 5 7 7 137
internal_value=0 -0.019852 -0.00227578 -0.0246634
internal_weight=0 523 516 509
internal_count=528 523 516 509
is_linear=0
shrinkage=0.1


Tree=35
num_leaves=8
num_cat=0
split_feature=2 79 97 53 75 104 53
split_gain=2032.19 579.393 771.502 724.959 201.208 256.677 254.17
threshold=375.50000000000006 11.500000000000002 170.50000000000003 45.254833995939045 26.500000000000004 17.500000000000004 10.60660171779824
decision_type=2 2 2 2 2 2 2
left_child=1 4 3 -3 6 -6 -1
right_child=-2 2 -4 -5 5 -7 -8
leaf_value=-0.0665753595287185 2.0064641189575196 0.19389229955641848 -0.91180765256285667 1.4292989468574524 0.87490564763545997 -0.018711269067393409 -0.42390845350566364
leaf_weight=382 4.9999999999999991 95 5.9999999999999991 4.9999999999999991 4.9999999999999991 8.9999999999999982 21
leaf_count=382 5 95 6 5 5 9 21
internal_value=0 -0.0191823 0.189579 0.255663 -0.0722488 0.300438 -0.0851957
internal_weight=0 523 106 100 417 14 403
internal_count=528 523 106 100 417 14 403
is_linear=0
shrinkage=0.1


Tree=36
num_leaves=5
num_cat=0
split_feature=17 61 95 98
split_gain=1715.15 1067.79 1358.2 467.853
threshold=39428.000000000007 122.05993745012499 18033.500000000004 81.500000000000014
decision_type=2 2 2 2
left_child=1 2 3 -1
right_child=-2 -3 -4 -5
leaf_value=-0.061407217516461804 1.8433174967765809 -1.2444069010870797 1.3824800304004126 0.2020074535161257
leaf_weight=429 4.9999999999999991 6.9999999999999991 6.9999999999999991 80
leaf_count=429 5 7 7 80
internal_value=0 -0.0176225 -0.000980116 -0.0200061
internal_weight=0 523 516 509
internal_count=528 523 516 509
is_linear=0
shrinkage=0.1


Tree=37
num_leaves=9
num_cat=0
split_feature=100 71 96 47 43 49 100 18
split_gain=1571.73 453.472 428.438 511.053 317.86 298.664 403.824 358.711
threshold=691.50000000000011 7.0000000000000018 58.500000000000007 6.5000000000000009 3.5 6906.0000000000009 198.00000000000003 16.500000000000004
decision_type=2 2 2 2 2 2 2 2
left_child=1 5 4 -4 -3 6 -1 -7
right_child=-2 2 3 -5 -6 7 -8 -9
leaf_value=-0.063809100171636199 1.7645633125305176 0.23550957600501451 0.79741830348968512 0.025260170102119447 -0.34021478207672345 -0.21975622570940426 -0.65268032054106406 0.39661696098487953
leaf_weight=394 4.9999999999999991 22 20 14.999999999999998 17 13.999999999999998 11.999999999999998 29
leaf_count=394 5 22 20 15 17 14 12 29
internal_value=0 -0.0168696 0.212498 0.466493 -0.0154472 -0.0546718 -0.0812142 0.195937
internal_weight=0 523 74 35 39 449 406 43
internal_count=528 523 74 35 39 449 406 43
is_linear=0
shrinkage=0.1


Tree=38
num_leaves=6
num_cat=0
split_feature=1 103 75 35 48
split_gain=1388.19 723.115 584.794 667.259 262.274
threshold=38140.000000000007 331.00000000000006 28.500000000000004 3.6049722235143038e-18 78.500000000000014
decision_type=2 2 2 2 2
left_child=1 2 4 -4 -1
right_child=-2 -3 3 -5 -6
leaf_value=-0.055469079056147778 1.5124008337656658 -1.1088683161884547 1.3266112645467123 0.18975681650980905 0.26006697852696692
leaf_weight=445 5.9999999999999991 5.9999999999999991 5.9999999999999991 37 28
leaf_count=445 6 6 6 37 28
internal_value=0 -0.0173839 -0.00469224 0.348388 -0.0367904
internal_weight=0 522 516 43 473
internal_count=528 522 516 43 473
is_linear=0
shrinkage=0.1


Tree=39
num_leaves=5
num_cat=0
split_feature=17 61 95 79
split_gain=1322.82 999.152 924.999 327.766
threshold=39428.000000000007 122.05993745012499 18033.500000000004 11.500000000000002
decision_type=2 2 2 2
left_child=1 2 3 -1
right_child=-2 -3 -4 -5
leaf_value=-0.053270142852182845 1.6188231515884401 -1.2021761213030135 1.1423319578170776 0.15353087221688413
leaf_weight=415 4.9999999999999991 6.9999999999999991 6.9999999999999991 94
leaf_count=415 5 7 7 94
internal_value=0 -0.0154763 0.000622319 -0.015079
internal_weight=0 523 516 509
internal_count=528 523 516 509
is_linear=0
shrinkage=0.1


Tree=40
num_leaves=6
num_cat=0
split_feature=1 103 85 72 2
split_gain=1103.24 638.614 461.952 534.496 251.287
threshold=38140.000000000007 331.00000000000006 0.88917497572200743 -0.24642857142857141 226.00000000000003
decision_type=2 2 2 2 2
left_child=1 2 4 -4 -1
right_child=-2 -3 3 -5 -6
leaf_value=-0.033932316582224689 1.3482700109481813 -1.041227682431539 -0.54178432449698455 0.32444359598251493 -0.74689166069030766
leaf_weight=438 5.9999999999999991 5.9999999999999991 7.9999999999999991 65 4.9999999999999991
leaf_count=438 6 6 8 65 5
internal_value=0 -0.0154974 -0.00357026 0.229515 -0.0419793
internal_weight=0 522 516 73 443
internal_count=528 522 516 73 443
is_linear=0
shrinkage=0.1


Tree=41
num_leaves=6
num_cat=0
split_feature=71 65 54 86 1
split_gain=1082.25 378.948 326.952 326.911 208.839
threshold=64.000000000000014 147.53078199763067 62.500000000000007 0.68589359117003446 8612.5000000000018
decision_type=2 2 2 2 2
left_child=1 2 4 -4 -1
right_child=-2 -3 3 -5 -6
leaf_value=-0.029498912835430897 1.2351423263549806 -0.74740287917000914 0.079794533459507697 0.6133272435267767 -0.67940015792846686
leaf_weight=445 6.9999999999999991 6.9999999999999991 49 14.999999999999998 4.9999999999999991
leaf_count=445 7 7 49 15 5
internal_value=0 -0.016595 -0.00664237 0.204841 -0.03672
internal_weight=0 521 514 64 450
internal_count=528 521 514 64 450
is_linear=0
shrinkage=0.1


Tree=42
num_leaves=5
num_cat=0
split_feature=17 61 73 5
split_gain=1021.6 850.16 656.588 267.985
threshold=39428.000000000007 122.05993745012499 71.500000000000014 12307.500000000002
decision_type=2 2 2 2
left_child=1 2 3 -1
right_child=-2 -3 -4 -5
leaf_value=-0.026904144105093664 1.422623841762543 -1.1082504340580532 0.84789986527628369 0.38896687850356104
leaf_weight=491 4.9999999999999991 6.9999999999999991 8.9999999999999982 15.999999999999998
leaf_count=491 5 7 9 16
internal_value=0 -0.0136006 0.00124929 -0.01378
internal_weight=0 523 516 507
internal_count=528 523 516 507
is_linear=0
shrinkage=0.1


Tree=43
num_leaves=8
num_cat=0
split_feature=100 88 72 2 103 80 49
split_gain=845.958 257.713 336.504 367.357 314.595 156.77 129.152
threshold=691.50000000000011 -0.9308127819121671 -0.062508134843160187 7.5000000000000009 162.00000000000003 1.1800000000000004 5825.0000000000009
decision_type=2 2 2 2 2 2 2
left_child=1 4 6 -4 5 -1 -3
right_child=-2 2 3 -5 -6 -7 -8
leaf_value=-0.24673427635803821 1.294563102722168 -0.083466498049188265 -0.11108783610441067 0.19446766651909927 -0.96314581871032723 0.10863479851848551 0.15997289748241506
leaf_weight=40 4.9999999999999991 237 54 145 4.9999999999999991 18 24
leaf_count=40 5 237 54 145 5 18 24
internal_value=0 -0.0123763 0.0136019 0.111553 -0.202058 -0.136447 -0.0610813
internal_weight=0 523 460 199 63 58 261
internal_count=528 523 460 199 63 58 261
is_linear=0
shrinkage=0.1


Tree=44
num_leaves=5
num_cat=0
split_feature=17 75 96 103
split_gain=790.499 833.329 616.229 199.614
threshold=39428.000000000007 171.00000000000003 245.00000000000003 20.500000000000004
decision_type=2 2 2 2
left_child=1 2 3 -1
right_child=-2 -3 -4 -5
leaf_value=-0.066565148714706035 1.2514099669456482 -1.2967691993713379 1.1052280426025392 0.05886344779120839
leaf_weight=283 4.9999999999999991 4.9999999999999991 4.9999999999999991 230
leaf_count=283 5 5 5 230
internal_value=0 -0.0119638 0.00043783 -0.0103301
internal_weight=0 523 518 513
internal_count=528 523 518 513
is_linear=0
shrinkage=0.1


Tree=45
num_leaves=5
num_cat=0
split_feature=1 70 52 18
split_gain=744.521 733.769 376.025 193.402
threshold=38140.000000000007 221.06503071090148 167.75000000000003 332.00000000000006
decision_type=2 2 2 2
left_child=1 2 3 -1
right_child=-2 -3 -4 -5
leaf_value=-0.0038174380770041832 1.1075953006744386 -1.1122270107269288 0.72798981113093242 -0.62882996559143067
leaf_weight=504 5.9999999999999991 5.9999999999999991 6.9999999999999991 4.9999999999999991
leaf_count=504 6 6 7 5
internal_value=0 -0.012731 5.38567e-05 -0.00995705
internal_weight=0 522 516 509
internal_count=528 522 516 509
is_linear=0
shrinkage=0.1


Tree=46
num_leaves=5
num_cat=0
split_feature=17 75 96 56
split_gain=654.897 718.187 435.095 165.278
threshold=39428.000000000007 171.00000000000003 245.00000000000003 34.750000000000007
decision_type=2 2 2 2
left_child=1 2 3 -1
right_child=-2 -3 -4 -5
leaf_value=-0.041493470811676578 1.1390308475494384 -1.2036350250244141 0.92895031929016114 0.089002067160147899
leaf_weight=383 4.9999999999999991 4.9999999999999991 4.9999999999999991 130
leaf_count=383 5 5 5 130
internal_value=0 -0.0108894 0.000623593 -0.00842443
internal_weight=0 523 518 513
internal_count=528 523 518 513
is_linear=0
shrinkage=0.1


Tree=47
num_leaves=7
num_cat=0
split_feature=100 2 86 3 87 88
split_gain=688.477 243.957 245.552 238.75 398.714 212.067
threshold=691.50000000000011 226.00000000000003 -0.65234524191686571 68.500000000000014 0.88117331841669422 -0.92225235466890665
decision_type=2 2 2 2 2 2
left_child=1 3 -3 5 -5 -1
right_child=-2 2 -4 4 -6 -7
leaf_value=-0.19299004673499798 1.1678677558898927 -0.04581512610117594 -0.99468640327453639 0.43288760884450039 -0.47147660851478579 0.0065755591058057816
leaf_weight=61 4.9999999999999991 6 4.9999999999999982 26 5.9999999999999991 419
leaf_count=61 5 6 5 26 6 419
internal_value=0 -0.0111651 -0.47712 -0.00115433 0.263319 -0.0187859
internal_weight=0 523 11 512 32 480
internal_count=528 523 11 512 32 480
is_linear=0
shrinkage=0.1


Tree=48
num_leaves=6
num_cat=0
split_feature=71 69 79 104 18
split_gain=585.948 298.006 162.672 221.044 137.826
threshold=64.000000000000014 212.30521184814205 8.5000000000000018 4.4061976289810905e-16 112.00000000000001
decision_type=2 2 2 2 2
left_child=1 2 4 -4 -1
right_child=-2 -3 3 -5 -6
leaf_value=-0.021673279734901511 0.90882914406912674 -0.66028725419725687 -0.48575157125790913 0.13847637240273447 -0.34101766943931583
leaf_weight=390 6.9999999999999991 6.9999999999999991 5.9999999999999991 104 13.999999999999998
leaf_count=390 7 7 6 104 14
internal_value=0 -0.0122108 -0.00338481 0.104428 -0.0327397
internal_weight=0 521 514 110 404
internal_count=528 521 514 110 404
is_linear=0
shrinkage=0.1


Tree=49
num_leaves=5
num_cat=0
split_feature=17 97 53 72
split_gain=566.165 685.376 325.934 159.914
threshold=39428.000000000007 170.50000000000003 45.254833995939045 -0.062508134843160187
decision_type=2 2 2 2
left_child=1 2 3 -1
right_child=-2 -3 -4 -5
leaf_value=-0.056310134065533028 1.0590594029426574 -1.072757536172867 0.80567669868469238 0.056000053102061867
leaf_weight=281 4.9999999999999991 5.9999999999999991 4.9999999999999991 231
leaf_count=281 5 6 5 231
internal_value=0 -0.0101249 0.00220744 -0.00563894
internal_weight=0 523 517 512
internal_count=528 523 517 512
is_linear=0
shrinkage=0.1


Tree=50
num_leaves=5
num_cat=0
split_feature=2 97 53 72
split_gain=550.802 646.047 264.006 129.53
threshold=375.50000000000006 170.50000000000003 45.254833995939045 -0.062508134843160187
decision_type=2 2 2 2
left_child=1 2 3 -1
right_child=-2 -3 -4 -5
leaf_value=-0.05067912040086086 1.0445914268493652 -1.041680070757866 0.72510900974273684 0.050400047045346209
leaf_weight=281 4.9999999999999991 5.9999999999999991 4.9999999999999991 231
leaf_count=281 5 6 5 231
internal_value=0 -0.00998653 0.0019867 -0.00507504
internal_weight=0 523 517 512
internal_count=528 523 517 512
is_linear=0
shrinkage=0.1


Tree=51
num_leaves=5
num_cat=0
split_feature=17 61 100 96
split_gain=478.746 622.417 421.96 131.787
threshold=39428.000000000007 104.64805566885947 391.00000000000006 200.00000000000003
decision_type=2 2 2 2
left_child=1 2 3 -1
right_child=-2 -3 -4 -5
leaf_value=-0.010681807986646891 0.9738705730438233 -0.8337338752216763 0.91929704189300543 0.37540781961547004
leaf_weight=500 4.9999999999999991 8.9999999999999982 4.9999999999999991 8.9999999999999982
leaf_count=500 5 9 5 9
internal_value=0 -0.00931043 0.005125 -0.00385508
internal_weight=0 523 514 509
internal_count=528 523 514 509
is_linear=0
shrinkage=0.1


Tree=52
num_leaves=6
num_cat=0
split_feature=100 77 71 7 99
split_gain=445.461 265.543 142.056 281.527 198.6
threshold=691.50000000000011 185.50000000000003 7.0000000000000018 74.000000000000014 274.00000000000006
decision_type=2 2 2 2 2
left_child=1 2 4 -4 -1
right_child=-2 -3 3 -5 -6
leaf_value=-0.0084255178692364593 0.93940710067749034 -0.7342450428009033 0.068918884671651401 0.78482618232568102 -0.33083991117775446
leaf_weight=427 4.9999999999999991 4.9999999999999991 65 5.9999999999999991 20
leaf_count=427 5 5 65 6 20
internal_value=0 -0.00898095 -0.00198033 0.129418 -0.0228512
internal_weight=0 523 518 71 447
internal_count=528 523 518 71 447
is_linear=0
shrinkage=0.1


Tree=53
num_leaves=6
num_cat=0
split_feature=61 100 29 15 9
split_gain=423.768 1532.16 650.103 138.318 186.704
threshold=122.05993745012499 558.00000000000011 39428.000000000007 140.00000000000003 9735.0000000000018
decision_type=2 2 2 2 2
left_child=1 3 -2 4 -1
right_child=2 -3 -4 -5 -6
leaf_value=-0.014022136475153577 -1.4510704135894779 1.7544982028007508 0.16150897502899167 -0.52792463541030887 0.25162731925291676
leaf_weight=480 4.9999999999999982 4.9999999999999991 5 4.9999999999999991 28
leaf_count=480 5 5 5 5 28
internal_value=0 0.0124475 -0.644781 -0.00453155 0.00061996
internal_weight=0 518 10 513 508
internal_count=528 518 10 513 508
is_linear=0
shrinkage=0.1


Tree=54
num_leaves=6
num_cat=0
split_feature=1 103 85 34 2
split_gain=416.322 610.944 211.549 348.043 265.218
threshold=38140.000000000007 331.00000000000006 0.88917497572200743 40.500000000000007 226.00000000000003
decision_type=2 2 2 2 2
left_child=1 2 4 -4 -1
right_child=-2 -3 3 -5 -6
leaf_value=-0.015579240675856143 0.82824212710062661 -1.0127827068169912 0.2364809913381648 -0.46251723468303685 -0.74803519248962402
leaf_weight=438 5.9999999999999991 5.9999999999999991 65 7.9999999999999991 4.9999999999999991
leaf_count=438 6 6 65 8 5
internal_value=0 -0.00952003 0.00214582 0.159878 -0.0238462
internal_weight=0 522 516 73 443
internal_count=528 522 516 73 443
is_linear=0
shrinkage=0.1


Tree=55
num_leaves=5
num_cat=0
split_feature=17 75 96 100
split_gain=408.181 568.398 175.456 135.425
threshold=39428.000000000007 171.00000000000003 245.00000000000003 198.00000000000003
decision_type=2 2 2 2
left_child=1 2 3 -1
right_child=-2 -3 -4 -5
leaf_value=0.007031166126763886 0.89923953056335459 -1.0696940803527832 0.59115687489509583 -0.24125144397434981
leaf_weight=490 4.9999999999999991 4.9999999999999991 4.9999999999999991 23
leaf_count=490 5 5 5 23
internal_value=0 -0.00859694 0.00164531 -0.00410041
internal_weight=0 523 518 513
internal_count=528 523 518 513
is_linear=0
shrinkage=0.1


Tree=56
num_leaves=7
num_cat=0
split_feature=61 100 72 18 10 40
split_gain=340.626 1221 538.078 117.872 203.565 50.4081
threshold=122.05993745012499 558.00000000000011 -0.27386363636363631 200.00000000000003 214.00000000000003 39.500000000000007
decision_type=2 2 2 2 2 2
left_child=1 3 -2 4 -1 -5
right_child=2 -3 -4 5 -6 -7
leaf_value=-0.0033002006476330254 0.15545953154563902 1.5662882041931152 -1.3116163444519047 -0.45694837868213667 0.58269969870646798 -0.052193847298622122
leaf_weight=494 5 4.9999999999999991 4.9999999999999982 7.9999999999999982 5.9999999999999991 5
leaf_count=494 5 5 5 8 6 5
internal_value=0 0.0111598 -0.578078 -0.00399738 0.0037318 -0.301274
internal_weight=0 518 10 513 500 13
internal_count=528 518 10 513 500 13
is_linear=0
shrinkage=0.1


Tree=57
num_leaves=5
num_cat=0
split_feature=1 1 1 36
split_gain=346.907 530.198 217.789 127.516
threshold=38140.000000000007 18737.000000000004 14935.000000000002 87.000000000000014
decision_type=2 2 2 2
left_child=1 2 3 -1
right_child=-2 -3 -4 -5
leaf_value=-0.018619532012260229 0.75604820251464844 -0.81652081906795504 0.60283638089895253 0.15950731828131459
leaf_weight=464 5.9999999999999991 7.9999999999999991 5.9999999999999991 44
leaf_count=464 6 8 6 44
internal_value=0 -0.00869021 0.00388303 -0.00319122
internal_weight=0 522 514 508
internal_count=528 522 514 508
is_linear=0
shrinkage=0.1


Tree=58
num_leaves=5
num_cat=0
split_feature=17 97 73 88
split_gain=362.252 475.053 168.916 134.411
threshold=39428.000000000007 170.50000000000003 71.500000000000014 -0.9308127819121671
decision_type=2 2 2 2
left_child=1 2 3 -1
right_child=-2 -3 -4 -5
leaf_value=-0.14380872139371323 0.84713853597640998 -0.89278640449047098 0.49006371583257408 0.014394012621224327
leaf_weight=61 4.9999999999999991 5.9999999999999991 6.9999999999999991 449
leaf_count=61 5 6 7 449
internal_value=0 -0.00809884 0.00216833 -0.00452828
internal_weight=0 523 517 510
internal_count=528 523 517 510
is_linear=0
shrinkage=0.1


Tree=59
num_leaves=5
num_cat=0
split_feature=1 1 1 103
split_gain=294.502 462.057 181.786 108.728
threshold=38140.000000000007 18737.000000000004 14935.000000000002 20.500000000000004
decision_type=2 2 2 2
left_child=1 2 3 -1
right_child=-2 -3 -4 -5
leaf_value=-0.043983706358701732 0.69660483996073408 -0.76214215457439427 0.55094188141326117 0.049152202799916271
leaf_weight=283 5.9999999999999991 7.9999999999999991 5.9999999999999991 225
leaf_count=283 6 8 6 225
internal_value=0 -0.00800695 0.00373056 -0.00273257
internal_weight=0 522 514 508
internal_count=528 522 514 508
is_linear=0
shrinkage=0.1


Tree=60
num_leaves=5
num_cat=0
split_feature=17 97 53 100
split_gain=307.336 416.303 136.862 111.319
threshold=39428.000000000007 170.50000000000003 45.254833995939045 198.00000000000003
decision_type=2 2 2 2
left_child=1 2 3 -1
right_child=-2 -3 -4 -5
leaf_value=0.0071796210128471163 0.78028893947601319 -0.83563715815544137 0.52280228614807134 -0.21793340690757917
leaf_weight=489 4.9999999999999991 5.9999999999999991 4.9999999999999991 23
leaf_count=489 5 6 5 23
internal_value=0 -0.00745974 0.0021516 -0.00293288
internal_weight=0 523 517 512
internal_count=528 523 517 512
is_linear=0
shrinkage=0.1


Tree=61
num_leaves=7
num_cat=0
split_feature=61 100 96 27 15 36
split_gain=295.048 949.177 395.467 105.735 312.331 296.257
threshold=122.05993745012499 558.00000000000011 200.00000000000003 40.500000000000007 57.000000000000007 87.000000000000014
decision_type=2 2 2 2 2 2
left_child=1 3 -2 4 -1 -5
right_child=2 -3 -4 5 -6 -7
leaf_value=0.0028536846394459888 0.090846908688545253 1.3815283727645875 -1.1668763923645018 -0.25789593376365366 0.52034983982642491 0.11990630618163518
leaf_weight=415 4.9999999999999982 4.9999999999999991 5 51 11.999999999999998 35
leaf_count=415 5 5 5 51 12 35
internal_value=0 0.0103864 -0.538015 -0.00297757 0.0173969 -0.104139
internal_weight=0 518 10 513 427 86
internal_count=528 518 10 513 427 86
is_linear=0
shrinkage=0.1


Tree=62
num_leaves=5
num_cat=0
split_feature=17 103 100 100
split_gain=259.567 365.408 158.574 127.023
threshold=39428.000000000007 444.50000000000006 322.50000000000006 198.00000000000003
decision_type=2 2 2 2
left_child=1 2 3 -1
right_child=-2 -3 -4 -5
leaf_value=0.0069497967116078562 0.7170895075798035 -0.72450815439224248 0.51397419894735019 -0.25015677515417339
leaf_weight=490 4.9999999999999991 6.9999999999999991 5.9999999999999991 20
leaf_count=490 5 7 6 20
internal_value=0 -0.00685554 0.00288006 -0.00313281
internal_weight=0 523 516 510
internal_count=528 523 516 510
is_linear=0
shrinkage=0.1


Tree=63
num_leaves=6
num_cat=0
split_feature=2 97 103 89 6
split_gain=259.363 338.671 114.975 156.995 144.267
threshold=375.50000000000006 170.50000000000003 20.500000000000004 0.99467810618936503 29.500000000000004
decision_type=2 2 2 2 2
left_child=1 2 4 -4 -1
right_child=-2 -3 3 -5 -6
leaf_value=-0.01740623014778191 0.71680843830108643 -0.7538303643465043 0.065780396421956447 -0.50065184116363526 -0.25653296107692375
leaf_weight=255 4.9999999999999991 5.9999999999999991 229 4.9999999999999991 28
leaf_count=255 5 6 229 5 28
internal_value=0 -0.00685285 0.00181613 0.0536771 -0.0410654
internal_weight=0 523 517 234 283
internal_count=528 523 517 234 283
is_linear=0
shrinkage=0.1


Tree=64
num_leaves=7
num_cat=0
split_feature=61 57 32 17 16 42
split_gain=243.028 774.777 343.211 100.925 207.382 103.245
threshold=122.05993745012499 78.500000000000014 214.00000000000003 10471.000000000002 103.50000000000001 39.500000000000007
decision_type=2 2 2 2 2 2
left_child=1 3 -2 4 -1 -5
right_child=2 -3 -4 5 -6 -7
leaf_value=-0.0016339059162419291 -1.0741303062438967 1.1391779045263926 0.097553430199623092 -0.49600934684276565 0.54661797072206231 -0.060362302183228383
leaf_weight=480 4.9999999999999982 5.9999999999999991 5 8.0000000000000018 6.9999999999999991 17
leaf_count=480 5 6 5 8 7 17
internal_value=0 0.00942642 -0.488288 -0.00381286 0.00624651 -0.199769
internal_weight=0 518 10 512 487 25
internal_count=528 518 10 512 487 25
is_linear=0
shrinkage=0.1


Tree=65
num_leaves=6
num_cat=0
split_feature=1 103 85 72 77
split_gain=219.807 357.042 142.256 233.102 157.782
threshold=38140.000000000007 331.00000000000006 0.88917497572200743 -0.24642857142857141 36.500000000000007
decision_type=2 2 2 2 2
left_child=1 2 4 -4 -1
right_child=-2 -3 3 -5 -6
leaf_value=-0.005670882361518516 0.60181585947672533 -0.77387880583604174 -0.37801193909253927 0.19403613743730463 -0.28038335876031356
leaf_weight=421 5.9999999999999991 5.9999999999999991 7.9999999999999991 65 22
leaf_count=421 6 6 8 65 22
internal_value=0 -0.00691742 0.00200073 0.131346 -0.0193135
internal_weight=0 522 516 73 443
internal_count=528 522 516 73 443
is_linear=0
shrinkage=0.1


Tree=66
num_leaves=7
num_cat=0
split_feature=61 100 72 46 103 104
split_gain=211.495 685.716 306.277 89.1301 210.265 118.439
threshold=122.05993745012499 558.00000000000011 -0.27386363636363631 3.6862873864507157e-17 80.500000000000014 35.000000000000007
decision_type=2 2 2 2 2 2
left_child=1 3 -2 4 -1 -5
right_child=2 -3 -4 5 -6 -7
leaf_value=0.047752421043622192 0.0979130971431732 1.1742095947265625 -1.0089329051971438 -0.048842619606363241 0.66208025167385742 0.078182531905142558
leaf_weight=78 5 4.9999999999999991 4.9999999999999982 335 5.9999999999999991 94
leaf_count=78 5 5 5 335 6 94
internal_value=0 0.00879363 -0.45551 -0.0025652 0.091633 -0.0210096
internal_weight=0 518 10 513 84 429
internal_count=528 518 10 513 84 429
is_linear=0
shrinkage=0.1


Tree=67
num_leaves=5
num_cat=0
split_feature=17 103 100 100
split_gain=206.07 272.539 109.253 104.466
threshold=39428.000000000007 444.50000000000006 322.50000000000006 198.00000000000003
decision_type=2 2 2 2
left_child=1 2 3 -1
right_child=-2 -3 -4 -5
leaf_value=0.0064522252075982335 0.63893436908721934 -0.62589114861828943 0.42653017938137056 -0.22671027326956394
leaf_weight=490 4.9999999999999991 6.9999999999999991 5.9999999999999991 20
leaf_count=490 5 7 6 20
internal_value=0 -0.00610836 0.00229955 -0.0026914
internal_weight=0 523 516 510
internal_count=528 523 516 510
is_linear=0
shrinkage=0.1


Tree=68
num_leaves=7
num_cat=0
split_feature=100 2 86 3 31 88
split_gain=193.291 136.863 119.527 113.261 262.664 131.824
threshold=691.50000000000011 214.00000000000003 -0.49438898238923595 68.500000000000014 23.500000000000004 -0.92225235466890665
decision_type=2 2 2 2 2 2
left_child=1 3 -3 5 -5 -1
right_child=-2 2 -4 4 -6 -7
leaf_value=-0.14637333075286912 0.61880628585815434 -0.061320683360099798 -0.65176250537236535 0.52835984986561979 -0.076796365203335881 0.010968844963766653
leaf_weight=61 4.9999999999999991 7.9999999999999991 5.9999999999999991 13.000000000000002 15.999999999999998 419
leaf_count=61 5 8 6 13 16 419
internal_value=0 -0.00591593 -0.314367 0.00256799 0.194481 -0.00902672
internal_weight=0 523 14 509 29 480
internal_count=528 523 14 509 29 480
is_linear=0
shrinkage=0.1


Tree=69
num_leaves=6
num_cat=0
split_feature=61 100 29 15 68
split_gain=179.357 535.906 265.482 91.2003 126.443
threshold=122.05993745012499 558.00000000000011 39428.000000000007 140.00000000000003 61.114504083553506
decision_type=2 2 2 2 2
left_child=1 3 -2 4 -1
right_child=2 -3 -4 -5 -6
leaf_value=-0.014788034288519686 -0.93472594261169462 1.038372497558594 0.095773859322071053 -0.42694112777709964 0.14841809274171883
leaf_weight=455 4.9999999999999982 4.9999999999999991 5 4.9999999999999991 53
leaf_count=455 5 5 5 5 53
internal_value=0 0.00809799 -0.419476 -0.00194367 0.00223938
internal_weight=0 518 10 513 508
internal_count=528 518 10 513 508
is_linear=0
shrinkage=0.1


Tree=70
num_leaves=6
num_cat=0
split_feature=1 103 85 85 77
split_gain=174.921 292.23 99.2209 217.839 141.074
threshold=38140.000000000007 331.00000000000006 0.88917497572200743 0.90803977035715633 36.500000000000007
decision_type=2 2 2 2 2
left_child=1 2 4 -4 -1
right_child=-2 -3 3 -5 -6
leaf_value=-0.0030032042692683092 0.53686266342798872 -0.70003798703352615 0.64035272172519142 0.053662656136844872 -0.26276378902522002
leaf_weight=421 5.9999999999999991 5.9999999999999991 6.9999999999999991 66 22
leaf_count=421 6 6 7 66 22
internal_value=0 -0.00617084 0.00189739 0.109921 -0.0159033
internal_weight=0 522 516 73 443
internal_count=528 522 516 73 443
is_linear=0
shrinkage=0.1


Tree=71
num_leaves=6
num_cat=0
split_feature=17 75 2 14 53
split_gain=159.915 246.843 86.5819 182.023 84.0881
threshold=39428.000000000007 171.00000000000003 10.500000000000002 16.500000000000004 10.60660171779824
decision_type=2 2 2 2 2
left_child=1 2 4 -4 -1
right_child=-2 -3 3 -5 -6
leaf_value=-0.034813708224736443 0.56285182714462278 -0.70464179992675779 0.17334367946998494 -0.0090445028635717569 -0.44935945034027097
leaf_weight=229 4.9999999999999991 4.9999999999999991 74 210 4.9999999999999991
leaf_count=229 5 5 74 210 5
internal_value=0 -0.00538099 0.00136863 0.0384792 -0.0436715
internal_weight=0 523 518 284 234
internal_count=528 523 518 284 234
is_linear=0
shrinkage=0.1


Tree=72
num_leaves=6
num_cat=0
split_feature=61 71 96 97 104
split_gain=152.847 477.652 216.251 83.5637 106.011
threshold=122.05993745012499 64.000000000000014 200.00000000000003 134.50000000000003 68.500000000000014
decision_type=2 2 2 2 2
left_child=1 3 -2 4 -1
right_child=2 -3 -4 -5 -6
leaf_value=-0.01077624072992292 0.077791195511817957 0.89453051090240487 -0.85226500272750849 -0.40973062038421637 0.17726728515990545
leaf_weight=475 4.9999999999999982 5.9999999999999991 5 4.9999999999999991 32
leaf_count=475 5 6 5 5 32
internal_value=0 0.00747562 -0.387237 -0.00291956 0.00109238
internal_weight=0 518 10 512 507
internal_count=528 518 10 512 507
is_linear=0
shrinkage=0.1


Tree=73
num_leaves=6
num_cat=0
split_feature=1 1 53 73 80
split_gain=151.544 247.38 92.0597 246.97 205.187
threshold=38140.000000000007 18737.000000000004 5.656854249492425 17.500000000000004 -0.14285714285714299
decision_type=2 2 2 2 2
left_child=1 2 3 -1 -4
right_child=-2 -3 4 -5 -6
leaf_value=-0.012773093263759458 0.49970326821009325 -0.55754575878381729 -0.14556156103499235 -0.72022688388824463 0.14536707225441933
leaf_weight=377 5.9999999999999991 7.9999999999999991 32 4.9999999999999991 100
leaf_count=377 6 8 32 5 100
internal_value=0 -0.00574372 0.00284464 -0.022033 0.0748389
internal_weight=0 522 514 382 132
internal_count=528 522 514 382 132
is_linear=0
shrinkage=0.1


Tree=74
num_leaves=6
num_cat=0
split_feature=17 97 72 68 36
split_gain=148.763 207.659 76.4844 149.383 104.056
threshold=39428.000000000007 170.50000000000003 0.43428571428571433 47.958651310026475 87.000000000000014
decision_type=2 2 2 2 2
left_child=1 2 4 -4 -1
right_child=-2 -3 3 -5 -6
leaf_value=-0.031514312064704987 0.54286998033523559 -0.59010739276806523 0.051609882023185498 0.56895447572072344 0.13595997133269541
leaf_weight=390 4.9999999999999991 5.9999999999999991 80 5.9999999999999991 41
leaf_count=390 5 6 80 6 41
internal_value=0 -0.00518996 0.00159825 0.0877037 -0.0155829
internal_weight=0 523 517 86 431
internal_count=528 523 517 86 431
is_linear=0
shrinkage=0.1


Tree=75
num_leaves=9
num_cat=0
split_feature=100 22 75 31 42 92 56 103
split_gain=134.286 107.477 187.354 260.592 184.552 172.801 157.556 55.5208
threshold=691.50000000000011 120.00000000000001 -24.499999999999996 21.500000000000004 39.500000000000007 36.290640394088676 64.000000000000014 55.500000000000007
decision_type=2 2 2 2 2 2 2 2
left_child=1 2 3 -1 7 -4 -6 -3
right_child=-2 4 5 -5 6 -7 -8 -9
leaf_value=0.82389106253782907 0.5157806253433227 -0.30310854564110445 -0.002394999411354693 0.10907265267827933 -0.3146277318780239 -0.54277546505133312 0.12447745881297373 -0.75430272102355955
leaf_weight=5.9999999999999991 4.9999999999999991 5.9999999999999982 431 34 12.999999999999998 5.9999999999999991 22 5
leaf_count=6 5 6 431 34 13 6 22 5
internal_value=0 -0.00493098 0.00914658 0.216295 -0.150909 -0.00981441 -0.0386188 -0.508197
internal_weight=0 523 477 40 46 437 35 11
internal_count=528 523 477 40 46 437 35 11
is_linear=0
shrinkage=0.1


Tree=76
num_leaves=7
num_cat=0
split_feature=61 100 72 27 34 15
split_gain=138.564 361.866 176.929 76.9083 208.475 174.887
threshold=122.05993745012499 558.00000000000011 -0.27386363636363631 40.500000000000007 120.00000000000001 57.000000000000007
decision_type=2 2 2 2 2 2
left_child=1 3 -2 5 -5 -1
right_child=2 -3 -4 4 -6 -7
leaf_value=0.0053601883674960545 0.051929556131362908 0.85372648239135751 -0.78932917356491106 -0.23952671018513769 0.071949727460742005 0.39259784171978634
leaf_weight=415 5 4.9999999999999991 4.9999999999999982 44 42 11.999999999999998
leaf_count=415 5 5 5 44 42 12
internal_value=0 0.00711776 -0.3687 -0.00113379 -0.0874103 0.0162427
internal_weight=0 518 10 513 86 427
internal_count=528 518 10 513 86 427
is_linear=0
shrinkage=0.1


Tree=77
num_leaves=6
num_cat=0
split_feature=2 97 95 88 83
split_gain=127.781 176.872 71.1514 96.6643 40.3563
threshold=375.50000000000006 170.50000000000003 283.00000000000006 -0.91068247402825253 -0.62171361506856082
decision_type=2 2 2 2 2
left_child=1 2 4 -4 -1
right_child=-2 -3 3 -5 -6
leaf_value=-0.066180177783252497 0.50313124179840096 -0.54462995703021688 -0.097684884635687239 0.036134318755791386 -0.33626237660646441
leaf_weight=71 4.9999999999999991 5.9999999999999991 63 377 5.9999999999999991
leaf_count=71 5 6 63 377 6
internal_value=0 -0.00481005 0.00145478 0.0169738 -0.0872255
internal_weight=0 523 517 440 77
internal_count=528 523 517 440 77
is_linear=0
shrinkage=0.1


Tree=78
num_leaves=6
num_cat=0
split_feature=17 103 56 40 55
split_gain=122.628 175.788 69.6646 324.474 225.517
threshold=39428.000000000007 444.50000000000006 34.750000000000007 5.2041704279304219e-17 38.500000000000007
decision_type=2 2 2 2 2
left_child=1 2 4 -4 -1
right_child=-2 -3 3 -5 -6
leaf_value=-0.005884483725940054 0.49288281440734871 -0.50247189828327732 0.8544796943664551 0.033443194269671926 -0.44636855820814775
leaf_weight=370 4.9999999999999991 6.9999999999999991 4.9999999999999991 129 11.999999999999998
leaf_count=370 5 7 5 129 12
internal_value=0 -0.00471207 0.00204048 0.0640789 -0.0197217
internal_weight=0 523 516 134 382
internal_count=528 523 516 134 382
is_linear=0
shrinkage=0.1


Tree=79
num_leaves=7
num_cat=0
split_feature=61 71 72 18 18 87
split_gain=113.084 303.9 140.839 73.4284 119.635 36.5229
threshold=122.05993745012499 64.000000000000014 -0.27386363636363631 200.00000000000003 166.50000000000003 -1.0000000180025095e-35
decision_type=2 2 2 2 2 2
left_child=1 3 -2 4 -1 -5
right_child=2 -3 -4 5 -6 -7
leaf_value=-0.0011507546083348035 0.04220533728599548 0.71398507356643681 -0.70836593151092542 -0.055443231264750162 0.44809144735336304 -0.39166788203375691
leaf_weight=493 5 5.9999999999999991 4.9999999999999982 6 5.9999999999999991 6.9999999999999982
leaf_count=493 5 6 5 6 6 7
internal_value=0 0.00643012 -0.33308 -0.00186154 0.00425096 -0.236487
internal_weight=0 518 10 512 499 13
internal_count=528 518 10 512 499 13
is_linear=0
shrinkage=0.1


Tree=80
num_leaves=6
num_cat=0
split_feature=2 97 89 75 75
split_gain=114.945 146.349 68.0974 94.8428 77.5908
threshold=375.50000000000006 170.50000000000003 -0.91854699915871751 -6.4999999999999991 28.500000000000004
decision_type=2 2 2 2 2
left_child=1 2 3 -1 -4
right_child=-2 -3 4 -5 -6
leaf_value=0.31804930090904238 0.47719367027282716 -0.49559907962878547 -0.02469725615168504 0.029973838990554214 0.1264026459809896
leaf_weight=14.999999999999998 4.9999999999999991 5.9999999999999991 417 48 37
leaf_count=15 5 6 417 48 37
internal_value=0 -0.00456208 0.00113661 0.0985632 -0.0123829
internal_weight=0 523 517 63 454
internal_count=528 523 517 63 454
is_linear=0
shrinkage=0.1


Tree=81
num_leaves=6
num_cat=0
split_feature=17 75 46 89 36
split_gain=110.825 154.561 64.0826 162.559 85.1655
threshold=39428.000000000007 171.00000000000003 3.6862873864507157e-17 -0.72398871458307645 1.5000000000000002
decision_type=2 2 2 2 2
left_child=1 2 3 -1 -4
right_child=-2 -3 4 -5 -6
leaf_value=0.31434406448494306 0.46856239080429085 -0.55780240058898922 -0.095570572722703223 -0.0020570882505947545 0.0096264285956297498
leaf_weight=22 4.9999999999999991 4.9999999999999991 100 62 334
leaf_count=22 5 5 100 62 334
internal_value=0 -0.00447956 0.00086139 0.0808099 -0.0146125
internal_weight=0 523 518 84 434
internal_count=528 523 518 84 434
is_linear=0
shrinkage=0.1


Tree=82
num_leaves=6
num_cat=0
split_feature=2 1 64 27 74
split_gain=94.5758 138.399 59.2269 124.314 90.821
threshold=375.50000000000006 18737.000000000004 99.583333333333357 34.500000000000007 -0.22131565527791938
decision_type=2 2 2 2 2
left_child=1 2 3 -1 -4
right_child=-2 -3 4 -5 -6
leaf_value=0.018511426092794582 0.43285141348838807 -0.39289320442411635 0.045272582875830775 -0.11563390566103429 0.54177447795867928
leaf_weight=412 4.9999999999999991 8.9999999999999982 14.000000000000002 83 4.9999999999999991
leaf_count=412 5 9 14 83 5
internal_value=0 -0.00413816 0.00266884 -0.00398163 0.175931
internal_weight=0 523 514 495 19
internal_count=528 523 514 495 19
is_linear=0
shrinkage=0.1


Tree=83
num_leaves=6
num_cat=0
split_feature=17 75 76 31 76
split_gain=92.4528 130.343 58.5037 205.849 185.243
threshold=39428.000000000007 171.00000000000003 2.0769230769230771 7.5000000000000009 0.68627450980392168
decision_type=2 2 2 2 2
left_child=1 2 4 -4 -1
right_child=-2 -3 3 -5 -6
leaf_value=-0.008371435353989494 0.42796570718288418 -0.51221879959106453 -0.015467437611598717 -0.47830776843157685 0.19290288485085161
leaf_weight=379 4.9999999999999991 4.9999999999999991 76 10.999999999999998 52
leaf_count=379 5 5 76 11 52
internal_value=0 -0.00409145 0.000813253 -0.0739875 0.0159122
internal_weight=0 523 518 87 431
internal_count=528 523 518 87 431
is_linear=0
shrinkage=0.1


Tree=84
num_leaves=9
num_cat=0
split_feature=100 102 53 53 73 26 18 22
split_gain=88.9352 101.458 116.16 209.597 170.716 110.211 158.07 62.8367
threshold=691.50000000000011 120.50000000000001 5.656854249492425 7.7781745930520536 17.500000000000004 129.00000000000003 31.500000000000004 214.00000000000003
decision_type=2 2 2 2 2 2 2 2
left_child=1 2 4 -4 -1 6 -3 -7
right_child=-2 5 3 -5 -6 7 -8 -9
leaf_value=-0.0082495242158989283 0.41974523067474367 -0.38705062798478385 0.31648478768765931 0.011398405052329365 -0.59664969921112065 -0.6787677812576296 0.054187249272100391 -0.19876641184091567
leaf_weight=357 4.9999999999999991 10.999999999999998 32 76 4.9999999999999991 4.9999999999999982 31 6
leaf_count=357 5 11 32 76 5 5 31 6
internal_value=0 -0.00401286 0.0107776 0.101794 -0.0163766 -0.135173 -0.0613751 -0.416949
internal_weight=0 523 470 108 362 53 42 11
internal_count=528 523 470 108 362 53 42 11
is_linear=0
shrinkage=0.1


Tree=85
num_leaves=7
num_cat=0
split_feature=61 71 96 84 76 17
split_gain=87.3312 229.81 118.934 57.9393 94.3134 57.4751
threshold=122.05993745012499 64.000000000000014 200.00000000000003 -0.99688467374059531 4.1825396825396837 301.50000000000006
decision_type=2 2 2 2 2 2
left_child=1 3 -2 5 -5 -1
right_child=2 -3 -4 4 -6 -7
leaf_value=-0.072766052484512331 0.052161676883697522 0.62093924681345625 -0.63757492125034332 0.0086001076915470705 -0.12706279166299722 0.35009506245454158
leaf_weight=4.9999999999999991 4.9999999999999982 5.9999999999999991 5 440 58 8.9999999999999982
leaf_count=5 5 6 5 440 58 9
internal_value=0 0.00565071 -0.292707 -0.00155971 -0.00719999 0.199073
internal_weight=0 518 10 512 498 14
internal_count=528 518 10 512 498 14
is_linear=0
shrinkage=0.1


Tree=86
num_leaves=6
num_cat=0
split_feature=83 11 71 83 57
split_gain=84.7527 168.452 136.48 83.2889 72.1914
threshold=3949999999.0000005 19.500000000000004 64.000000000000014 3449999998.3359265 32.149305958849929
decision_type=2 2 2 2 2
left_child=2 -2 3 4 -1
right_child=1 -3 -4 -5 -6
leaf_value=0.0069395867703442877 0.053932464122772229 -0.70603469649795436 0.52602816104888916 0.3714072644710541 -0.14192982160619327
leaf_weight=470 6.9999999999999982 5 4.9999999999999991 5.9999999999999991 35
leaf_count=470 7 5 5 6 35
internal_value=0 -0.262721 0.00610978 0.00102252 -0.00337809
internal_weight=0 12 516 511 505
internal_count=528 12 516 511 505
is_linear=0
shrinkage=0.1


Tree=87
num_leaves=6
num_cat=0
split_feature=17 1 104 86 5
split_gain=82.9513 113.383 59.0379 183.733 100.801
threshold=39428.000000000007 26638.000000000004 68.500000000000014 0.68589359117003446 9967.5000000000018
decision_type=2 2 2 2 2
left_child=1 2 4 -4 -1
right_child=-2 -3 3 -5 -6
leaf_value=0.00015746473979491455 0.40537833809852608 -0.35574673546685115 -0.0071386915846512874 0.51708837615119085 -0.30609581064094199
leaf_weight=468 4.9999999999999991 8.9999999999999982 26 8.9999999999999982 10.999999999999998
leaf_count=468 5 9 26 9 11
internal_value=0 -0.00387551 0.00228566 0.127663 -0.00687549
internal_weight=0 523 514 35 479
internal_count=528 523 514 35 479
is_linear=0
shrinkage=0.1


Tree=88
num_leaves=6
num_cat=0
split_feature=1 1 101 88 57
split_gain=82.748 133.172 54.5333 166.221 117.347
threshold=38140.000000000007 18737.000000000004 4.5000000000000009 -0.88522070522249463 6.8495741960115497
decision_type=2 2 2 2 2
left_child=1 2 4 -4 -1
right_child=-2 -3 3 -5 -6
leaf_value=-0.00016242684677560278 0.36925083299477901 -0.40910637900233271 -0.15121096644837123 0.074750293734091033 -0.17983869896378629
leaf_weight=235 5.9999999999999991 7.9999999999999991 39 197 43
leaf_count=235 6 8 39 197 43
internal_value=0 -0.00424426 0.00205709 0.0374092 -0.0279541
internal_weight=0 522 514 236 278
internal_count=528 522 514 236 278
is_linear=0
shrinkage=0.1


Tree=89
num_leaves=6
num_cat=0
split_feature=17 75 46 89 57
split_gain=70.8397 95.7828 52.3094 128.075 77.3509
threshold=39428.000000000007 171.00000000000003 3.6862873864507157e-17 -0.72398871458307645 5.8166251450108781
decision_type=2 2 2 2 2
left_child=1 2 3 -1 -4
right_child=-2 -3 4 -5 -6
leaf_value=0.28014445182952014 0.37461684942245488 -0.43916622161865232 -0.050785758331755304 -0.0006991045008743963 0.034261009973810291
leaf_weight=22 4.9999999999999991 4.9999999999999991 243 62 191
leaf_count=22 5 5 243 62 191
internal_value=0 -0.00358142 0.000623064 0.0728552 -0.0133573
internal_weight=0 523 518 84 434
internal_count=528 523 518 84 434
is_linear=0
shrinkage=0.1


Tree=90
num_leaves=8
num_cat=0
split_feature=100 102 80 51 85 77 103
split_gain=71.7216 72.8856 129.334 135.734 96.3884 189.813 148.514
threshold=691.50000000000011 114.50000000000001 7.0459770114942524 16.500000000000004 0.88917497572200743 36.500000000000007 20.500000000000004
decision_type=2 2 2 2 2 2 2
left_child=1 4 3 -3 5 -1 -6
right_child=-2 2 -4 -5 6 -7 -8
leaf_value=0.0066835038576442329 0.37694135427474978 -0.53351942226290705 0.37827407598495483 -0.087228453013560053 -0.13291854326214111 -0.36790228911808565 0.2524569746426174
leaf_weight=401 4.9999999999999991 7.9999999999999991 4.9999999999999991 46 13.999999999999998 13.999999999999998 35
leaf_count=401 5 8 5 46 14 14 35
internal_value=0 -0.00360364 -0.108293 -0.153346 0.00970816 -0.00595313 0.14235
internal_weight=0 523 59 54 464 415 49
internal_count=528 523 59 54 464 415 49
is_linear=0
shrinkage=0.1


Tree=91
num_leaves=8
num_cat=0
split_feature=18 18 22 15 92 40 15
split_gain=66.4485 238.63 69.4837 151.308 123.253 52.0567 17.9834
threshold=214.00000000000003 184.50000000000003 120.00000000000001 46.500000000000007 34.362994011976049 42.500000000000007 402.50000000000006
decision_type=2 2 2 2 2 2 2
left_child=1 2 3 -1 -4 -2 -7
right_child=5 -3 4 -5 -6 6 -8
leaf_value=-0.0073681731335818769 -0.40364981421402507 0.58632354480879645 -0.30257512910498507 0.22829614168611068 0.19194536443267551 0.086012884229421632 -0.18219120621681212
leaf_weight=450 7.0000000000000027 6.9999999999999991 18.000000000000004 29 6.9999999999999991 4.9999999999999982 5
leaf_count=450 7 7 18 29 7 5 5
internal_value=0 0.00647053 -0.00158299 0.0068996 -0.164109 -0.194496 -0.0480892
internal_weight=0 511 504 479 25 17 10
internal_count=528 511 504 479 25 17 10
is_linear=0
shrinkage=0.1


Tree=92
num_leaves=12
num_cat=0
split_feature=27 6 34 75 89 61 9 39 40 27 42
split_gain=62.1937 277.234 154.413 103.083 199.04 94.7147 88.1125 79.8826 94.3335 51.5555 30.8204
threshold=40.500000000000007 226.00000000000003 120.00000000000001 -20.499999999999996 0.36847673223780547 21.248558064222923 7683.5000000000009 74.000000000000014 64.500000000000014 79.500000000000014 159.50000000000003
decision_type=2 2 2 2 2 2 2 2 2 2 2
left_child=1 3 7 4 -1 -4 -5 8 -2 -7 -9
right_child=2 -3 5 6 -6 9 -8 10 -10 -11 -12
leaf_value=0.49276261590421183 -0.19459349610682192 0.75629662752151494 0.36582686454057695 0.0081021389006111482 -0.11131197452545166 0.12095489892012933 -0.18216631658948387 0.22092109203338628 -0.60360572338104257 -0.10870173311508868 -0.13019346475601196
leaf_weight=12.000000000000002 29 4.9999999999999991 7.9999999999999991 381 9.9999999999999982 17 26 4.9999999999999982 6.9999999999999991 23 5
leaf_count=12 29 5 8 381 10 17 26 5 7 23 5
internal_value=0 0.0159726 -0.0737458 0.00734411 0.218183 0.0517231 -0.0040526 -0.20467 -0.274124 -0.0110977 0.0453638
internal_weight=0 434 94 429 22 48 407 46 36 40 10
internal_count=528 434 94 429 22 48 407 46 36 40 10
is_linear=0
shrinkage=0.1


Tree=93
num_leaves=6
num_cat=0
split_feature=83 11 77 101 85
split_gain=66.8489 134.594 107.683 70.3234 72.6789
threshold=3949999999.0000005 19.500000000000004 207.00000000000003 81.000000000000014 0.38043945030393422
decision_type=2 2 2 2 2
left_child=2 -2 3 4 -1
right_child=1 -3 -4 -5 -6
leaf_value=-0.02159549128264189 0.049719857318060751 -0.6295916244387626 0.46724843502044683 -0.27615022290911945 0.05857872806792689
leaf_weight=330 6.9999999999999982 5 4.9999999999999991 8.9999999999999982 172
leaf_count=330 7 5 5 9 172
internal_value=0 -0.233327 0.0054262 0.000907392 0.00587456
internal_weight=0 12 516 511 502
internal_count=528 12 516 511 502
is_linear=0
shrinkage=0.1


Tree=94
num_leaves=10
num_cat=0
split_feature=76 31 3 48 60 71 46 81 100
split_gain=55.9223 203.723 174.729 160.754 122.151 112.113 117.298 255.685 78.502
threshold=4.1825396825396837 5.0000000000000018 12.500000000000002 15.500000000000002 4.9375000000000009 49.500000000000007 3.6862873864507157e-17 0.77777777629629619 242.00000000000003
decision_type=2 2 2 2 2 2 2 2 2
left_child=5 2 4 -4 -2 6 7 -1 -8
right_child=1 -3 3 -5 -6 -7 8 -9 -10
leaf_value=-0.018003430962562562 -0.047887540947455204 -0.59559878025736124 0.0030765102969275582 0.67131254673004159 -0.47781085269525647 0.48345795631408689 -0.0026640976331882963 0.41887014912707471 -0.22230808857609247
leaf_weight=37 38 6.9999999999999991 8.9999999999999982 5.9999999999999991 7.9999999999999991 4.9999999999999991 380 21 17
leaf_count=37 38 7 9 6 8 5 380 21 17
internal_value=0 -0.0846447 -0.0260106 0.270371 -0.122657 0.0125127 0.00733748 0.140175 -0.0120695
internal_weight=0 68 61 15 46 460 455 58 397
internal_count=528 68 61 15 46 460 455 58 397
is_linear=0
shrinkage=0.1


Tree=95
num_leaves=6
num_cat=0
split_feature=17 70 84 74 35
split_gain=57.7807 79.5106 44.8294 65.0693 45.6189
threshold=39428.000000000007 241.92918742682886 -0.99688467374059531 3.0000000000000013 6.6703844596276159e-21
decision_type=2 2 2 2 2
left_child=1 2 4 -4 -1
right_child=-2 -3 3 -5 -6
leaf_value=0.021141684986650949 0.33832993209362033 -0.36517002185185754 0.0060393724229577655 -0.13348899456517149 0.38590900797086453
leaf_weight=7.9999999999999982 4.9999999999999991 5.9999999999999991 467 36 6
leaf_count=8 5 6 467 36 6
internal_value=0 -0.00323451 0.000965901 -0.00394675 0.177471
internal_weight=0 523 517 503 14
internal_count=528 523 517 503 14
is_linear=0
shrinkage=0.1


Tree=96
num_leaves=5
num_cat=0
split_feature=1 70 78 78
split_gain=57.3206 90.8801 44.4807 62.5233
threshold=38140.000000000007 221.06503071090148 8.432797290838654e+18 6.5881228834676979e+17
decision_type=2 2 2 2
left_child=1 2 3 -1
right_child=-2 -3 -4 -5
leaf_value=-0.00080547188089469506 0.30732518136501313 -0.39047679106394451 -0.23299643825739624 0.23019958337148033
leaf_weight=496 5.9999999999999991 5.9999999999999991 7.9999999999999991 11.999999999999998
leaf_count=496 6 6 8 12
internal_value=0 -0.00353247 0.000966879 0.00465134
internal_weight=0 522 516 508
internal_count=528 522 516 508
is_linear=0
shrinkage=0.1


Tree=97
num_leaves=11
num_cat=0
split_feature=27 6 42 25 15 9 1 47 78 74
split_gain=48.6557 222.901 128.615 114.395 90.4991 153.417 85.6264 74.5888 57.2083 49.1025
threshold=40.500000000000007 226.00000000000003 41.500000000000007 6575.0000000000009 57.000000000000007 7683.5000000000009 9144.0000000000018 15.500000000000004 -0.86515151515151512 -0.16472868217054257
decision_type=2 2 2 2 2 2 2 2 2 2
left_child=1 4 9 8 5 -1 -6 -5 -4 -2
right_child=2 -3 3 7 6 -7 -8 -9 -10 -11
leaf_value=0.013219411346756835 -0.1539397001266479 0.67795445442199709 -0.066298323372999804 0.38910323977470401 0.59515171527862554 -0.25809077308936551 0.034827433029810582 0.017448214534670114 -0.4338241904973984 -0.49443412125110631
leaf_weight=396 9.0000000000000018 4.9999999999999991 9.0000000000000018 5.9999999999999991 4.9999999999999982 22 6 54 7.9999999999999991 7.9999999999999991
leaf_count=396 9 5 9 6 5 22 6 54 8 8
internal_value=0 0.0141276 -0.0652275 -0.0102657 0.00639071 -0.00106007 0.28952 0.0546137 -0.239252 -0.314172
internal_weight=0 434 94 77 429 418 11 60 17 17
internal_count=528 434 94 77 429 418 11 60 17 17
is_linear=0
shrinkage=0.1


Tree=98
num_leaves=6
num_cat=0
split_feature=83 14 77 83 101
split_gain=51.9597 105.102 85.6935 55.0229 50.5432
threshold=3949999999.0000005 19.500000000000004 207.00000000000003 3449999998.3359265 81.000000000000014
decision_type=2 2 2 2 2
left_child=2 -2 3 4 -1
right_child=1 -3 -4 -5 -6
leaf_value=0.0014375635775063383 0.14446270227432254 -0.45582960418292445 0.41676248431205754 0.30179769198099771 -0.2376818233066135
leaf_weight=496 4.9999999999999982 7 4.9999999999999991 5.9999999999999991 8.9999999999999982
leaf_count=496 5 7 5 6 9
internal_value=0 -0.205708 0.0047839 0.000752801 -0.00282397
internal_weight=0 12 516 511 505
internal_count=528 12 516 511 505
is_linear=0
shrinkage=0.1


Tree=99
num_leaves=11
num_cat=0
split_feature=74 71 17 41 89 52 57 96 92 74
split_gain=45.539 167.678 107.975 117.218 108.579 69.0708 59.8369 108.719 57.875 44.6372
threshold=1.75 49.500000000000007 1021.0000000000001 2.7977620220553948e-14 -0.15739011478661069 11.250000000000002 28.433368856404648 184.50000000000003 28.777029717944199 2.7500000000000004
decision_type=2 2 2 2 2 2 2 2 2 2
left_child=1 6 3 -2 -4 -5 7 -1 -8 -6
right_child=2 -3 4 5 9 -7 8 -9 -10 -11
leaf_value=0.0088042068801864638 0.40955270503958063 0.58660455942153933 0.031928322712580365 -0.11626460933099117 -0.71744108676910423 0.28180126190185545 -0.40293566783269247 0.43750698467095694 -0.062715166273216411 -0.29489056110382078
leaf_weight=420 5.9999999999999991 4.9999999999999991 5.9999999999999991 34 4.9999999999999982 4.9999999999999991 5.9999999999999991 5.9999999999999991 30 5
leaf_count=420 6 5 6 34 5 5 6 6 30 5
internal_value=0 0.0106141 -0.0812584 -0.00192609 -0.304381 -0.0652305 0.00438039 0.0148423 -0.119419 -0.506166
internal_weight=0 467 61 45 16 39 462 426 36 10
internal_count=528 467 61 45 16 39 462 426 36 10
is_linear=0
shrinkage=0.1


end of trees

feature_importances:
Tennessee_current=35
US_current=30
South_Carolina_current=27
Kansas_diff_8=25
US_lag_5=24
Alabama_current=23
US_lag_1=22
quarter_sin=21
Kansas_roll_min_2=20
Kansas_diff_4=20
Kansas_diff_52=20
Arkansas_lag_1=18
Kansas_roll_std_8=18
Kansas_diff_1=18
week_cos=17
Arkansas_current=17
Kansas_pct_change_1=16
Kansas_diff_2=15
Nebraska_current=14
Kansas_roll_std_2=12
West_Virginia_current=12
West_Virginia_lag_4=11
Arkansas_lag_5=11
US_lag_52=10
Kansas_roll_mean_2=10
Kansas_momentum_12=10
West_Virginia_lag_1=9
US_lag_3=9
West_Virginia_lag_8=9
Iowa_current=9
month_cos=8
West_Virginia_lag_7=7
Kansas_pct_change_4=7
week_sin=7
month_sin=7
Arkansas_lag_11=5
Arkansas_lag_12=5
Kansas_roll_std_4=5
Kansas_ewm_alpha_0.5=5
Kansas_pct_change_2=5
quarter_cos=5
US_lag_2=4
Arkansas_lag_6=4
Arkansas_lag_9=4
Kansas_lag_10=4
Kansas_lag_11=4
Kansas_lag_52=4
Kansas_roll_min_4=4
Kansas_pct_change_8=4
Kansas_pct_change_52=4
Kansas_cumulative_mean=4
Arkansas_lag_2=3
Arkansas_lag_4=3
West_Virginia_lag_6=3
US_lag_11=3
West_Virginia_lag_12=3
Arkansas_lag_52=3
Kansas_roll_max_2=3
Kansas_roll_mean_4=3
Arkansas_lag_3=2
West_Virginia_lag_3=2
US_lag_7=2
Kansas_lag_8=2
US_lag_8=2
Kansas_lag_9=2
West_Virginia_lag_9=2
Kansas_roll_std_12=2
Kansas_ewm_alpha_0.1=2
Kansas_momentum_8=2
Colorado_current=2
West_Virginia_lag_2=1
Kansas_lag_5=1
Arkansas_lag_7=1
Arkansas_lag_8=1
West_Virginia_lag_10=1
West_Virginia_lag_11=1
Kansas_lag_12=1
West_Virginia_lag_52=1
Kansas_roll_mean_8=1
Kansas_roll_mean_12=1
Kansas_ewm_alpha_0.3=1
Kansas_momentum_4=1
Missouri_current=1

parameters:
[boosting: gbdt]
[objective: regression]
[metric: l1]
[tree_learner: serial]
[device_type: cpu]
[data_sample_strategy: bagging]
[data: ]
[valid: ]
[num_iterations: 100]
[learning_rate: 0.1]
[num_leaves: 16]
[num_threads: 2]
[seed: 1]
[deterministic: 0]
[force_col_wise: 0]
[force_row_wise: 0]
[histogram_pool_size: -1]
[max_depth: 4]
[min_data_in_leaf: 5]
[min_sum_hessian_in_leaf: 0.001]
[bagging_fraction: 1]
[pos_bagging_fraction: 1]
[neg_bagging_fraction: 1]
[bagging_freq: 0]
[bagging_seed: 18467]
[feature_fraction: 1]
[feature_fraction_bynode: 1]
[feature_fraction_seed: 26500]
[extra_trees: 0]
[extra_seed: 15724]
[early_stopping_round: 0]
[first_metric_only: 0]
[max_delta_step: 0]
[lambda_l1: 0]
[lambda_l2: 0]
[linear_lambda: 0]
[min_gain_to_split: 0]
[drop_rate: 0.1]
[max_drop: 50]
[skip_drop: 0.5]
[xgboost_dart_mode: 0]
[uniform_drop: 0]
[drop_seed: 6334]
[top_rate: 0.2]
[other_rate: 0.1]
[min_data_per_group: 100]
[max_cat_threshold: 32]
[cat_l2: 10]
[cat_smooth: 10]
[max_cat_to_onehot: 4]
[top_k: 20]
[monotone_constraints: ]
[monotone_constraints_method: basic]
[monotone_penalty: 0]
[feature_contri: ]
[forcedsplits_filename: ]
[refit_decay_rate: 0.9]
[cegb_tradeoff: 1]
[cegb_penalty_split: 0]
[cegb_penalty_feature_lazy: ]
[cegb_penalty_feature_coupled: ]
[path_smooth: 0]
[interaction_constraints: ]
[verbosity: -1]
[saved_feature_importance_type: 0]
[use_quantized_grad: 0]
[num_grad_quant_bins: 4]
[quant_train_renew_leaf: 0]
[stochastic_rounding: 1]
[linear_tree: 0]
[max_bin: 255]
[max_bin_by_feature: ]
[min_data_in_bin: 3]
[bin_construct_sample_cnt: 200000]
[data_random_seed: 41]
[is_enable_sparse: 1]
[enable_bundle: 1]
[use_missing: 1]
[zero_as_missing: 0]
[feature_pre_filter: 1]
[pre_partition: 0]
[two_round: 0]
[header: 0]
[label_column: ]
[weight_column: ]
[group_column: ]
[ignore_column: ]
[categorical_feature: ]
[forcedbins_filename: ]
[precise_float_parser: 0]
[parser_config_file: ]
[objective_seed: 19169]
[num_class: 1]
[is_unbalance: 0]
[scale_pos_weight: 1]
[sigmoid: 1]
[boost_from_average: 1]
[reg_sqrt: 0]
[alpha: 0.9]
[fair_c: 1]
[poisson_max_delta_step: 0.7]
[tweedie_variance_power: 1.5]
[lambdarank_truncation_level: 30]
[lambdarank_norm: 1]
[label_gain: ]
[lambdarank_position_bias_regularization: 0]
[eval_at: ]
[multi_error_top_k: 1]
[auc_mu_weights: ]
[num_machines: 1]
[local_listen_port: 12400]
[time_out: 120]
[machine_list_filename: ]
[machines: ]
[gpu_platform_id: -1]
[gpu_device_id: -1]
[gpu_use_dp: 0]
[num_gpu: 1]

end of parameters

pandas_categorical:[]
