tree
version=v4
num_class=1
num_tree_per_iteration=1
label_index=0
max_feature_idx=104
objective=regression
feature_names=North_Carolina_lag_1 Ohio_lag_1 Pennsylvania_lag_1 Maryland_lag_1 North_Carolina_lag_2 Ohio_lag_2 Pennsylvania_lag_2 Maryland_lag_2 North_Carolina_lag_3 Ohio_lag_3 Pennsylvania_lag_3 Maryland_lag_3 North_Carolina_lag_4 Ohio_lag_4 Pennsylvania_lag_4 Maryland_lag_4 North_Carolina_lag_5 Ohio_lag_5 Pennsylvania_lag_5 Maryland_lag_5 North_Carolina_lag_6 Ohio_lag_6 Pennsylvania_lag_6 Maryland_lag_6 North_Carolina_lag_7 Ohio_lag_7 Pennsylvania_lag_7 Maryland_lag_7 North_Carolina_lag_8 Ohio_lag_8 Pennsylvania_lag_8 Maryland_lag_8 North_Carolina_lag_9 Ohio_lag_9 Pennsylvania_lag_9 Maryland_lag_9 North_Carolina_lag_10 Ohio_lag_10 Pennsylvania_lag_10 Maryland_lag_10 North_Carolina_lag_11 Ohio_lag_11 Pennsylvania_lag_11 Maryland_lag_11 North_Carolina_lag_12 Ohio_lag_12 Pennsylvania_lag_12 Maryland_lag_12 North_Carolina_lag_52 Ohio_lag_52 Pennsylvania_lag_52 Maryland_lag_52 North_Carolina_roll_mean_2 North_Carolina_roll_std_2 North_Carolina_roll_min_2 North_Carolina_roll_max_2 North_Carolina_roll_mean_4 North_Carolina_roll_std_4 North_Carolina_roll_min_4 North_Carolina_roll_max_4 North_Carolina_roll_mean_8 North_Carolina_roll_std_8 North_Carolina_roll_min_8 North_Carolina_roll_max_8 North_Carolina_roll_mean_12 North_Carolina_roll_std_12 North_Carolina_roll_min_12 North_Carolina_roll_max_12 North_Carolina_ewm_alpha_0.1 North_Carolina_ewm_alpha_0.3 North_Carolina_ewm_alpha_0.5 North_Carolina_diff_1 North_Carolina_pct_change_1 North_Carolina_diff_2 North_Carolina_pct_change_2 North_Carolina_diff_4 North_Carolina_pct_change_4 North_Carolina_diff_8 North_Carolina_pct_change_8 North_Carolina_diff_52 North_Carolina_pct_change_52 North_Carolina_momentum_4 North_Carolina_momentum_8 North_Carolina_momentum_12 week_sin week_cos quarter_sin quarter_cos month_sin month_cos is_flu_season is_peak_flu North_Carolina_cumulative_mean North_Carolina_trend_8w North_Carolina_trend_12w Ohio_current Pennsylvania_current Maryland_current Virginia_current North_Dakota_current US_current Tennessee_current New_Mexico_current New_York_current Vermont_current
feature_infos=[0:2280] [0:3705] [0:4571] [0:1086] [0:2280] [0:3705] [0:4571] [0:1086] [0:2280] [0:3705] [0:4571] [0:1086] [0:2280] [0:3705] [0:4571] [0:1086] [0:2280] [0:3705] [0:4571] [0:1086] [0:2280] [0:3705] [0:4571] [0:1086] [0:2280] [0:3705] [0:4571] [0:1086] [0:2280] [0:3705] [0:4571] [0:1086] [0:2280] [0:3705] [0:4571] [0:1086] [0:2280] [0:3705] [0:4571] [0:1086] [0:2280] [0:3705] [0:4571] [0:1086] [0:2280] [0:3705] [0:4571] [0:1086] [0:1051] [0:661] [0:1294] [0:265] [0:2181] [0:414.36457377531684] [0:2082] [0:2280] [0:1909.5] [0:602.75672262254136] [0:1582] [0:2280] [0:1462] [0:703.97056300063332] [0:833] [0:2280] [0:1226.1666666666667] [0:794.14773738132533] [0:611] [0:2280] [0:917.91997482071179] [0:1634.4492082299105] [0:1974.6645851230833] [-586:500] [-0.99999999999999967:72057594037927936] [-1106:973] [-0.99999999999999978:3.9631676720860358e+17] [-1458:1447] [-0.99999999999999989:4.6116860184273879e+18] [-2092:2107] [-1:2.9646552975604646e+19] [-616:2184] [-0.99999999999999978:4.3481611030886801e+19] [-0.99999999999999989:9399999999] [-1:21199999999] [-1:70599999999] [-0.9999994220246925:0.99998555065071859] [-0.99997919295908233:0.9999907524084426] [-0.99997167934088305:0.9999531843608731] [-0.99999768809943823:0.9999907524084426] [-0.99999479822624138:0.99999479822624138] [-0.99997919295908222:0.99991677270219514] [0:1] [0:1] [0:122.51694915254237] none none [0:3705] [0:4571] [0:1086] [0:1315] [0:127] [0:55486] [0:1067] [0:320.00000000000006] [0:3128] [0:134]
tree_sizes=1098 1113 1111 1182 1198 1109 1106 1105 1103 1103 1109 1101 1039 1033 866 946 952 866 711 860 709 866 798 872 715 791 796 796 625 631 631 634 630 709 633 631 631 632 629 630 629 633 629 634 634 633 634 632 632 631 630 635 632 637 708 635 632 630 630 714 639 635 635 637 635 634 630 638 633 633 639 634 632 635 632 633 637 639 634 634 634 631 632 634 628 632 637 711 634 632 641 714 638 633 631 716 633 713 636 634

Tree=0
num_leaves=12
num_cat=0
split_feature=77 54 55 54 55 75 71 59 71 98 52
split_gain=1.37887e+07 3.36721e+06 614394 256750 83836.5 79458.3 37571.5 26755.1 20506.6 17968.7 3354.27
threshold=283.00000000000006 102.50000000000001 271.50000000000006 19.500000000000007 193.50000000000003 55.500000000000007 -12.499999999999998 172.50000000000003 5.0000000000000027 67.500000000000014 8.7500000000000018
decision_type=2 2 2 2 2 2 2 2 2 2 2
left_child=1 3 4 8 7 9 -6 -3 10 -5 -1
right_child=-2 2 -4 5 6 -7 -8 -9 -10 -11 -12
leaf_value=105.21905102374296 190.43439642504165 121.76129062380613 137.58856340458044 109.64048631515951 122.60812850259877 116.17930404879186 128.38856350550907 116.82947239863911 108.10072538875957 112.67606327946297 106.11634099664269
leaf_weight=123 24 22 38 104 23 27 22 22 37 24 63
leaf_count=123 24 22 38 104 23 27 22 22 37 24 63
internal_value=116.376 112.857 126.944 108.123 122.399 111.25 125.434 119.295 105.951 110.21 105.523
internal_weight=0 505 127 378 89 155 45 44 223 128 186
internal_count=529 505 127 378 89 155 45 44 223 128 186
is_linear=0
shrinkage=1


Tree=1
num_leaves=12
num_cat=0
split_feature=103 52 71 52 54 76 72 98 54 71 85
split_gain=1.16475e+07 2.72253e+06 559140 195636 166334 59354.6 33001.6 32112.1 21009.4 6949.92 3562.47
threshold=902.00000000000011 116.25000000000001 41.000000000000007 23.250000000000004 214.50000000000003 0.9156802928615011 -0.13063795205201137 43.500000000000007 62.000000000000007 5.0000000000000027 -0.10837475778693649
decision_type=2 2 2 2 2 2 2 2 2 2 2
left_child=1 3 4 9 6 8 -3 -7 -5 10 -1
right_child=-2 2 -4 5 -6 7 -8 -9 -10 -11 -12
leaf_value=-10.069103901628136 69.598467988553253 0.011750646279408382 20.98092985383926 -6.9298451126889988 11.554722154140473 -4.6168202216808609 4.5450133696908042 0.4027077045440674 -3.7649895394289938 -8.1386438097272613 -8.9641237207361169
leaf_weight=138 23 26 31 94 32 26 42 25 27 28 37
leaf_count=138 23 26 31 94 32 26 42 25 27 28 37
internal_value=0 -3.16357 9.24699 -7.49899 5.60947 -5.01762 2.81171 -2.15627 -6.22364 -9.60143 -9.83548
internal_weight=0 506 131 375 100 172 68 51 121 203 175
internal_count=529 506 131 375 100 172 68 51 121 203 175
is_linear=0
shrinkage=0.1


Tree=2
num_leaves=12
num_cat=0
split_feature=52 54 75 54 54 75 50 73 71 100 54
split_gain=9.75014e+06 1.9273e+06 402598 168215 89201.6 54425.8 37027.9 15916.9 13959 12680.1 2352.38
threshold=428.00000000000006 102.50000000000001 124.00000000000001 19.500000000000007 167.50000000000003 55.500000000000007 248.50000000000003 -7.9999999999999982 5.0000000000000027 3563.0000000000005 12.500000000000002
decision_type=2 2 2 2 2 2 2 2 2 2 2
left_child=1 3 4 8 7 9 -6 -3 10 -5 -1
right_child=-2 2 -4 5 6 -7 -8 -9 -10 -11 -12
leaf_value=-8.9425685402805826 58.539304577862779 -0.28759873346848924 19.610204460309902 -5.4935222645032979 5.1334832783403073 -0.087074537630434393 10.27957620267515 3.4747614093448806 -6.6822034784265476 -2.9010892225348432 -7.8622474006984548
leaf_weight=163 27 22 23 105 29 27 27 23 37 23 23
leaf_count=163 27 22 23 105 29 27 27 23 37 23 23
internal_value=0 -3.14853 7.66973 -6.69738 4.95061 -4.16707 7.61464 1.63539 -8.45611 -5.02769 -8.80898
internal_weight=0 502 124 378 101 155 56 45 223 128 186
internal_count=529 502 124 378 101 155 56 45 223 128 186
is_linear=0
shrinkage=0.1


Tree=3
num_leaves=13
num_cat=0
split_feature=75 52 52 52 83 100 76 100 54 85 96 52
split_gain=8.26415e+06 1.69381e+06 313814 129045 102325 55709.6 42496 24504.5 14929.8 5162.39 2484.54 2261.63
threshold=253.50000000000003 116.25000000000001 233.75000000000003 23.250000000000004 2.183333332786852 5260.5000000000009 0.77472348731294749 1969.5000000000002 62.000000000000007 -0.1425053627395608 27.000000000000004 7.0000000000000027
decision_type=2 2 2 2 2 2 2 2 2 2 2 2
left_child=1 3 5 9 -4 -3 8 -8 -5 11 -11 -1
right_child=-2 2 4 6 -6 -7 7 -9 -10 10 -12 -13
leaf_value=-8.3703796194057283 58.624968612453216 1.038597941260005 9.2266750003980551 -5.7248849809169773 18.766070799394086 6.1289258130761084 -3.8238330611476194 0.47739136998470011 -3.0504927370283341 -7.5430546188354501 -6.1616015226944638 -7.5506820080327053
leaf_weight=99 23 43 23 92 22 43 27 26 27 30 23 51
leaf_count=99 23 43 23 92 22 43 27 26 27 30 23 51
internal_value=0 -2.66477 7.1242 -6.08439 13.8904 3.58376 -4.06909 -1.7138 -5.11809 -7.79193 -6.94356 -8.09168
internal_weight=0 506 131 375 45 86 172 53 119 203 53 150
internal_count=529 506 131 375 45 86 172 53 119 203 53 150
is_linear=0
shrinkage=0.1


Tree=4
num_leaves=13
num_cat=0
split_feature=103 55 71 100 52 65 76 21 61 52 45 85
split_gain=7.02558e+06 1.32291e+06 297129 88455.5 81948 36214.6 25232.6 18961.2 15722.5 8810.05 4458.26 2386.68
threshold=902.00000000000011 115.50000000000001 53.500000000000007 5260.5000000000009 22.500000000000007 132.61963811248128 0.77472348731294749 10.500000000000002 42.94337510600905 56.500000000000007 5.2041704279304219e-17 0.037621334799590754
decision_type=2 2 2 2 2 2 2 2 2 2 2 2
left_child=1 4 3 8 10 -5 9 -8 -3 -6 -1 -12
right_child=-2 2 -4 5 6 -7 7 -9 -10 -11 11 -13
leaf_value=-5.7788534774780276 54.053592582370925 1.9784355251739425 14.695734826449693 7.4718182580415586 -5.4634063155683759 2.5557722195335058 -4.1027936914692757 -0.084773346781730652 -1.6048646862506868 -3.6315630127017098 -7.3627113316683168 -6.3408828117229321
leaf_weight=25 23 24 29 43 73 23 23 24 25 41 149 27
leaf_count=25 23 24 29 43 73 23 23 24 25 41 149 27
internal_value=0 -2.45698 5.65006 3.36897 -5.68188 5.75865 -4.00076 -2.05104 0.150221 -4.80459 -7.02845 -7.20595
internal_weight=0 506 144 115 362 66 161 47 49 114 201 176
internal_count=529 506 144 115 362 66 161 47 49 114 201 176
is_linear=0
shrinkage=0.1


Tree=5
num_leaves=12
num_cat=0
split_feature=79 54 71 54 54 83 16 71 54 54 85
split_gain=6.04691e+06 1.06674e+06 283198 88523.7 53839.2 38138.2 28793.4 9955.87 9395.77 3429.14 3131.37
threshold=285.50000000000006 102.50000000000001 53.500000000000007 22.500000000000004 167.50000000000003 2.8153409071170912 218.50000000000003 5.0000000000000027 72.500000000000014 14.499999999999989 -0.1425053627395608
decision_type=2 2 2 2 2 2 2 2 2 2 2
left_child=1 3 4 7 -3 8 -6 9 -5 -1 -9
right_child=-2 2 -4 5 6 -7 -8 10 -10 -11 -12
leaf_value=-6.5477855944494054 51.32531761581248 0.6602109541495641 15.68342624332594 -4.4961971462547003 7.5260071929295869 -0.30935182452201843 3.2755418861613559 -5.5733055461536765 -2.2301136362055938 -5.2214239900762394 -3.8860880532047966
leaf_weight=171 22 42 23 77 30 40 34 22 24 22 22
leaf_count=171 22 42 23 77 30 40 34 22 24 22 22
internal_value=0 -2.22713 5.62478 -4.90675 3.44224 -2.92272 5.26795 -6.08713 -3.95772 -6.39659 -4.7297
internal_weight=0 507 129 378 106 141 64 237 101 193 44
internal_count=529 507 129 378 106 141 64 237 101 193 44
is_linear=0
shrinkage=0.1


Tree=6
num_leaves=12
num_cat=0
split_feature=77 55 98 52 72 100 16 1 52 45 96
split_gain=5.02916e+06 788656 169596 54011.5 44838.5 26831 19679.5 14223.6 9993.11 3181.55 1755.35
threshold=283.00000000000006 115.50000000000001 185.50000000000003 22.500000000000007 -0.11383219954648525 6123.5000000000009 24.500000000000004 20.000000000000007 68.250000000000014 5.2041704279304219e-17 99.500000000000014
decision_type=2 2 2 2 2 2 2 2 2 2 2
left_child=1 3 4 9 -3 -6 7 -5 -8 -1 -11
right_child=-2 2 -4 6 5 -7 8 -9 -10 10 -12
leaf_value=-4.6469556198120117 44.726003742218019 -0.8019648337364198 9.9909654050259977 -3.1316741264783423 1.908527092926386 5.8439815489451092 -4.5048536295049333 0.32315900271589104 -2.3266366466879846 -5.9749675264545523 -5.0379900061565905
leaf_weight=25 24 35 37 26 41 30 85 22 28 153 23
leaf_count=25 24 35 37 26 41 30 85 22 28 153 23
internal_value=0 -2.12559 4.162 -4.60936 2.12736 3.5714 -3.24455 -1.54821 -3.96512 -5.70258 -5.85252
internal_weight=0 505 143 362 106 71 161 48 113 201 176
internal_count=529 505 143 362 106 71 161 48 113 201 176
is_linear=0
shrinkage=0.1


Tree=7
num_leaves=12
num_cat=0
split_feature=103 54 71 52 30 38 54 55 86 43 85
split_gain=4.29737e+06 632860 136862 59034.7 33844.4 25204.2 25363.9 14487.2 8796.24 7571.06 1750.86
threshold=902.00000000000011 102.50000000000001 38.500000000000007 53.250000000000007 34.500000000000007 27.000000000000004 214.50000000000003 18.000000000000004 -0.13611963055546153 43.500000000000007 -0.11692317777808899
decision_type=2 2 2 2 2 2 2 2 2 2 2
left_child=1 3 5 7 -5 -3 -7 10 -6 -9 -1
right_child=-2 2 -4 4 8 6 -8 9 -10 -11 -12
leaf_value=-5.4369214488151378 42.275137810085134 -0.63407014879313384 10.065838569800059 1.6962393614378843 -1.6959138436750933 1.7744750903007835 5.5351598345000177 -3.286200535878903 -4.0227894991636282 -4.9244954242262731 -4.6231599894436926
leaf_weight=133 23 22 30 22 33 47 29 82 32 43 33
leaf_count=133 23 22 30 22 33 47 29 82 32 43 33
internal_value=0 -1.9216 4.15582 -3.97956 -1.69399 2.34664 3.20947 -4.66287 -2.84145 -3.84977 -5.27515
internal_weight=0 506 128 378 87 98 76 291 65 125 166
internal_count=529 506 128 378 87 98 76 291 65 125 166
is_linear=0
shrinkage=0.1


Tree=8
num_leaves=12
num_cat=0
split_feature=75 55 50 72 52 100 73 59 48 92 56
split_gain=3.63952e+06 495506 119408 50906.7 35537.2 25011.9 16286 10913.5 3437.51 2247.51 1941.8
threshold=253.50000000000003 115.50000000000001 268.50000000000006 -0.11383219954648525 22.500000000000007 6575.0000000000009 -7.9999999999999982 93.500000000000014 2.6714741530042834e-16 94.01986819151 5.3750000000000009
decision_type=2 2 2 2 2 2 2 2 2 2 2
left_child=1 4 3 -3 9 -5 8 -8 -6 -1 -11
right_child=-2 2 -4 5 6 -7 7 -9 -10 10 -12
leaf_value=-3.6750180986794563 38.905036353028343 -1.5164090125988692 7.6064854089603875 1.2721478328985327 -2.8947243646030194 5.3081446383680619 -2.4094187021658229 0.08453538077680961 -4.4221352059666712 -5.0963364215124223 -4.4363611632899236
leaf_weight=22 23 39 43 34 23 28 74 23 41 84 95
leaf_count=22 23 39 43 34 23 28 74 23 41 84 95
internal_value=0 -1.76841 3.19319 1.31427 -3.74209 3.09486 -2.63502 -1.81807 -3.87322 -4.62884 -4.74607
internal_weight=0 506 144 101 362 62 161 97 64 201 179
internal_count=529 506 144 101 362 62 161 97 64 201 179
is_linear=0
shrinkage=0.1


Tree=9
num_leaves=12
num_cat=0
split_feature=79 100 72 52 5 78 55 100 83 44 73
split_gain=3.10354e+06 405898 132130 70344.4 59846.3 16736.8 14389 12879.9 11968.6 8107.6 3896.55
threshold=285.50000000000006 5067.0000000000009 0.24243317610062889 68.250000000000014 285.50000000000006 -0.43725393700787385 242.00000000000003 1443.5000000000002 0.50992531424434195 23.500000000000007 8.5000000000000018
decision_type=2 2 2 2 2 2 2 2 2 2 2
left_child=1 3 4 7 6 -5 -3 10 -9 -7 -1
right_child=-2 2 -4 5 -6 9 -8 8 -10 -11 -12
leaf_value=-4.3012035681750325 36.769959857247095 2.4459372176278027 10.408646171569826 -2.2330027619486343 -2.3704074976119127 1.9190198730230332 5.7899015556682238 -3.4270282833675547 -1.0041529127529689 -0.53836945541973769 -3.0897682098131027
leaf_weight=185 22 31 25 34 22 25 22 75 28 29 31
leaf_count=185 22 31 25 34 22 25 22 75 28 29 31
internal_value=0 -1.59554 4.11269 -2.99805 2.01404 -0.494992 3.834 -3.68855 -2.76838 0.599311 -4.12734
internal_weight=0 507 100 407 75 88 53 319 103 54 216
internal_count=529 507 100 407 75 88 53 319 103 54 216
is_linear=0
shrinkage=0.1


Tree=10
num_leaves=12
num_cat=0
split_feature=103 98 71 65 0 54 85 54 16 47 11
split_gain=2.65089e+06 305041 80708.5 43437.8 35096.3 23918.6 13053.5 6563.43 4305.89 1948.75 1872.07
threshold=902.00000000000011 72.500000000000014 57.500000000000021 221.2531550438151 257.00000000000006 41.500000000000007 0.45847758937963173 11.500000000000002 21.499999999999996 5.8286708792820728e-16 15.500000000000002
decision_type=2 2 2 2 2 2 2 2 2 2 2
left_child=1 5 3 4 -3 7 10 9 -9 -1 -7
right_child=-2 2 -4 -5 -6 6 -8 8 -10 -11 -12
leaf_value=-3.2278942567546198 33.203152642042738 1.2790890887175523 7.9897737557237809 -2.4041228512922928 5.7587057320967965 -1.7330029754726977 0.50991836423459258 -1.9714864434422674 -3.3085718222286391 -4.0124344583895564 -2.900031123842512
leaf_weight=41 23 73 22 24 23 27 23 37 69 139 28
leaf_count=41 23 73 22 24 23 27 23 37 69 139 28
internal_value=0 -1.50923 2.42183 1.40104 2.35233 -3.04278 -1.49056 -3.46611 -2.84185 -3.83373 -2.32713
internal_weight=0 506 142 120 96 364 78 286 106 180 55
internal_count=529 506 142 120 96 364 78 286 106 180 55
is_linear=0
shrinkage=0.1


Tree=11
num_leaves=12
num_cat=0
split_feature=73 98 50 5 54 100 85 73 18 92 86
split_gain=2.26285e+06 234329 73999.3 42110.8 19374.1 12541.3 10573.4 5864.78 4631.59 3797.06 1782.76
threshold=162.50000000000003 72.500000000000014 261.50000000000006 245.00000000000003 41.500000000000007 5067.0000000000009 0.45847758937963173 8.5000000000000018 31.500000000000004 94.130341880341902 0.57075747273004118
decision_type=2 2 2 2 2 2 2 2 2 2 2
left_child=1 4 3 5 7 -3 10 9 -9 -1 -6
right_child=-2 2 -4 -5 6 -7 -8 8 -10 -11 -12
leaf_value=-2.2403496810368129 30.676913534558338 0.36730776776870094 5.5148294021916948 -3.0993459890286132 -1.5746878383557004 2.9556320943893533 0.45892652014027474 -3.0670252932442561 -1.178099432706833 -3.481483917328918 -2.7180848709344865
leaf_weight=28 23 36 43 24 30 39 23 27 25 206 25
leaf_count=28 23 36 43 24 30 39 23 27 25 206 25
internal_value=0 -1.39441 2.05103 0.54655 -2.7385 1.71324 -1.34151 -3.1195 -2.15889 -3.33297 -2.09441
internal_weight=0 506 142 99 364 75 78 286 52 234 55
internal_count=529 506 142 99 364 75 78 286 52 234 55
is_linear=0
shrinkage=0.1


Tree=12
num_leaves=11
num_cat=0
split_feature=102 54 63 70 54 35 16 103 85 37
split_gain=1.94054e+06 168098 35153.6 48364.6 18392.2 12178.5 9384.07 5997.94 2563.41 1268.92
threshold=96.500000000000014 102.50000000000001 576.50000000000011 216.01021411227671 14.499999999999989 3.9999999999999991 13.500000000000002 35.000000000000007 0.020426410361618356 7.02563007770607e-17
decision_type=2 2 2 2 2 2 2 2 2 2
left_child=1 4 3 5 8 -3 -6 -8 9 -1
right_child=-2 2 -4 -5 6 -7 7 -9 -10 -11
leaf_value=-2.5379535902630201 27.194353553771975 2.5234158971479963 -1.6686310411741336 5.4192704727775176 -0.11994575075805188 -0.2251041724493629 -3.0910485113137649 -1.6267231797834611 -2.3313783624650615 -3.3549109901700707
leaf_weight=22 25 28 24 38 32 38 38 106 38 140
leaf_count=22 25 28 24 38 32 38 38 106 38 140
internal_value=0 -1.34893 1.78115 2.57725 -2.41448 0.940935 -1.66892 -2.01314 -3.07057 -3.24397
internal_weight=0 504 128 104 376 66 176 144 200 162
internal_count=529 504 128 104 376 66 176 144 200 162
is_linear=0
shrinkage=0.1


Tree=13
num_leaves=11
num_cat=0
split_feature=98 54 71 52 74 48 23 100 83 72
split_gain=1.66437e+06 152521 61957.3 34474.4 24536.8 20851.1 12663.3 7141.38 8299.08 2072.84
threshold=345.50000000000006 167.50000000000003 9.5000000000000018 68.250000000000014 -0.34315723297708595 141.00000000000003 12.500000000000002 1443.5000000000002 1.4174228666684068 0.057982252089256454
decision_type=2 2 2 2 2 2 2 2 2 2
left_child=1 3 5 7 -5 -3 -6 9 -9 -1
right_child=-2 2 -4 4 6 -7 -8 8 -10 -11
leaf_value=-2.9600047120922492 26.927140435305507 -1.4224545763886494 6.6654102819306518 -3.2732634071422662 1.5894234126264399 2.6749005835917261 -0.8381428307011014 -2.2130867098889699 -0.025761326876553622 -2.2815850548446179
leaf_weight=152 22 23 28 23 44 27 42 82 22 64
leaf_count=152 22 23 28 23 44 27 42 82 22 64
internal_value=0 -1.16844 2.8992 -1.90801 -0.372041 0.790117 0.403868 -2.43119 -1.75038 -2.75899
internal_weight=0 507 78 429 109 50 86 320 104 216
internal_count=529 507 78 429 109 50 86 320 104 216
is_linear=0
shrinkage=0.1


Tree=14
num_leaves=9
num_cat=0
split_feature=65 50 71 24 15 98 92 0
split_gain=1.51286e+06 115306 70230.1 37005.8 22248.2 35041.8 13052.5 4917.41
threshold=289.24484962549008 133.50000000000003 38.500000000000007 47.000000000000014 79.000000000000014 72.500000000000014 113.49789069268148 49.500000000000007
decision_type=2 2 2 2 2 2 2 2
left_child=1 4 3 -3 5 7 -5 -1
right_child=-2 2 -4 6 -6 -7 -8 -9
leaf_value=-2.4520122144619627 25.672273545644501 -2.6455899543232388 5.1277495380810336 2.2045375496149062 -5.104168906419174 0.96979190722892161 -0.43389628887176512 -1.4036961724541406
leaf_weight=240 22 36 35 50 23 38 30 55
leaf_count=240 22 36 35 50 23 38 30 55
internal_value=0 -1.11398 1.20159 0.016972 -2.09615 -1.88839 1.21512 -2.25656
internal_weight=0 507 151 116 356 333 80 295
internal_count=529 507 151 116 356 333 80 295
is_linear=0
shrinkage=0.1


Tree=15
num_leaves=10
num_cat=0
split_feature=73 62 44 75 101 24 63 55 23
split_gain=1.30567e+06 95017.8 69944 30664.1 15375.1 16908.8 12094.8 10872.9 4686.76
threshold=162.50000000000003 129.50000000000003 115.50000000000001 16.000000000000004 34.500000000000007 23.500000000000007 349.00000000000006 99.500000000000014 1.4999999999999998
decision_type=2 2 2 2 2 2 2 2 2
left_child=1 3 -3 6 8 -6 7 -1 -5
right_child=-2 2 -4 4 5 -7 -8 -9 -10
leaf_value=-2.0918077550801364 23.302358511219854 7.1504919247193772 0.098749200503031417 -0.60086608926455187 3.0463492886586625 -0.31273475238617432 -4.3506681691516524 0.21852226799184626 -2.4169302013185288
leaf_weight=275 23 22 39 30 22 47 22 22 27
leaf_count=275 23 22 39 30 22 47 22 22 27
internal_value=0 -1.0592 2.642 -1.56655 -0.24573 0.758278 -2.08826 -1.92067 -1.46111
internal_weight=0 506 61 445 126 69 319 297 57
internal_count=529 506 61 445 126 69 319 297 57
is_linear=0
shrinkage=0.1


Tree=16
num_leaves=10
num_cat=0
split_feature=58 50 39 15 98 30 78 13 0
split_gain=1.18503e+06 73502.2 48987.2 26842.4 25489.1 25477.4 15913.9 9670.6 4113.27
threshold=278.50000000000006 141.50000000000003 2.0816681711721688e-16 90.000000000000014 64.500000000000014 96.500000000000014 -0.36497975708502023 43.500000000000007 49.500000000000007
decision_type=2 2 2 2 2 2 2 2 2
left_child=1 3 -3 4 8 -4 -7 -6 -1
right_child=-2 2 5 -5 7 6 -8 -9 -10
leaf_value=-2.0644008991109777 22.199785510353422 5.06535179813703 -1.9387524569034575 -4.9106075572967534 2.0800802653486077 -0.68593296419296956 2.3378235171670503 -0.62661726547010022 -1.0586443640899901
leaf_weight=239 23 24 40 25 22 28 46 33 49
leaf_count=239 23 24 40 25 22 28 46 33 49
internal_value=0 -1.00908 0.959073 -1.74714 -1.51657 0.0945935 1.1937 0.456062 -1.89328
internal_weight=0 506 138 368 343 114 74 55 288
internal_count=529 506 138 368 343 114 74 55 288
is_linear=0
shrinkage=0.1


Tree=17
num_leaves=9
num_cat=0
split_feature=49 48 97 81 101 98 82 85
split_gain=1.07738e+06 75256 76735.1 69916.4 30359.7 13549.2 20712.8 6608.84
threshold=315.00000000000006 116.50000000000001 90.000000000000014 1.5238782047862809 74.500000000000014 92.500000000000014 1.0883116870633163 0.020426410361618356
decision_type=2 2 2 2 2 2 2 2
left_child=1 2 4 5 7 -3 -7 -1
right_child=-2 3 -4 -5 -6 6 -8 -9
leaf_value=-1.8387680535204709 21.66454016945579 -1.4209375580420367 -7.3475545807318259 6.2190488908601846 1.5340223578044347 2.5054335317264003 -1.3892368110743436 -0.84191277091917793
leaf_weight=240 22 37 22 23 35 36 22 92
leaf_count=240 22 37 22 23 35 36 22 92
internal_value=0 -0.940079 -1.61109 1.272 -1.26722 0.0742917 1.02814 -1.56253
internal_weight=0 507 389 118 367 95 58 332
internal_count=529 507 389 118 367 95 58 332
is_linear=0
shrinkage=0.1


Tree=18
num_leaves=7
num_cat=0
split_feature=65 53 52 98 3 73
split_gain=999396 65911.8 85422.2 19242.9 16047.8 3755.71
threshold=289.24484962549008 87.681240867131933 219.50000000000003 54.500000000000007 79.000000000000014 8.5000000000000018
decision_type=2 2 2 2 2 2
left_child=1 2 3 5 -5 -1
right_child=-2 -3 -4 4 -6 -7
leaf_value=-1.6545594705019884 20.865731581774625 -6.1358331410781197 3.710029526454647 0.66297506404959639 -2.0004014058907829 -0.84241363373962619
leaf_weight=247 22 23 41 92 30 74
leaf_count=247 22 23 41 92 30 74
internal_value=0 -0.905416 -0.656863 -1.06102 0.00804642 -1.46734
internal_weight=0 507 484 443 122 321
internal_count=529 507 484 443 122 321
is_linear=0
shrinkage=0.1


Tree=19
num_leaves=9
num_cat=0
split_feature=5 53 100 101 61 52 89 7
split_gain=886338 57487.3 84941 23912.7 10229.8 15895.1 9362.83 4425.71
threshold=466.00000000000006 87.681240867131933 5260.5000000000009 155.50000000000003 54.015996990914026 68.250000000000014 -0.39826417195808589 30.500000000000004
decision_type=2 2 2 2 2 2 2 2
left_child=1 2 4 6 5 -1 -4 -6
right_child=-2 -3 3 -5 7 -7 -8 -9
leaf_value=-1.3106665656021781 19.650083469260824 -5.7373968912207562 2.8524799715388909 5.1579403903173366 -1.6205250740051271 0.4189663380613694 0.1364586067199707 -3.4510710086822516
leaf_weight=291 22 23 22 23 28 65 30 25
leaf_count=291 22 23 22 23 28 65 30 25
internal_value=0 -0.852666 -0.620541 2.47308 -1.18783 -0.994863 1.28554 -2.48399
internal_weight=0 507 484 75 409 356 52 53
internal_count=529 507 484 75 409 356 52 53
is_linear=0
shrinkage=0.1


Tree=20
num_leaves=7
num_cat=0
split_feature=73 92 62 50 95 100
split_gain=845447 35044.2 51058.9 30758.7 22709.2 26131.5
threshold=162.50000000000003 119.71704234972678 129.50000000000003 268.50000000000006 186.00000000000003 5459.5000000000009
decision_type=2 2 2 2 2 2
left_child=1 2 4 -4 5 -1
right_child=-2 -3 3 -5 -6 -7
leaf_value=-1.0274290549563851 18.751094755919084 -4.0030199079802546 0.13049961649454558 5.2110022143884143 -4.0376844489056136 2.1398086990628924
leaf_weight=374 23 33 26 22 23 28
leaf_count=374 23 33 26 22 23 28
internal_value=0 -0.852322 -0.632506 2.45906 -0.981672 -0.806825
internal_weight=0 506 473 48 425 402
internal_count=529 506 473 48 425 402
is_linear=0
shrinkage=0.1


Tree=21
num_leaves=9
num_cat=0
split_feature=49 1 100 89 89 61 52 3
split_gain=719621 99149.3 45182.1 23603.8 12893.7 8397.97 10025.3 2900.39
threshold=285.50000000000006 359.50000000000006 5067.0000000000009 -0.27074189844776242 0.64414586362405124 54.015996990914026 68.250000000000014 20.500000000000004
decision_type=2 2 2 2 2 2 2 2
left_child=1 2 5 -4 -5 6 -1 -7
right_child=-2 -3 3 4 -6 7 -8 -9
leaf_value=-1.0771136996729684 15.601410073041917 -7.4361434763128109 3.4975226561228432 -1.6670076182620095 1.7566606651652945 -1.4776457691192628 0.34295229335625965 -3.0166889443993572
leaf_weight=290 28 22 36 22 22 25 60 24
leaf_count=290 28 22 36 22 22 25 60 24
internal_value=0 -0.871935 -0.570447 1.59854 0.0448265 -1.00533 -0.833674 -2.23146
internal_weight=0 501 479 80 44 399 350 49
internal_count=529 501 479 80 44 399 350 49
is_linear=0
shrinkage=0.1


Tree=22
num_leaves=8
num_cat=0
split_feature=5 97 101 89 83 103 29
split_gain=685351 79792.7 43599 23140.2 6514.61 6708.02 3741.78
threshold=466.00000000000006 153.00000000000003 100.50000000000001 0.093399895515128353 -0.80816281628907805 47.500000000000007 279.00000000000006
decision_type=2 2 2 2 2 2 2
left_child=1 2 4 -4 6 -6 -1
right_child=-2 -3 3 -5 5 -7 -8
leaf_value=-1.194235801076889 17.279108089750462 -6.6400810631838709 3.3916666567325593 -0.21615210641175508 -1.0570683115986841 -0.049206045877933507 -2.5821131374524988
leaf_weight=125 22 22 40 32 140 125 23
leaf_count=125 22 22 40 32 140 125 23
internal_value=0 -0.749784 -0.482595 1.78819 -0.878471 -0.581662 -1.40992
internal_weight=0 507 485 72 413 265 148
internal_count=529 507 485 72 413 265 148
is_linear=0
shrinkage=0.1


Tree=23
num_leaves=9
num_cat=0
split_feature=75 96 101 89 71 101 83 45
split_gain=667930 59704 25670.7 8032.35 4262.07 4241.59 3849.5 2849.23
threshold=253.50000000000003 413.50000000000006 74.500000000000014 -0.46230483047980925 2.5000000000000004 41.500000000000007 2.3141514968068004 0.99999999999999922
decision_type=2 2 2 2 2 2 2 2
left_child=1 2 4 -4 7 -6 -5 -1
right_child=-2 -3 3 6 5 -7 -8 -9
leaf_value=-0.21818368524545806 16.666675194450047 -5.625508399804434 2.1265990391776373 0.90407930106827716 -0.72192464171319592 0.62011487676251331 -0.80363589741966956 -1.2255597378228951
leaf_weight=32 23 24 37 33 98 31 22 229
leaf_count=32 23 24 37 33 98 31 22 229
internal_value=0 -0.757576 -0.515189 0.987378 -0.869641 -0.399419 0.220993 -1.10205
internal_weight=0 506 482 92 390 129 55 261
internal_count=529 506 482 92 390 129 55 261
is_linear=0
shrinkage=0.1


Tree=24
num_leaves=7
num_cat=0
split_feature=10 53 101 74 79 7
split_gain=597100 82687.6 39822.4 9345.9 11842.7 9426.3
threshold=710.50000000000011 87.681240867131933 155.50000000000003 -0.33100233100233095 74.000000000000014 39.500000000000007
decision_type=2 2 2 2 2 2
left_child=1 2 3 5 -5 -1
right_child=-2 -3 -4 4 -6 -7
leaf_value=-0.87277990441820386 16.128286370364105 -6.6960403377359574 3.4590302689075472 -0.50120802629064387 1.6318463592693726 -2.7927747495712776
leaf_weight=146 22 22 25 254 29 31
leaf_count=146 22 22 25 254 29 31
internal_value=0 -0.699847 -0.427854 -0.639098 -0.282626 -1.20905
internal_weight=0 507 485 460 283 177
internal_count=529 507 485 460 283 177
is_linear=0
shrinkage=0.1


Tree=25
num_leaves=8
num_cat=0
split_feature=73 2 101 6 102 40 103
split_gain=543362 68526.5 16846.9 7287.15 8451.92 4667.43 4181.09
threshold=162.50000000000003 546.00000000000011 83.000000000000014 266.50000000000006 25.500000000000004 349.00000000000006 47.500000000000007
decision_type=2 2 2 2 2 2 2
left_child=1 2 5 4 -4 6 -1
right_child=-2 -3 3 -5 -6 -7 -8
leaf_value=-0.90114585158161153 15.032393733314846 -6.1416920445182113 0.48420515616734827 -0.2904274609176043 3.0647261868823659 -2.0340180625021458 -0.21914769119436017
leaf_weight=220 23 22 30 35 22 25 152
leaf_count=220 23 22 30 35 22 25 152
internal_value=0 -0.683291 -0.435181 0.825117 1.57596 -0.711368 -0.62248
internal_weight=0 506 484 87 52 397 372
internal_count=529 506 484 87 52 397 372
is_linear=0
shrinkage=0.1


Tree=26
num_leaves=8
num_cat=0
split_feature=65 1 101 41 77 104 57
split_gain=512704 100031 11542.7 15842.9 22725.1 2673.96 4275.61
threshold=289.24484962549008 310.00000000000006 41.500000000000007 1.5000000000000007 164.00000000000003 11.500000000000004 37.531766783802318
decision_type=2 2 2 2 2 2 2
left_child=1 2 5 -4 -5 6 -1
right_child=-2 -3 3 4 -6 -7 -8
leaf_value=-0.65492879670901116 14.945071515170012 -7.0920155069102409 2.4729225619085904 0.50794810090746201 -2.9626104562178903 0.31320115542411808 -2.0734513826992202
leaf_weight=279 22 23 29 105 23 25 23
leaf_count=279 22 23 29 105 23 25 23
internal_value=0 -0.648504 -0.342304 0.362479 -0.115668 -0.680687 -0.762962
internal_weight=0 507 484 157 128 327 302
internal_count=529 507 484 157 128 327 302
is_linear=0
shrinkage=0.1


Tree=27
num_leaves=8
num_cat=0
split_feature=103 2 101 86 36 40 80
split_gain=461112 92285.9 13893.1 13098.2 10702.4 4126.5 3390.85
threshold=902.00000000000011 467.00000000000006 83.000000000000014 -0.35846811432664205 92.500000000000014 349.00000000000006 -0.58055555555555549
decision_type=2 2 2 2 2 2 2
left_child=1 2 5 -4 -5 6 -1
right_child=-2 -3 3 4 -6 -7 -8
leaf_value=-0.87073612427100167 13.847981656115989 -6.9638276316902861 2.2253528319500591 -1.6707639547494744 1.1984859196039348 -1.8957134267558222 -0.25889796250396307
leaf_weight=156 23 22 37 26 26 23 216
leaf_count=156 23 22 37 26 26 23 216
internal_value=0 -0.629454 -0.341528 0.787178 -0.236139 -0.595844 -0.515475
internal_weight=0 506 484 89 52 395 372
internal_count=529 506 484 89 52 395 372
is_linear=0
shrinkage=0.1


Tree=28
num_leaves=6
num_cat=0
split_feature=8 56 98 97 98
split_gain=430275 95177 29463 9784.69 10963.7
threshold=478.00000000000006 305.00000000000006 185.50000000000003 90.000000000000014 100.50000000000001
decision_type=2 2 2 2 2
left_child=1 2 3 4 -1
right_child=-2 -3 -4 -5 -6
leaf_value=-0.5452941641106438 13.376934915003568 -6.8929719017899558 3.2664705327965997 -2.4452638869484264 1.0714371293149096
leaf_weight=390 23 23 22 24 47
leaf_count=390 23 23 22 24 47
internal_value=0 -0.608043 -0.30876 -0.479379 -0.371412
internal_weight=0 506 483 461 437
internal_count=529 506 483 461 437
is_linear=0
shrinkage=0.1


Tree=29
num_leaves=6
num_cat=0
split_feature=75 96 103 85 77
split_gain=400984 89703 11832.4 6612.79 8721.47
threshold=253.50000000000003 413.50000000000006 511.50000000000006 0.96633974041180493 108.50000000000001
decision_type=2 2 2 2 2
left_child=1 2 3 4 -1
right_child=-2 -3 -4 -5 -6
leaf_value=-0.43640759958581277 12.913586056750754 -6.5538457641998935 1.9757088796658948 -2.0899912498214031 1.3036107563203381
leaf_weight=407 23 24 22 22 31
leaf_count=407 23 24 22 22 31
internal_value=0 -0.586981 -0.289876 -0.39823 -0.313256
internal_weight=0 506 482 460 438
internal_count=529 506 482 460 438
is_linear=0
shrinkage=0.1


Tree=30
num_leaves=6
num_cat=0
split_feature=9 54 52 97 100
split_gain=379273 131056 20845.6 8641.25 7317.71
threshold=466.00000000000006 303.00000000000006 224.75000000000003 88.500000000000014 3974.0000000000005
decision_type=2 2 2 2 2
left_child=1 2 3 4 -1
right_child=-2 -3 -4 -5 -6
leaf_value=-0.46280147555208695 12.854070498726585 -8.1066639629277315 2.0331842058583312 -2.2942854435547537 0.78335522206293218
leaf_weight=370 22 22 38 23 54
leaf_count=370 22 22 38 23 54
internal_value=0 -0.55777 -0.215346 -0.406496 -0.304093
internal_weight=0 507 485 447 424
internal_count=529 507 485 447 424
is_linear=0
shrinkage=0.1


Tree=31
num_leaves=6
num_cat=0
split_feature=49 96 65 4 18
split_gain=362042 84442.9 15350.5 13721.7 4088.72
threshold=315.00000000000006 572.00000000000011 233.74756433932612 214.50000000000003 27.000000000000004
decision_type=2 2 2 2 2
left_child=1 2 3 4 -1
right_child=-2 -3 -4 -5 -6
leaf_value=-0.77903366705957255 12.55868420275775 -6.6044591210105201 -2.8509781165556478 1.6228745876252653 -0.10661990617988759
leaf_weight=131 22 22 22 40 292
leaf_count=131 22 22 22 40 292
internal_value=0 -0.544953 -0.270089 -0.147455 -0.314862
internal_weight=0 507 485 463 423
internal_count=529 507 485 463 423
is_linear=0
shrinkage=0.1


Tree=32
num_leaves=6
num_cat=0
split_feature=73 2 56 3 100
split_gain=331947 90121.5 7447.93 8348.51 6933.9
threshold=162.50000000000003 546.00000000000011 225.25000000000003 76.500000000000014 3817.0000000000005
decision_type=2 2 2 2 2
left_child=1 2 3 4 -1
right_child=-2 -3 -4 -5 -6
leaf_value=-0.39195400493148247 11.749463106238323 -6.7937208882787008 1.113940830327369 -1.9187206655740738 0.87474724048634567
leaf_weight=366 23 22 37 32 49
leaf_count=366 23 22 37 32 49
internal_value=0 -0.534067 -0.249537 -0.362397 -0.242392
internal_weight=0 506 484 447 415
internal_count=529 506 484 447 415
is_linear=0
shrinkage=0.1


Tree=33
num_leaves=7
num_cat=0
split_feature=5 55 100 89 3 100
split_gain=319640 125601 11331.5 13907.3 6781.76 4619.14
threshold=466.00000000000006 434.50000000000006 6459.5000000000009 -0.39826417195808589 60.500000000000007 3817.0000000000005
decision_type=2 2 2 2 2 2
left_child=1 2 4 -4 5 -1
right_child=-2 -3 3 -5 -6 -7
leaf_value=-0.34336815732283421 11.8003550269387 -7.9021904338489879 3.0448835134506229 -0.12058483404772623 -1.6886933846558845 0.8604350406782969
leaf_weight=357 22 22 23 35 35 35
leaf_count=357 22 22 23 35 35 35
internal_value=0 -0.512047 -0.176824 1.13469 -0.354968 -0.235886
internal_weight=0 507 485 58 427 392
internal_count=529 507 485 58 427 392
is_linear=0
shrinkage=0.1


Tree=34
num_leaves=6
num_cat=0
split_feature=75 1 0 96 103
split_gain=292880 89361.6 6350.39 14986.2 3070.61
threshold=253.50000000000003 331.00000000000006 214.50000000000003 254.50000000000003 64.000000000000014
decision_type=2 2 2 2 2
left_child=1 2 3 4 -1
right_child=-2 -3 -4 -5 -6
leaf_value=-0.41278847684859071 11.036418044048808 -6.7348615407943733 0.94168438786684083 -2.875468247587031 0.1431101554337843
leaf_weight=257 23 22 43 22 162
leaf_count=257 23 22 43 22 162
internal_value=0 -0.501655 -0.218328 -0.331436 -0.197859
internal_weight=0 506 484 441 419
internal_count=529 506 484 441 419
is_linear=0
shrinkage=0.1


Tree=35
num_leaves=6
num_cat=0
split_feature=10 53 98 97 79
split_gain=287050 109287 10395.2 12739.3 6321.88
threshold=710.50000000000011 87.681240867131933 185.50000000000003 95.500000000000014 74.000000000000014
decision_type=2 2 2 2 2
left_child=1 2 3 4 -1
right_child=-2 -3 -4 -5 -6
leaf_value=-0.26812903617465234 11.182625435699116 -7.3787306330420748 1.7342127137713963 -2.6328158497810366 1.2600361955063097
leaf_weight=407 22 22 27 22 29
leaf_count=407 22 22 27 22 29
internal_value=0 -0.485242 -0.172548 -0.284955 -0.166485
internal_weight=0 507 485 458 436
internal_count=529 507 485 458 436
is_linear=0
shrinkage=0.1


Tree=36
num_leaves=6
num_cat=0
split_feature=49 79 6 101 79
split_gain=260200 141751 21460.2 16142.5 4407.56
threshold=285.50000000000006 180.50000000000003 394.00000000000006 138.00000000000003 74.000000000000014
decision_type=2 2 2 2 2
left_child=1 2 3 4 -1
right_child=-2 -3 -4 -5 -6
leaf_value=-0.21720991758095504 9.3813479627881744 -8.0232036143541343 -2.9990536289215086 2.4297328417117781 1.1513441622257232
leaf_weight=401 28 24 25 26 25
leaf_count=401 28 24 25 26 25
internal_value=0 -0.524307 -0.147004 0.0107422 -0.136896
internal_weight=0 501 477 452 426
internal_count=529 501 477 452 426
is_linear=0
shrinkage=0.1


Tree=37
num_leaves=6
num_cat=0
split_feature=103 70 70 3 97
split_gain=250171 89425.9 10863.1 11046.9 3881.05
threshold=902.00000000000011 317.00378587380413 235.25489387613155 79.000000000000014 48.500000000000007
decision_type=2 2 2 2 2
left_child=1 2 3 4 -1
right_child=-2 -3 -4 -5 -6
leaf_value=-0.25924871743999817 10.200052649041881 -6.6990892431952735 1.8497659759521483 -2.0534056723117828 0.7132935792470918
leaf_weight=380 23 22 25 33 46
leaf_count=380 23 22 25 33 46
internal_value=0 -0.463639 -0.180209 -0.290774 -0.154232
internal_weight=0 506 484 459 426
internal_count=529 506 484 459 426
is_linear=0
shrinkage=0.1


Tree=38
num_leaves=6
num_cat=0
split_feature=75 96 79 51 48
split_gain=228639 91008.4 6065.34 5219.63 5318.25
threshold=253.50000000000003 413.50000000000006 74.000000000000014 133.50000000000003 203.00000000000003
decision_type=2 2 2 2 2
left_child=1 2 3 4 -1
right_child=-2 -3 -4 -5 -6
leaf_value=-0.27401055814410302 9.7512102458788021 -6.4533612256248789 1.0194292278551476 -1.753539880839261 1.087103650646825
leaf_weight=388 23 24 41 22 31
leaf_count=388 23 24 41 22 31
internal_value=0 -0.443237 -0.143978 -0.25214 -0.173308
internal_weight=0 506 482 441 419
internal_count=529 506 482 441 419
is_linear=0
shrinkage=0.1


Tree=39
num_leaves=6
num_cat=0
split_feature=10 53 70 3 40
split_gain=224205 97107 7151.52 9391.37 3450.88
threshold=710.50000000000011 87.681240867131933 241.0774153159727 90.000000000000014 231.50000000000003
decision_type=2 2 2 2 2
left_child=1 2 3 4 -1
right_child=-2 -3 -4 -5 -6
leaf_value=-0.015978240278153134 9.882963249087334 -6.9268639022653762 1.5130748682022095 -2.2397073268890382 -0.86305145315148624
leaf_weight=383 22 22 25 22 55
leaf_count=383 22 22 25 22 55
internal_value=0 -0.428847 -0.134091 -0.223611 -0.122346
internal_weight=0 507 485 460 438
internal_count=529 507 485 460 438
is_linear=0
shrinkage=0.1


Tree=40
num_leaves=6
num_cat=0
split_feature=73 2 6 56 51
split_gain=197815 101265 5092.91 8608.36 5340.7
threshold=162.50000000000003 546.00000000000011 350.50000000000011 225.25000000000003 125.50000000000001
decision_type=2 2 2 2 2
left_child=1 2 3 4 -1
right_child=-2 -3 -4 -5 -6
leaf_value=-0.054837181322651807 9.070132444215858 -7.0476456707174124 -1.562938786589581 1.8921111526814376 -1.6534814040769232
leaf_weight=417 23 22 23 22 22
leaf_count=417 23 22 23 22 22
internal_value=0 -0.412279 -0.110671 -0.0382153 -0.134951
internal_weight=0 506 484 461 439
internal_count=529 506 484 461 439
is_linear=0
shrinkage=0.1


Tree=41
num_leaves=6
num_cat=0
split_feature=5 55 103 96 96
split_gain=204307 122032 6711.45 6121.5 3317.69
threshold=466.00000000000006 434.50000000000006 433.00000000000006 254.50000000000003 182.00000000000003
decision_type=2 2 2 2 2
left_child=1 2 3 4 -1
right_child=-2 -3 -4 -5 -6
leaf_value=-0.18969891428608787 9.4342363346706737 -7.6937458125027751 1.1790264373406385 -1.6203844936830656 0.72830302579836415
leaf_weight=374 22 22 39 28 44
leaf_count=374 22 22 39 28 44
internal_value=0 -0.409375 -0.0789501 -0.188953 -0.0930671
internal_weight=0 507 485 446 418
internal_count=529 507 485 446 418
is_linear=0
shrinkage=0.1


Tree=42
num_leaves=6
num_cat=0
split_feature=8 57 79 9 102
split_gain=183856 96461 11270.1 5936.04 3160.4
threshold=478.00000000000006 84.104799828291874 78.000000000000014 145.50000000000003 20.500000000000004
decision_type=2 2 2 2 2
left_child=1 2 3 4 -1
right_child=-2 -3 -4 -5 -6
leaf_value=-0.1737502523857421 8.7442373234292727 -5.8972223409016928 1.6252275840857544 -1.4041769269350413 0.76294814482331275
leaf_weight=362 23 30 37 37 40
leaf_count=362 23 30 37 37 40
internal_value=0 -0.397465 -0.050842 -0.192105 -0.0805464
internal_weight=0 506 476 439 402
internal_count=529 506 476 439 402
is_linear=0
shrinkage=0.1


Tree=43
num_leaves=6
num_cat=0
split_feature=75 9 4 96 65
split_gain=181840 104687 4624.28 4859.99 2836.26
threshold=253.50000000000003 331.00000000000006 214.50000000000003 254.50000000000003 53.111083761663544
decision_type=2 2 2 2 2
left_child=1 2 3 4 -1
right_child=-2 -3 -4 -5 -6
leaf_value=0.083020310800753921 8.6961773747983191 -6.3382745751312806 0.94212259137353238 -1.4985603276491166 -0.53808375975737976
leaf_weight=314 23 28 43 25 96
leaf_count=314 23 28 43 25 96
internal_value=0 -0.395281 -0.0471556 -0.144946 -0.0624089
internal_weight=0 506 478 435 410
internal_count=529 506 478 435 410
is_linear=0
shrinkage=0.1


Tree=44
num_leaves=6
num_cat=0
split_feature=49 96 65 103 92
split_gain=169778 111860 9368.7 7406.15 2698.55
threshold=315.00000000000006 572.00000000000011 233.74756433932612 448.00000000000006 94.130341880341902
decision_type=2 2 2 2 2
left_child=1 2 3 4 -1
right_child=-2 -3 -4 -5 -6
leaf_value=0.42249466860562229 8.6001419316638614 -7.3473703731190074 -2.0730934056368744 1.5320025071021051 -0.19547236925181077
leaf_weight=89 22 22 22 31 343
leaf_count=89 22 22 22 31 343
internal_value=0 -0.373182 -0.0568268 0.0389786 -0.0681597
internal_weight=0 507 485 463 432
internal_count=529 507 485 463 432
is_linear=0
shrinkage=0.1


Tree=45
num_leaves=6
num_cat=0
split_feature=5 55 49 95 57
split_gain=161112 102024 5330.95 5125.77 5405.09
threshold=466.00000000000006 434.50000000000006 222.50000000000003 182.50000000000003 57.679325672902593
decision_type=2 2 2 2 2
left_child=1 2 3 4 -1
right_child=-2 -3 -4 -5 -6
leaf_value=0.013939633179346428 8.3777884916825727 -7.0240376472473152 -1.5823416444388303 1.2980294260485419 -1.4731239614578395
leaf_weight=408 22 22 22 29 26
leaf_count=408 22 22 22 29 26
internal_value=0 -0.363533 -0.0614072 0.0108618 -0.0751471
internal_weight=0 507 485 463 434
internal_count=529 507 485 463 434
is_linear=0
shrinkage=0.1


Tree=46
num_leaves=6
num_cat=0
split_feature=73 2 49 48 10
split_gain=165632 97581 4178.89 4451.04 5077.74
threshold=162.50000000000003 546.00000000000011 222.50000000000003 223.50000000000003 338.00000000000006
decision_type=2 2 2 2 2
left_child=1 2 3 4 -1
right_child=-2 -3 -4 -5 -6
leaf_value=-0.0048711849609389905 8.2995697270268973 -6.8908165281469174 -1.4277164014902981 1.3710505956953223 -1.5007950077454248
leaf_weight=416 23 22 22 22 24
leaf_count=416 23 22 22 22 24
internal_value=0 -0.377253 -0.0811821 -0.0170614 -0.086467
internal_weight=0 506 484 462 440
internal_count=529 506 484 462 440
is_linear=0
shrinkage=0.1


Tree=47
num_leaves=6
num_cat=0
split_feature=10 79 63 9 51
split_gain=150734 81690.3 6028.19 8003.39 4336.2
threshold=710.50000000000011 180.50000000000003 478.00000000000006 186.00000000000003 125.50000000000001
decision_type=2 2 2 2 2
left_child=1 2 3 4 -1
right_child=-2 -3 -4 -5 -6
leaf_value=0.014737520146283132 8.1034609621221367 -6.1745398562887441 1.4372715797424318 -1.9753512863231741 -1.368011973798275
leaf_weight=412 22 23 25 23 24
leaf_count=412 22 23 25 23 24
internal_value=0 -0.351629 -0.0749209 -0.157284 -0.0613771
internal_weight=0 507 484 459 436
internal_count=529 507 484 459 436
is_linear=0
shrinkage=0.1


Tree=48
num_leaves=6
num_cat=0
split_feature=75 9 4 53 100
split_gain=146305 93230.5 5055.38 5828.7 2470.26
threshold=253.50000000000003 331.00000000000006 249.00000000000003 47.022600948905456 2763.0000000000005
decision_type=2 2 2 2 2
left_child=1 2 3 4 -1
right_child=-2 -3 -4 -5 -6
leaf_value=-0.16126023023839919 7.8003214089766786 -5.9629559821316178 1.3031004012734801 -1.530224641164144 0.3831438125127502
leaf_weight=310 23 28 27 27 114
leaf_count=310 23 28 27 27 114
internal_value=0 -0.35456 -0.0260348 -0.105606 -0.0148874
internal_weight=0 506 478 451 424
internal_count=529 506 478 451 424
is_linear=0
shrinkage=0.1


Tree=49
num_leaves=6
num_cat=0
split_feature=9 54 0 57 79
split_gain=133773 103060 8594.7 9327.45 4975.03
threshold=466.00000000000006 303.00000000000006 257.00000000000006 68.157999378219642 78.000000000000014
decision_type=2 2 2 2 2
left_child=1 2 3 4 -1
right_child=-2 -3 -4 -5 -6
leaf_value=-0.093885353930811433 7.6339351762424812 -7.0254948659376666 1.9035844114693727 -2.0825114207423252 1.4489679358222269
leaf_weight=418 22 22 22 23 22
leaf_count=418 22 22 22 23 22
internal_value=0 -0.331256 -0.0275994 -0.119362 -0.0167427
internal_weight=0 507 485 463 440
internal_count=529 507 485 463 440
is_linear=0
shrinkage=0.1


Tree=50
num_leaves=6
num_cat=0
split_feature=71 1 65 70 3
split_gain=131679 85167.3 6497.49 7463.44 4525.8
threshold=95.000000000000014 393.50000000000006 228.26999627158258 241.0774153159727 48.500000000000007
decision_type=2 2 2 2 2
left_child=1 2 3 4 -1
right_child=-2 -3 -4 -5 -6
leaf_value=0.04948612830307661 7.4001826410708222 -6.4215389771894982 -1.738807957280766 1.6660868463894496 -0.89239136571601285
leaf_weight=377 23 22 22 26 59
leaf_count=377 23 22 22 26 59
internal_value=0 -0.336372 -0.0597734 0.0201806 -0.0779698
internal_weight=0 506 484 462 436
internal_count=529 506 484 462 436
is_linear=0
shrinkage=0.1


Tree=51
num_leaves=6
num_cat=0
split_feature=58 56 70 97 79
split_gain=133284 82046.3 7613.37 8629.96 3225.98
threshold=278.50000000000006 296.50000000000006 225.41069304335659 90.000000000000014 61.500000000000014
decision_type=2 2 2 2 2
left_child=1 2 3 4 -1
right_child=-2 -3 -4 -5 -6
leaf_value=-0.11003074090143568 7.4451283454895023 -5.9238461508750921 1.6879632365579409 -1.9085712011043843 0.93350610202178363
leaf_weight=399 23 25 24 26 32
leaf_count=399 23 25 24 26 32
internal_value=0 -0.338415 -0.0481119 -0.139284 -0.0325524
internal_weight=0 506 481 457 431
internal_count=529 506 481 457 431
is_linear=0
shrinkage=0.1


Tree=52
num_leaves=6
num_cat=0
split_feature=49 79 6 61 85
split_gain=120247 121571 10331.1 8551.47 2367.85
threshold=285.50000000000006 180.50000000000003 394.00000000000006 101.34420488342775 0.59003219687535002
decision_type=2 2 2 2 2
left_child=1 2 3 4 -1
right_child=-2 -3 -4 -5 -6
leaf_value=-0.11921927573667834 6.3774736302239559 -7.301052339871724 -1.9858595485687258 2.0254162799228324 0.45075505471197508
leaf_weight=337 28 24 25 22 93
leaf_count=337 28 24 25 22 93
internal_value=0 -0.356426 -0.0070105 0.102439 0.00405424
internal_weight=0 501 477 452 430
internal_count=529 501 477 452 430
is_linear=0
shrinkage=0.1


Tree=53
num_leaves=6
num_cat=0
split_feature=103 57 79 96 78
split_gain=118864 73813.8 7050.05 4928.27 2572.12
threshold=902.00000000000011 84.104799828291874 78.000000000000014 254.50000000000003 24.136363636363644
decision_type=2 2 2 2 2
left_child=1 2 3 4 -1
right_child=-2 -3 -4 -5 -6
leaf_value=0.044401573184235349 7.0308687458867611 -5.0473880983168087 1.3343010981877645 -1.2777438713347211 -0.94899627566337585
leaf_weight=377 23 31 36 34 28
leaf_count=377 23 31 36 34 28
internal_value=0 -0.319585 -0.0110336 -0.121357 -0.0242778
internal_weight=0 506 475 439 405
internal_count=529 506 475 439 405
is_linear=0
shrinkage=0.1


Tree=54
num_leaves=7
num_cat=0
split_feature=73 2 49 100 2 42
split_gain=110527 84824.6 4311.03 4032.76 6544.68 2737
threshold=162.50000000000003 546.00000000000011 222.50000000000003 6459.5000000000009 295.00000000000006 338.00000000000006
decision_type=2 2 2 2 2 2
left_child=1 2 3 5 -5 -1
right_child=-2 -3 -4 4 -6 -7
leaf_value=0.030913259353684754 6.779818037281867 -6.3810859983617618 -1.3997903933579272 2.0683549771706264 -0.267004290347298 -0.73865349191539698
leaf_weight=361 23 22 22 24 24 53
leaf_count=361 23 22 22 24 24 53
internal_value=0 -0.308174 -0.0321321 0.0329945 0.900675 -0.0676062
internal_weight=0 506 484 462 48 414
internal_count=529 506 484 462 48 414
is_linear=0
shrinkage=0.1


Tree=55
num_leaves=6
num_cat=0
split_feature=10 97 63 53 81
split_gain=116191 76618.4 6939.95 6154.57 2780.47
threshold=710.50000000000011 153.00000000000003 478.00000000000006 47.022600948905456 7.9577922025980357
decision_type=2 2 2 2 2
left_child=1 2 3 4 -1
right_child=-2 -3 -4 -5 -6
leaf_value=0.037223106360039379 7.1146038163792005 -6.0806652459231287 1.5757176948785783 -1.5199065810752412 -0.89272918113640376
leaf_weight=395 22 22 25 30 35
leaf_count=395 22 22 25 30 35
internal_value=0 -0.30872 -0.0469003 -0.135086 -0.0384707
internal_weight=0 507 485 460 430
internal_count=529 507 485 460 430
is_linear=0
shrinkage=0.1


Tree=56
num_leaves=6
num_cat=0
split_feature=75 9 61 49 61
split_gain=100156 76761 5998.4 5183.58 3124.29
threshold=253.50000000000003 331.00000000000006 107.4579623940712 222.50000000000003 59.546157388777893
decision_type=2 2 2 2 2
left_child=1 2 3 4 -1
right_child=-2 -3 -4 -5 -6
leaf_value=0.087080481144750782 6.453891783175262 -5.3823310563606874 1.4248793116637639 -1.5806148347529501 -0.78526251192974017
leaf_weight=382 23 28 28 22 46
leaf_count=382 23 28 28 22 46
internal_value=0 -0.293359 0.00474009 -0.0836241 -0.00667601
internal_weight=0 506 478 450 428
internal_count=529 506 478 450 428
is_linear=0
shrinkage=0.1


Tree=57
num_leaves=6
num_cat=0
split_feature=5 55 7 97 99
split_gain=103585 90322.9 3712.05 5982.6 2697.73
threshold=466.00000000000006 434.50000000000006 122.00000000000001 90.000000000000014 11.500000000000002
decision_type=2 2 2 2 2
left_child=1 2 3 4 -1
right_child=-2 -3 -4 -5 -6
leaf_value=-0.0403890327299379 6.7175731463865809 -6.5584177624095581 1.26193677241152 -1.4843623110226223 0.99173509588948017
leaf_weight=408 22 22 22 28 27
leaf_count=408 22 22 22 28 27
internal_value=0 -0.291492 -0.00721941 -0.0675249 0.0236738
internal_weight=0 507 485 463 435
internal_count=529 507 485 463 435
is_linear=0
shrinkage=0.1


Tree=58
num_leaves=6
num_cat=0
split_feature=8 53 70 3 97
split_gain=93134.1 70247 7065.64 8514.64 2877.93
threshold=478.00000000000006 80.610173055266344 241.0774153159727 79.000000000000014 43.500000000000007
decision_type=2 2 2 2 2
left_child=1 2 3 4 -1
right_child=-2 -3 -4 -5 -6
leaf_value=-0.089053951146121579 6.2235446929931646 -5.8093862181360079 1.6788810190947161 -1.5509009903983066 0.68648711995645006
leaf_weight=368 23 22 23 38 55
leaf_count=368 23 22 23 38 55
internal_value=0 -0.282888 -0.031684 -0.117027 0.0117847
internal_weight=0 506 484 461 423
internal_count=529 506 484 461 423
is_linear=0
shrinkage=0.1


Tree=59
num_leaves=7
num_cat=0
split_feature=71 1 65 100 53 55
split_gain=99199.3 80260.5 4475.58 5836.01 9078.61 6164.23
threshold=95.000000000000014 393.50000000000006 228.26999627158258 6459.5000000000009 30.405591591021537 193.50000000000003
decision_type=2 2 2 2 2 2
left_child=1 2 3 5 -5 -1
right_child=-2 -3 -4 4 -6 -7
leaf_value=0.012134053124129164 6.4229976094287382 -6.1992255080829972 -1.4169576384804465 -0.15392667667733298 2.5826934928243812 -1.7082076376134698
leaf_weight=391 23 22 22 27 22 22
leaf_count=391 23 22 22 27 22 22
internal_value=0 -0.291954 -0.0234421 0.0429158 1.07476 -0.0795064
internal_weight=0 506 484 462 49 413
internal_count=529 506 484 462 49 413
is_linear=0
shrinkage=0.1


Tree=60
num_leaves=6
num_cat=0
split_feature=53 57 79 96 96
split_gain=86354.5 63632.9 4117.96 3827.81 2347.73
threshold=114.90485194281392 84.104799828291874 74.000000000000014 254.50000000000003 96.500000000000014
decision_type=2 2 2 2 2
left_child=1 2 3 4 -1
right_child=-2 -3 -4 -5 -6
leaf_value=-0.15662631182189005 6.1334862839091908 -4.7333475240071614 0.96039650837580359 -1.1291975755244494 0.36291541729386401
leaf_weight=276 22 30 42 32 127
leaf_count=276 22 30 42 32 127
internal_value=0 -0.266147 0.0148087 -0.0764895 0.00710024
internal_weight=0 507 477 435 403
internal_count=529 507 477 435 403
is_linear=0
shrinkage=0.1


Tree=61
num_leaves=6
num_cat=0
split_feature=6 53 10 100 0
split_gain=83319.4 67371.7 3349.43 6482.66 5410.94
threshold=710.50000000000011 84.852813742385337 338.00000000000006 6459.5000000000009 127.00000000000001
decision_type=2 2 2 2 2
left_child=1 2 3 4 -1
right_child=-2 -3 -4 -5 -6
leaf_value=0.057380735583837487 6.0247351473028017 -5.6738848266615109 -1.0046695399680174 1.2220445191704257 -1.1163306164470586
leaf_weight=366 22 22 32 43 44
leaf_count=366 22 22 32 43 44
internal_value=0 -0.261428 -0.0159149 0.0539309 -0.0685785
internal_weight=0 507 485 453 410
internal_count=529 507 485 453 410
is_linear=0
shrinkage=0.1


Tree=62
num_leaves=6
num_cat=0
split_feature=73 2 3 54 85
split_gain=84259.3 83983 2606.34 4318.4 2324.57
threshold=162.50000000000003 546.00000000000011 125.50000000000001 194.50000000000003 0.020426410361618356
decision_type=2 2 2 2 2
left_child=1 2 3 4 -1
right_child=-2 -3 -4 -5 -6
leaf_value=-0.16319079421945915 5.9195994190547783 -6.3117832769047135 1.0690094926140525 -1.3511287247141204 0.30627188544067963
leaf_weight=261 23 22 22 24 177
leaf_count=261 23 22 22 24 177
internal_value=0 -0.269073 0.00559596 -0.0450428 0.0265236
internal_weight=0 506 484 462 438
internal_count=529 506 484 462 438
is_linear=0
shrinkage=0.1


Tree=63
num_leaves=6
num_cat=0
split_feature=10 77 60 10 101
split_gain=78407 71714 5624.14 5399.17 2406.47
threshold=710.50000000000011 275.50000000000006 290.56250000000006 295.00000000000006 41.500000000000007
decision_type=2 2 2 2 2
left_child=1 2 3 4 -1
right_child=-2 -3 -4 -5 -6
leaf_value=-0.12497359496944604 5.8444317828525199 -5.8377589187838819 1.4604144626259803 -1.3541670840594078 0.42072720036462502
leaf_weight=321 22 22 25 31 108
leaf_count=321 22 22 25 31 108
internal_value=0 -0.253605 -0.000302689 -0.0796895 0.0124056
internal_weight=0 507 485 460 429
internal_count=529 507 485 460 429
is_linear=0
shrinkage=0.1


Tree=64
num_leaves=6
num_cat=0
split_feature=71 11 87 61 9
split_gain=76559.3 72376.1 6068.09 5615.3 3054.64
threshold=95.000000000000014 172.00000000000003 0.99083579680342226 146.80776431971822 174.50000000000003
decision_type=2 2 2 2 2
left_child=1 2 3 4 -1
right_child=-2 -3 -4 -5 -6
leaf_value=0.06604726646212776 5.6426435460215032 -5.8661084012551745 -1.5516615403816105 1.6383307587016713 -1.0722934997081757
leaf_weight=413 23 22 24 22 25
leaf_count=413 23 22 24 22 25
internal_value=0 -0.256484 -0.00150086 0.0793771 0.00107348
internal_weight=0 506 484 460 438
internal_count=529 506 484 460 438
is_linear=0
shrinkage=0.1


Tree=65
num_leaves=6
num_cat=0
split_feature=5 97 13 57 99
split_gain=74498.7 76133.2 3483.73 2688.04 3228.82
threshold=466.00000000000006 153.00000000000003 279.00000000000006 70.047276917925544 12.500000000000002
decision_type=2 2 2 2 2
left_child=1 2 3 4 -1
right_child=-2 -3 -4 -5 -6
leaf_value=-0.053869888390984937 5.6969062341885142 -6.0008434425700798 1.2432931488210506 -1.0531781433820724 1.1164756537079812
leaf_weight=413 22 22 22 25 25
leaf_count=413 22 22 22 25 25
internal_value=0 -0.247203 0.0137869 -0.0446346 0.0129307
internal_weight=0 507 485 463 438
internal_count=529 507 485 463 438
is_linear=0
shrinkage=0.1


Tree=66
num_leaves=6
num_cat=0
split_feature=73 2 6 56 77
split_gain=70854.8 72078.8 2723.28 5456.21 4169.26
threshold=162.50000000000003 546.00000000000011 350.50000000000011 225.25000000000003 94.500000000000043
decision_type=2 2 2 2 2
left_child=1 2 3 4 -1
right_child=-2 -3 -4 -5 -6
leaf_value=0.07855079020408362 5.4283553683239489 -5.8448325200514368 -1.0542487492217967 1.5974928490140223 -1.0174169738826
leaf_weight=401 23 22 23 22 38
leaf_count=401 23 22 23 22 38
internal_value=0 -0.246743 0.00771517 0.0606982 -0.0163166
internal_weight=0 506 484 461 439
internal_count=529 506 484 461 439
is_linear=0
shrinkage=0.1


Tree=67
num_leaves=6
num_cat=0
split_feature=6 73 101 3 97
split_gain=71203.5 66658.7 2750.84 3422.14 2983.85
threshold=710.50000000000011 131.00000000000003 142.50000000000003 79.000000000000014 46.500000000000007
decision_type=2 2 2 2 2
left_child=1 2 3 4 -1
right_child=-2 -3 -4 -5 -6
leaf_value=-0.060040952331231294 5.5694920799948955 -5.5016437172889709 0.95259785914215556 -0.94759397961390324 0.81079649234148254
leaf_weight=372 22 23 29 39 44
leaf_count=372 22 23 29 39 44
internal_value=0 -0.241674 0.00828303 -0.0519041 0.0320669
internal_weight=0 507 484 455 416
internal_count=529 507 484 455 416
is_linear=0
shrinkage=0.1


Tree=68
num_leaves=6
num_cat=0
split_feature=49 96 4 101 101
split_gain=66007.7 92994 3481.78 3029.43 3218.51
threshold=315.00000000000006 572.00000000000011 244.50000000000003 128.50000000000003 83.000000000000014
decision_type=2 2 2 2 2
left_child=1 2 3 4 -1
right_child=-2 -3 -4 -5 -6
leaf_value=-0.030153061146073787 5.3624347348104831 -6.5916034134951502 1.0473691524881306 -1.024071576339858 0.99825387524835996
leaf_weight=391 22 22 33 28 33
leaf_count=391 22 22 33 28 33
internal_value=0 -0.232689 0.0557561 -0.0166404 0.049888
internal_weight=0 507 485 452 424
internal_count=529 507 485 452 424
is_linear=0
shrinkage=0.1


Tree=69
num_leaves=6
num_cat=0
split_feature=75 65 61 2 2
split_gain=70481.5 68738.2 5256.58 5423.12 3709.03
threshold=253.50000000000003 268.90756264519331 128.28042568055011 280.00000000000006 225.00000000000003
decision_type=2 2 2 2 2
left_child=1 2 3 4 -1
right_child=-2 -3 -4 -5 -6
leaf_value=-0.043836168267934544 5.4140338275743574 -5.7129174275831751 1.5126133003018118 -1.2306892691029085 1.1888479413464665
leaf_weight=399 23 22 22 37 26
leaf_count=399 23 22 22 37 26
internal_value=0 -0.246092 0.0023996 -0.0695153 0.0315751
internal_weight=0 506 484 462 425
internal_count=529 506 484 462 425
is_linear=0
shrinkage=0.1


Tree=70
num_leaves=6
num_cat=0
split_feature=103 70 0 50 18
split_gain=63914.2 59151.4 3154.65 3920.81 2587.44
threshold=902.00000000000011 317.00378587380413 227.50000000000003 317.50000000000006 27.000000000000004
decision_type=2 2 2 2 2
left_child=1 2 3 4 -1
right_child=-2 -3 -4 -5 -6
leaf_value=-0.36879404210521066 5.1556370439736741 -5.3056374690749433 1.1138689701755842 -1.3648197465660898 0.16205075302780136
leaf_weight=131 23 22 24 22 307
leaf_count=131 23 22 24 22 307
internal_value=0 -0.234347 -0.00383392 -0.0621489 0.0032821
internal_weight=0 506 484 460 438
internal_count=529 506 484 460 438
is_linear=0
shrinkage=0.1


Tree=71
num_leaves=6
num_cat=0
split_feature=10 77 60 10 80
split_gain=62037 59017 4009.43 4551 2159.16
threshold=710.50000000000011 275.50000000000006 290.56250000000006 295.00000000000006 -0.068964952505732077
decision_type=2 2 2 2 2
left_child=1 2 3 4 -1
right_child=-2 -3 -4 -5 -6
leaf_value=-0.20001553620645254 5.1986436911604628 -5.2913376959887417 1.2375346219539642 -1.2329226429423978 0.24870226885771976
leaf_weight=217 22 22 25 31 212
leaf_count=217 22 22 25 31 212
internal_value=0 -0.225582 0.00420469 -0.0628241 0.0217285
internal_weight=0 507 485 460 429
internal_count=529 507 485 460 429
is_linear=0
shrinkage=0.1


Tree=72
num_leaves=6
num_cat=0
split_feature=73 2 3 97 78
split_gain=63717.8 67794.3 2221.68 4088.36 2269.67
threshold=162.50000000000003 546.00000000000011 125.50000000000001 85.500000000000014 24.136363636363644
decision_type=2 2 2 2 2
left_child=1 2 3 4 -1
right_child=-2 -3 -4 -5 -6
leaf_value=0.11081103557365715 5.147708075461181 -5.6631472490050578 0.9946039747108113 -1.0894052917466446 -0.82049893183367595
leaf_weight=400 23 22 22 34 28
leaf_count=400 23 22 22 34 28
internal_value=0 -0.233987 0.0127933 -0.0339596 0.0498842
internal_weight=0 506 484 462 428
internal_count=529 506 484 462 428
is_linear=0
shrinkage=0.1


Tree=73
num_leaves=6
num_cat=0
split_feature=6 73 101 3 97
split_gain=57949 57357.7 2394.12 3113.56 2315.58
threshold=710.50000000000011 131.00000000000003 142.50000000000003 79.000000000000014 46.500000000000007
decision_type=2 2 2 2 2
left_child=1 2 3 4 -1
right_child=-2 -3 -4 -5 -6
leaf_value=-0.043353380014499031 5.0244399341669954 -5.0972477185985321 0.89480346194629012 -0.89666122989012642 0.72379462502431124
leaf_weight=372 22 23 29 39 44
leaf_count=372 22 23 29 39 44
internal_value=0 -0.218023 0.0138409 -0.0423083 0.0377873
internal_weight=0 507 484 455 416
internal_count=529 507 484 455 416
is_linear=0
shrinkage=0.1


Tree=74
num_leaves=6
num_cat=0
split_feature=71 14 53 77 77
split_gain=62647 192446 42452.5 3967.47 4111.91
threshold=-85.499999999999986 524.00000000000011 64.346717087975847 135.50000000000003 98.500000000000014
decision_type=2 2 2 2 2
left_child=-1 2 3 4 -2
right_child=1 -3 -4 -5 -6
leaf_value=-4.9918595741813387 0.024653400769389572 9.3840779957446188 -4.4709678828716282 1.2253678019230183 -1.3784184646877378
leaf_weight=24 413 22 22 26 22
leaf_count=24 413 22 22 26 22
internal_value=0 0.237237 -0.179389 0.0254148 -0.0463066
internal_weight=0 505 483 461 435
internal_count=529 505 483 461 435
is_linear=0
shrinkage=0.1


Tree=75
num_leaves=6
num_cat=0
split_feature=71 13 51 50 10
split_gain=61599.4 65906.6 4432.79 11738 3060.14
threshold=95.000000000000014 422.50000000000006 111.00000000000001 249.50000000000003 295.00000000000006
decision_type=2 2 2 2 2
left_child=1 2 3 4 -1
right_child=-2 -3 -4 -5 -6
leaf_value=0.052191077520449963 5.0614135223886247 -5.5831042647361757 -0.99501580372452736 2.2090405995845797 -1.0125557514357157
leaf_weight=390 23 22 40 25 29
leaf_count=390 23 22 40 25 29
internal_value=0 -0.230064 0.0132558 0.104091 -0.0215026
internal_weight=0 506 484 444 419
internal_count=529 506 484 444 419
is_linear=0
shrinkage=0.1


Tree=76
num_leaves=6
num_cat=0
split_feature=53 1 4 96 18
split_gain=56846.3 45750.6 2781.59 4686.47 1955.53
threshold=114.90485194281392 285.50000000000006 249.00000000000003 254.50000000000003 27.000000000000004
decision_type=2 2 2 2 2
left_child=1 2 3 4 -1
right_child=-2 -3 -4 -5 -6
leaf_value=-0.27821919533665534 4.9764071754433896 -4.3870139760971076 1.0064514760787671 -1.1688119706085751 0.18354778652815346
leaf_weight=135 22 25 26 35 286
leaf_count=135 22 25 26 35 286
internal_value=0 -0.215939 0.000403309 -0.0569591 0.0354752
internal_weight=0 507 482 456 421
internal_count=529 507 482 456 421
is_linear=0
shrinkage=0.1


Tree=77
num_leaves=6
num_cat=0
split_feature=5 52 7 50 103
split_gain=53122.7 58805.2 3425.41 3199.94 1688.06
threshold=466.00000000000006 369.50000000000006 122.00000000000001 313.00000000000006 1.1858461261560207e-19
decision_type=2 2 2 2 2
left_child=1 2 3 4 -1
right_child=-2 -3 -4 -5 -6
leaf_value=-0.59111324727535253 4.8106633809479806 -5.1491508898527734 1.2451357886195185 -1.1818178841601248 0.090298810203496671
leaf_weight=40 22 23 22 23 399
leaf_count=40 22 23 22 23 399
internal_value=0 -0.208747 0.0260245 -0.0320284 0.0282112
internal_weight=0 507 484 462 439
internal_count=529 507 484 462 439
is_linear=0
shrinkage=0.1


Tree=78
num_leaves=6
num_cat=0
split_feature=29 18 53 73 56
split_gain=56843.3 180505 37106 6542.63 7045.63
threshold=466.00000000000006 506.00000000000006 87.681240867131933 -79.499999999999986 225.25000000000003
decision_type=2 2 2 2 2
left_child=1 2 3 -1 -5
right_child=-2 -3 -4 4 -6
leaf_value=-1.6394425462769426 -4.9762751535935834 9.0752478000792589 -4.1985730366273364 -0.0033005729031791507 1.7945530611535778
leaf_weight=23 22 22 22 417 23
leaf_count=23 22 22 22 417 23
internal_value=0 0.215933 -0.185933 0.00473262 0.0906781
internal_weight=0 507 485 463 440
internal_count=529 507 485 463 440
is_linear=0
shrinkage=0.1


Tree=79
num_leaves=6
num_cat=0
split_feature=73 13 51 0 73
split_gain=56557.4 58785.2 3131.07 3151.76 3325.3
threshold=162.50000000000003 422.50000000000006 133.50000000000003 267.00000000000006 -65.499999999999986
decision_type=2 2 2 2 2
left_child=1 2 3 4 -1
right_child=-2 -3 -4 -5 -6
leaf_value=-1.1893738458779726 4.8498501000197045 -5.2760178807106888 -1.1041659504175187 1.2353947455232794 0.072147495188535402
leaf_weight=22 23 22 24 22 416
leaf_count=22 23 22 24 22 416
internal_value=0 -0.220448 0.0093509 0.0674474 0.00878341
internal_weight=0 506 484 460 438
internal_count=529 506 484 460 438
is_linear=0
shrinkage=0.1


Tree=80
num_leaves=6
num_cat=0
split_feature=6 73 6 98 70
split_gain=49113.3 44408 2149.6 3496.66 3624.93
threshold=710.50000000000011 131.00000000000003 332.50000000000006 165.50000000000003 148.77349881882552
decision_type=2 2 2 2 2
left_child=1 2 3 4 -1
right_child=-2 -3 -4 -5 -6
leaf_value=0.085232759219696197 4.6255612789229916 -4.4939567597016046 -0.77578707021294224 1.2898867865855044 -0.96317655040572081
leaf_weight=393 22 23 33 22 36
leaf_count=393 22 23 33 22 36
internal_value=0 -0.200715 0.00330301 0.0603096 -0.00274564
internal_weight=0 507 484 451 429
internal_count=529 507 484 451 429
is_linear=0
shrinkage=0.1


Tree=81
num_leaves=6
num_cat=0
split_feature=73 2 3 54 78
split_gain=51235 57866.4 2065.17 3695.41 1842.95
threshold=162.50000000000003 546.00000000000011 125.50000000000001 194.50000000000003 24.136363636363644
decision_type=2 2 2 2 2
left_child=1 2 3 4 -1
right_child=-2 -3 -4 -5 -6
leaf_value=0.092909189207343076 4.6160103051558785 -5.2257222593507988 0.96477421044626022 -1.2351065014799438 -0.74562840951340537
leaf_weight=410 23 22 22 24 28
leaf_count=410 23 22 22 24 28
internal_value=0 -0.209819 0.018177 -0.0268991 0.039304
internal_weight=0 506 484 462 438
internal_count=529 506 484 462 438
is_linear=0
shrinkage=0.1


Tree=82
num_leaves=6
num_cat=0
split_feature=9 54 0 57 11
split_gain=46707.6 55177.5 6677.8 5837.07 3007.09
threshold=466.00000000000006 303.00000000000006 257.00000000000006 68.157999378219642 82.000000000000014
decision_type=2 2 2 2 2
left_child=1 2 3 4 -1
right_child=-2 -3 -4 -5 -6
leaf_value=-0.045228746790247618 4.5108516075394371 -5.0939361984079534 1.7287055505439639 -1.6074286336484165 0.9763149845023309
leaf_weight=409 22 22 22 23 31
leaf_count=409 22 22 22 23 31
internal_value=0 -0.195737 0.0264492 -0.0544355 0.0267437
internal_weight=0 507 485 463 440
internal_count=529 507 485 463 440
is_linear=0
shrinkage=0.1


Tree=83
num_leaves=6
num_cat=0
split_feature=30 4 57 79 96
split_gain=47022.5 166852 43781.9 3108.45 2669.94
threshold=710.50000000000011 396.00000000000006 84.104799828291874 78.000000000000014 254.50000000000003
decision_type=2 2 2 2 2
left_child=1 2 3 4 -1
right_child=-2 -3 -4 -5 -6
leaf_value=0.027997011743880043 -4.5260338807647882 8.7140638178045098 -4.2655165102779868 0.96660663900953347 -0.95038601835568748
leaf_weight=397 22 22 25 33 30
leaf_count=397 22 22 25 33 30
internal_value=0 0.196396 -0.189972 0.0315245 -0.0407418
internal_weight=0 507 485 460 427
internal_count=529 507 485 460 427
is_linear=0
shrinkage=0.1


Tree=84
num_leaves=6
num_cat=0
split_feature=71 14 53 101 3
split_gain=50549.5 140080 33278 3700.6 2366.21
threshold=-85.499999999999986 524.00000000000011 64.346717087975847 140.50000000000003 102.50000000000001
decision_type=2 2 2 2 2
left_child=-1 2 3 4 -2
right_child=1 -3 -4 -5 -6
leaf_value=-4.4840521765251955 0.028880255317373527 8.0168854210864406 -3.9420005624944516 1.3046092057769949 -1.035213232988661
leaf_weight=24 417 22 22 22 22
leaf_count=24 417 22 22 22 22
internal_value=0 0.213103 -0.142348 0.03898 -0.0244456
internal_weight=0 505 483 461 439
internal_count=529 505 483 461 439
is_linear=0
shrinkage=0.1


Tree=85
num_leaves=6
num_cat=0
split_feature=71 9 65 61 32
split_gain=48883.8 52125.6 5028.3 8093.44 1618.44
threshold=95.000000000000014 393.50000000000006 221.2531550438151 104.13677356905573 142.50000000000003
decision_type=2 2 2 2 2
left_child=1 2 3 4 -1
right_child=-2 -3 -4 -5 -6
leaf_value=0.086139147059986806 4.5088540497033494 -4.7534462461868925 -1.3894247834881148 1.9236315705853961 -0.42722289095053806
leaf_weight=361 23 24 24 23 74
leaf_count=361 23 24 24 23 74
internal_value=0 -0.204948 0.0215333 0.09547 -0.00119141
internal_weight=0 506 482 458 435
internal_count=529 506 482 458 435
is_linear=0
shrinkage=0.1


Tree=86
num_leaves=6
num_cat=0
split_feature=49 96 71 57 41
split_gain=43475.6 63514.4 2416.18 3237.37 2478.3
threshold=315.00000000000006 572.00000000000011 -49.499999999999993 70.047276917925544 44.500000000000007
decision_type=2 2 2 2 2
left_child=1 2 -1 4 -4
right_child=-2 -3 3 -5 -6
leaf_value=0.87558719714482636 4.3519869994033469 -5.4440725250677637 0.24673308229838509 -1.1939482642845674 -0.24284413079650419
leaf_weight=33 22 22 257 22 173
leaf_count=33 22 22 257 22 173
internal_value=0 -0.188844 0.0495379 -0.010771 0.0497636
internal_weight=0 507 485 452 430
internal_count=529 507 485 452 430
is_linear=0
shrinkage=0.1


Tree=87
num_leaves=7
num_cat=0
split_feature=73 99 50 85 39 7
split_gain=45076.5 43024.4 4066.83 3484.93 6638.4 2674.55
threshold=162.50000000000003 22.500000000000004 353.00000000000006 0.26659387353423858 2.0000000000000013 60.500000000000007
decision_type=2 2 2 2 2 2
left_child=1 2 3 5 -5 -1
right_child=-2 -3 -4 4 -6 -7
leaf_value=-0.030407710376776 4.3297087586444354 -4.422435843426249 -1.3238768891854722 -0.27649832792526141 1.0403136460933575 -1.0246015959978105
leaf_weight=276 23 23 22 69 86 30
leaf_count=276 23 23 22 69 86 30
internal_value=0 -0.196805 0.00441557 0.0678048 0.45412 -0.127878
internal_weight=0 506 483 461 155 306
internal_count=529 506 483 461 155 306
is_linear=0
shrinkage=0.1


Tree=88
num_leaves=6
num_cat=0
split_feature=9 54 0 97 99
split_gain=46497.8 48585.2 5323.11 3875.13 1974.43
threshold=466.00000000000006 303.00000000000006 257.00000000000006 85.500000000000014 11.500000000000002
decision_type=2 2 2 2 2
left_child=1 2 3 4 -1
right_child=-2 -3 -4 -5 -6
leaf_value=-0.025191846991965441 4.5007083925333893 -4.7915896740826698 1.5330101387067276 -1.0406712969412675 0.92740508110626885
leaf_weight=403 22 22 22 37 23
leaf_count=403 22 22 22 37 23
internal_value=0 -0.195297 0.0131946 -0.0590212 0.0262394
internal_weight=0 507 485 463 426
internal_count=529 507 485 463 426
is_linear=0
shrinkage=0.1


Tree=89
num_leaves=6
num_cat=0
split_feature=53 2 49 53 10
split_gain=41645.6 31062 1635.9 1743.07 2530.02
threshold=114.90485194281392 430.00000000000006 222.50000000000003 42.426406871192903 295.00000000000006
decision_type=2 2 2 2 2
left_child=1 2 3 4 -1
right_child=-2 -3 -4 -5 -6
leaf_value=0.044681203115453039 4.259410138563676 -3.696212641398112 -0.81517953624327988 0.68036993526314438 -0.86739330978104567
leaf_weight=388 22 24 24 38 33
leaf_count=388 22 24 24 38 33
internal_value=0 -0.184826 -0.0103477 0.031735 -0.0268116
internal_weight=0 507 483 459 421
internal_count=529 507 483 459 421
is_linear=0
shrinkage=0.1


Tree=90
num_leaves=6
num_cat=0
split_feature=10 77 103 96 12
split_gain=40366.1 37042.8 2516.95 2502.6 1788.92
threshold=710.50000000000011 275.50000000000006 511.50000000000006 245.50000000000003 16.500000000000004
decision_type=2 2 2 2 2
left_child=1 2 3 4 -1
right_child=-2 -3 -4 -5 -6
leaf_value=-0.21063290172547258 4.1934683355418114 -4.1953213474967264 0.93833164547880499 -0.81087813775986428 0.20502425125438117
leaf_weight=189 22 22 27 40 229
leaf_count=189 22 22 27 40 229
internal_value=0 -0.181965 8.40495e-05 -0.0552275 0.0170836
internal_weight=0 507 485 458 418
internal_count=529 507 485 458 418
is_linear=0
shrinkage=0.1


Tree=91
num_leaves=7
num_cat=0
split_feature=73 11 100 3 89 97
split_gain=40635.5 45312.2 2177.26 3326.4 2851.42 1707.41
threshold=162.50000000000003 172.00000000000003 6459.5000000000009 60.500000000000007 0.13185577213185529 5.5000000000000009
decision_type=2 2 2 2 2 2
left_child=1 2 3 5 -4 -1
right_child=-2 -3 4 -5 -6 -7
leaf_value=-0.17255169181786117 4.1108931417050574 -4.6254350358789615 1.219219339452684 -0.9549362343588943 -0.22271019543210666 0.24658845269485663
leaf_weight=206 23 22 32 38 24 184
leaf_count=206 23 22 32 38 24 184
internal_value=0 -0.186859 0.0148947 -0.0618246 0.60125 0.0251965
internal_weight=0 506 484 428 56 390
internal_count=529 506 484 428 56 390
is_linear=0
shrinkage=0.1


Tree=92
num_leaves=6
num_cat=0
split_feature=6 53 75 11 77
split_gain=38934.7 36035.6 3740.96 2484.64 1838.73
threshold=710.50000000000011 84.852813742385337 124.00000000000001 118.50000000000001 94.500000000000043
decision_type=2 2 2 2 2
left_child=1 2 3 4 -1
right_child=-2 -3 -4 -5 -6
leaf_value=0.049543412846777546 4.1184450783512814 -4.1371273257515648 1.2180567109957339 -1.0531632052734494 -0.73785999202518726
leaf_weight=405 22 22 24 24 32
leaf_count=405 22 22 24 24 32
internal_value=0 -0.17871 0.000847436 -0.0625214 -0.00811542
internal_weight=0 507 485 461 437
internal_count=529 507 485 461 437
is_linear=0
shrinkage=0.1


Tree=93
num_leaves=6
num_cat=0
split_feature=26 10 53 75 73
split_gain=36865.1 131505 39382.8 3758.56 2820.69
threshold=710.50000000000011 506.00000000000006 80.610173055266344 124.00000000000001 -65.499999999999986
decision_type=2 2 2 2 2
left_child=1 2 3 4 -1
right_child=-2 -3 -4 -5 -6
leaf_value=-1.0481626182794572 -4.0074921036308462 7.7357099982825197 -4.303031247854233 1.2734979888667233 0.025622389110138161
leaf_weight=26 22 22 22 23 414
leaf_count=26 22 22 22 23 414
internal_value=0 0.173895 -0.169115 0.0273129 -0.0378285
internal_weight=0 507 485 463 440
internal_count=529 507 485 463 440
is_linear=0
shrinkage=0.1


Tree=94
num_leaves=6
num_cat=0
split_feature=71 9 7 49 48
split_gain=37204.8 44484.4 9029.87 4238.73 3105.92
threshold=95.000000000000014 331.00000000000006 125.50000000000001 206.50000000000003 205.50000000000003
decision_type=2 2 2 2 2
left_child=1 2 3 4 -1
right_child=-2 -3 -4 -5 -6
leaf_value=-0.037915564112183525 3.9335373256517494 -3.98146940099782 2.0310737934979524 -1.3973608513447373 1.1563022872676021
leaf_weight=410 23 29 22 22 23
leaf_count=410 23 29 22 22 23
internal_value=0 -0.178797 0.0523926 -0.0432799 0.0255186
internal_weight=0 506 477 455 433
internal_count=529 506 477 455 433
is_linear=0
shrinkage=0.1


Tree=95
num_leaves=7
num_cat=0
split_feature=65 96 27 39 50 43
split_gain=34722.9 35214 2742.75 3293.21 2627.39 1618.32
threshold=289.24484962549008 506.00000000000006 105.50000000000001 95.500000000000014 328.50000000000006 42.000000000000007
decision_type=2 2 2 2 2 2
left_child=1 2 4 -4 5 -1
right_child=-2 -3 3 -5 -6 -7
leaf_value=0.10363600273652898 3.8893122738057921 -4.0817969771948723 1.6250463164665483 0.0025464719739453547 -1.0280726265024256 -0.36113259038238815
leaf_weight=308 22 22 22 29 27 99
leaf_count=308 22 22 22 29 27 99
internal_value=0 -0.168767 0.00873127 0.702448 -0.0727885 -0.00941582
internal_weight=0 507 485 51 434 407
internal_count=529 507 485 51 434 407
is_linear=0
shrinkage=0.1


Tree=96
num_leaves=6
num_cat=0
split_feature=73 7 57 79 75
split_gain=34215.6 122357 29479.5 1925.79 2402.07
threshold=-130.49999999999997 141.00000000000003 77.575464152623667 78.000000000000014 76.500000000000014
decision_type=2 2 2 2 2
left_child=-1 2 3 4 -2
right_child=1 -3 -4 -5 -6
leaf_value=-3.8607936647805303 0.014880210153832294 7.4616069251840775 -3.6575247774953428 0.7590331332758069 -0.97674957238710847
leaf_weight=22 404 22 23 32 26
leaf_count=22 404 22 23 32 26
internal_value=0 0.16753 -0.163336 0.0106173 -0.0450788
internal_weight=0 507 485 462 430
internal_count=529 507 485 462 430
is_linear=0
shrinkage=0.1


Tree=97
num_leaves=7
num_cat=0
split_feature=53 1 4 0 78 55
split_gain=30956.4 27252.7 2048.79 2007.58 4214.02 2389.21
threshold=114.90485194281392 285.50000000000006 257.00000000000006 127.00000000000001 1.0000000000000004 97.000000000000014
decision_type=2 2 2 2 2 2
left_child=1 2 3 5 -5 -1
right_child=-2 -3 -4 4 -6 -7
leaf_value=-0.032961138487743909 3.6723178343339402 -3.3785984630584718 0.88910409247875222 0.11044350399271302 -1.3838706951588393 0.77538264364731024
leaf_weight=338 22 25 25 46 32 41
leaf_count=338 22 25 25 46 32 41
internal_value=0 -0.159351 0.00762233 -0.0405988 -0.502608 0.054485
internal_weight=0 507 482 457 78 379
internal_count=529 507 482 457 78 379
is_linear=0
shrinkage=0.1


Tree=98
num_leaves=6
num_cat=0
split_feature=71 14 53 103 9
split_gain=31896.5 96825.4 28810.7 4079.35 1286.31
threshold=-85.499999999999986 524.00000000000011 64.346717087975847 486.00000000000006 67.500000000000014
decision_type=2 2 2 2 2
left_child=-1 2 3 4 -2
right_child=1 -3 -4 -5 -6
leaf_value=-3.5619167417287829 0.067650962817923738 6.6572837385264307 -3.6616745493628766 1.3712985402481124 -0.34341780151031459
leaf_weight=24 341 22 22 22 98
leaf_count=24 341 22 22 22 98
internal_value=0 0.169279 -0.126241 0.0424785 -0.0241138
internal_weight=0 505 483 461 439
internal_count=529 505 483 461 439
is_linear=0
shrinkage=0.1


Tree=99
num_leaves=6
num_cat=0
split_feature=73 14 61 18 16
split_gain=31516.8 39303.4 3009.57 2080.62 3239.7
threshold=162.50000000000003 546.00000000000011 111.99319656540342 313.00000000000006 186.50000000000003
decision_type=2 2 2 2 2
left_child=1 2 3 4 -1
right_child=-2 -3 -4 -5 -6
leaf_value=0.0058359049476439176 3.6203815294348676 -3.8060172038418907 1.1168582592010499 0.8092645767690807 -1.1261955110011277
leaf_weight=397 23 28 25 29 27
leaf_count=397 23 28 25 29 27
internal_value=0 -0.164563 0.0487442 -0.0102025 -0.066251
internal_weight=0 506 478 453 424
internal_count=529 506 478 453 424
is_linear=0
shrinkage=0.1


end of trees

feature_importances:
North_Carolina_roll_min_2=28
North_Carolina_diff_2=28
North_Carolina_diff_1=23
US_current=22
North_Carolina_roll_mean_2=21
North_Carolina_roll_std_2=21
Pennsylvania_current=20
New_York_current=18
North_Carolina_diff_4=17
Tennessee_current=17
North_Carolina_diff_52=16
Maryland_current=16
Maryland_lag_1=15
Pennsylvania_lag_3=15
Pennsylvania_lag_1=14
Ohio_lag_52=14
North_Carolina_roll_max_2=14
Virginia_current=14
Ohio_lag_3=13
North_Carolina_roll_std_12=13
week_cos=13
North_Carolina_lag_1=11
Pennsylvania_lag_2=11
Pennsylvania_lag_52=11
North_Carolina_roll_std_4=11
North_Carolina_diff_8=11
Ohio_lag_2=10
North_Carolina_roll_std_8=10
North_Carolina_ewm_alpha_0.5=9
Ohio_lag_1=8
North_Carolina_lag_2=7
Maryland_lag_2=7
North_Carolina_roll_mean_4=7
month_cos=7
Pennsylvania_lag_5=6
North_Carolina_lag_52=6
North_Carolina_pct_change_8=6
North_Carolina_momentum_12=6
Maryland_lag_3=5
North_Carolina_lag_5=5
Maryland_lag_52=5
North_Carolina_pct_change_1=5
North_Carolina_cumulative_mean=5
Ohio_lag_4=4
Pennsylvania_lag_4=4
North_Carolina_roll_max_8=4
North_Dakota_current=4
North_Carolina_lag_3=3
Pennsylvania_lag_8=3
Maryland_lag_10=3
North_Carolina_lag_11=3
Ohio_lag_12=3
North_Carolina_pct_change_4=3
quarter_sin=3
New_Mexico_current=3
Maryland_lag_4=2
Maryland_lag_6=2
North_Carolina_lag_7=2
Ohio_lag_8=2
Ohio_lag_11=2
Maryland_lag_11=2
North_Carolina_lag_12=2
North_Carolina_roll_min_4=2
North_Carolina_roll_max_4=2
North_Carolina_roll_mean_8=2
North_Carolina_roll_min_8=2
North_Carolina_pct_change_2=2
North_Carolina_pct_change_52=2
North_Carolina_momentum_4=2
Ohio_current=2
North_Carolina_lag_4=1
Ohio_lag_6=1
Pennsylvania_lag_7=1
Maryland_lag_7=1
North_Carolina_lag_9=1
Maryland_lag_9=1
North_Carolina_lag_10=1
Ohio_lag_10=1
Pennsylvania_lag_10=1
Pennsylvania_lag_11=1
Maryland_lag_12=1
North_Carolina_momentum_8=1
quarter_cos=1
Vermont_current=1

parameters:
[boosting: gbdt]
[objective: regression]
[metric: l1]
[tree_learner: serial]
[device_type: cpu]
[data_sample_strategy: bagging]
[data: ]
[valid: ]
[num_iterations: 100]
[learning_rate: 0.1]
[num_leaves: 22]
[num_threads: 2]
[seed: 1]
[deterministic: 0]
[force_col_wise: 0]
[force_row_wise: 0]
[histogram_pool_size: -1]
[max_depth: 5]
[min_data_in_leaf: 22]
[min_sum_hessian_in_leaf: 0.001]
[bagging_fraction: 1]
[pos_bagging_fraction: 1]
[neg_bagging_fraction: 1]
[bagging_freq: 0]
[bagging_seed: 18467]
[feature_fraction: 1]
[feature_fraction_bynode: 1]
[feature_fraction_seed: 26500]
[extra_trees: 0]
[extra_seed: 15724]
[early_stopping_round: 0]
[first_metric_only: 0]
[max_delta_step: 0]
[lambda_l1: 0]
[lambda_l2: 0]
[linear_lambda: 0]
[min_gain_to_split: 0]
[drop_rate: 0.1]
[max_drop: 50]
[skip_drop: 0.5]
[xgboost_dart_mode: 0]
[uniform_drop: 0]
[drop_seed: 6334]
[top_rate: 0.2]
[other_rate: 0.1]
[min_data_per_group: 100]
[max_cat_threshold: 32]
[cat_l2: 10]
[cat_smooth: 10]
[max_cat_to_onehot: 4]
[top_k: 20]
[monotone_constraints: ]
[monotone_constraints_method: basic]
[monotone_penalty: 0]
[feature_contri: ]
[forcedsplits_filename: ]
[refit_decay_rate: 0.9]
[cegb_tradeoff: 1]
[cegb_penalty_split: 0]
[cegb_penalty_feature_lazy: ]
[cegb_penalty_feature_coupled: ]
[path_smooth: 0]
[interaction_constraints: ]
[verbosity: -1]
[saved_feature_importance_type: 0]
[use_quantized_grad: 0]
[num_grad_quant_bins: 4]
[quant_train_renew_leaf: 0]
[stochastic_rounding: 1]
[linear_tree: 0]
[max_bin: 255]
[max_bin_by_feature: ]
[min_data_in_bin: 3]
[bin_construct_sample_cnt: 200000]
[data_random_seed: 41]
[is_enable_sparse: 1]
[enable_bundle: 1]
[use_missing: 1]
[zero_as_missing: 0]
[feature_pre_filter: 1]
[pre_partition: 0]
[two_round: 0]
[header: 0]
[label_column: ]
[weight_column: ]
[group_column: ]
[ignore_column: ]
[categorical_feature: ]
[forcedbins_filename: ]
[precise_float_parser: 0]
[parser_config_file: ]
[objective_seed: 19169]
[num_class: 1]
[is_unbalance: 0]
[scale_pos_weight: 1]
[sigmoid: 1]
[boost_from_average: 1]
[reg_sqrt: 0]
[alpha: 0.9]
[fair_c: 1]
[poisson_max_delta_step: 0.7]
[tweedie_variance_power: 1.5]
[lambdarank_truncation_level: 30]
[lambdarank_norm: 1]
[label_gain: ]
[lambdarank_position_bias_regularization: 0]
[eval_at: ]
[multi_error_top_k: 1]
[auc_mu_weights: ]
[num_machines: 1]
[local_listen_port: 12400]
[time_out: 120]
[machine_list_filename: ]
[machines: ]
[gpu_platform_id: -1]
[gpu_device_id: -1]
[gpu_use_dp: 0]
[num_gpu: 1]

end of parameters

pandas_categorical:[]
