tree
version=v4
num_class=1
num_tree_per_iteration=1
label_index=0
max_feature_idx=103
objective=regression
feature_names=Rhode_Island_lag_1 Massachusetts_lag_1 New_Hampshire_lag_1 New_York_lag_1 Rhode_Island_lag_2 Massachusetts_lag_2 New_Hampshire_lag_2 New_York_lag_2 Rhode_Island_lag_3 Massachusetts_lag_3 New_Hampshire_lag_3 New_York_lag_3 Rhode_Island_lag_4 Massachusetts_lag_4 New_Hampshire_lag_4 New_York_lag_4 Rhode_Island_lag_5 Massachusetts_lag_5 New_Hampshire_lag_5 New_York_lag_5 Rhode_Island_lag_6 Massachusetts_lag_6 New_Hampshire_lag_6 New_York_lag_6 Rhode_Island_lag_7 Massachusetts_lag_7 New_Hampshire_lag_7 New_York_lag_7 Rhode_Island_lag_8 Massachusetts_lag_8 New_Hampshire_lag_8 New_York_lag_8 Rhode_Island_lag_9 Massachusetts_lag_9 New_Hampshire_lag_9 New_York_lag_9 Rhode_Island_lag_10 Massachusetts_lag_10 New_Hampshire_lag_10 New_York_lag_10 Rhode_Island_lag_11 Massachusetts_lag_11 New_Hampshire_lag_11 New_York_lag_11 Rhode_Island_lag_12 Massachusetts_lag_12 New_Hampshire_lag_12 New_York_lag_12 Rhode_Island_lag_52 Massachusetts_lag_52 New_Hampshire_lag_52 New_York_lag_52 Rhode_Island_roll_mean_2 Rhode_Island_roll_std_2 Rhode_Island_roll_min_2 Rhode_Island_roll_max_2 Rhode_Island_roll_mean_4 Rhode_Island_roll_std_4 Rhode_Island_roll_min_4 Rhode_Island_roll_max_4 Rhode_Island_roll_mean_8 Rhode_Island_roll_std_8 Rhode_Island_roll_min_8 Rhode_Island_roll_max_8 Rhode_Island_roll_mean_12 Rhode_Island_roll_std_12 Rhode_Island_roll_min_12 Rhode_Island_roll_max_12 Rhode_Island_ewm_alpha_0.1 Rhode_Island_ewm_alpha_0.3 Rhode_Island_ewm_alpha_0.5 Rhode_Island_diff_1 Rhode_Island_pct_change_1 Rhode_Island_diff_2 Rhode_Island_pct_change_2 Rhode_Island_diff_4 Rhode_Island_pct_change_4 Rhode_Island_diff_8 Rhode_Island_pct_change_8 Rhode_Island_diff_52 Rhode_Island_pct_change_52 Rhode_Island_momentum_4 Rhode_Island_momentum_8 Rhode_Island_momentum_12 week_sin week_cos quarter_sin quarter_cos month_sin month_cos is_flu_season is_peak_flu Rhode_Island_cumulative_mean Rhode_Island_trend_8w Rhode_Island_trend_12w Massachusetts_current New_Hampshire_current New_York_current Connecticut_current Pennsylvania_current North_Carolina_current Arizona_current Kentucky_current Georgia_current
feature_infos=[0:202] [0:1637] [0:212] [0:3128] [0:202] [0:1637] [0:212] [0:3128] [0:202] [0:1637] [0:212] [0:3128] [0:202] [0:1637] [0:212] [0:3128] [0:202] [0:1637] [0:212] [0:3128] [0:202] [0:1637] [0:212] [0:3128] [0:202] [0:1637] [0:212] [0:3128] [0:202] [0:1637] [0:212] [0:3128] [0:202] [0:1637] [0:212] [0:3128] [0:202] [0:1637] [0:212] [0:3128] [0:202] [0:1637] [0:212] [0:3128] [0:202] [0:1637] [0:212] [0:3128] [0:73] [0:470] [0:141] [0:1240] [0:191] [0:41.719300090006307] [0:180] [0:202] [0:178.75] [0:46.622598240195352] [0:160] [0:202] [0:140.25] [0:65.590586214791514] [0:79] [0:202] [0:118.08333333333333] [0:69.915316742123892] [0:65] [0:202] [0:90.581661131291312] [0:153.44399830563532] [0:174.74304199231437] [-53:59] [-1:3.2940614417338483e+17] [-81:88] [-0.99999999999999989:6.5881228834676966e+17] [-123:133] [-0.99999999999999989:2.6352491533870787e+18] [-177:174] [-0.99999999999999989:6.7462378326709214e+20] [-53:189] [-1:1.5179035123509575e+21] [-0.99999999999999989:2799999999] [-0.99999999999999989:6899999999] [-0.99999999999999989:20199999999] [-0.9999994220246925:0.99998555065071859] [-0.99997919295908233:0.9999907524084426] [-0.99997167934088305:0.9999531843608731] [-0.99999768809943823:0.9999907524084426] [-0.99999479822624138:0.99999479822624138] [-0.99997919295908222:0.99991677270219514] [0:1] [0:1] [0:10.484969939879759] none none [0:1637] [0:212] [0:3128] [0:538] [0:4571] [0:2280] [0:2846] [0:1203] [0:1373]
tree_sizes=937 955 959 955 1039 955 870 960 1041 805 872 876 963 875 962 1050 718 796 802 716 640 722 642 724 636 728 721 722 626 720 635 641 627 730 644 643 722 705 640 649 646 630 724 646 646 729 731 624 647 644 647 641 628 729 720 646 643 801 645 624 629 718 629 645 628 645 629 644 803 641 647 725 628 710 629 727 724 723 627 731 729 644 721 710 814 647 646 724 645 729 975 627 632 809 650 715 806 733 979 725

Tree=0
num_leaves=10
num_cat=0
split_feature=77 97 103 95 70 103 85 33 83
split_gain=114570 30758.4 4026.19 3393.07 2275.52 902.929 517.905 341.649 104.683
threshold=28.500000000000004 267.00000000000006 140.00000000000003 61.500000000000007 17.208697000533864 43.500000000000007 -0.099822328936730861 6.0000000000000027 -0.75961538501664194
decision_type=2 2 2 2 2 2 2 2 2
left_child=1 3 -3 5 -4 8 -5 -7 -1
right_child=-2 2 4 6 -6 7 -8 -9 -10
leaf_value=9.0395796385573171 16.613113726789301 10.482386354670268 11.013113622838802 9.6611136268472126 12.262256503414799 9.6355484084517009 10.272855565239214 9.2017802860881339 9.1887201770851412
leaf_weight=206 25 44 25 25 35 46 31 30 61
leaf_count=206 25 44 25 25 35 46 31 30 61
internal_value=10.0057 9.67728 11.209 9.27805 11.7418 9.16022 9.99976 9.46432 9.07365
internal_weight=0 503 104 399 60 343 56 76 267
internal_count=528 503 104 399 60 343 56 76 267
is_linear=0
shrinkage=1


Tree=1
num_leaves=10
num_cat=0
split_feature=102 97 95 103 55 103 85 37 92
split_gain=94446.1 19839.3 2782 2375.14 1143.16 605.656 380.128 306.142 93.7243
threshold=196.50000000000003 267.00000000000006 58.500000000000007 87.500000000000014 21.500000000000004 43.500000000000007 -0.099822328936730861 3.035766082959413e-17 6.3888983884067896
decision_type=2 2 2 2 2 2 2 2 2
left_child=1 2 5 -3 -5 8 -4 -7 -1
right_child=-2 3 6 4 -6 7 -8 -9 -10
leaf_value=-0.69350214945642574 5.1798908753828572 0.19755650997161867 -0.3181908579973074 0.83617823608219632 1.6631337479182653 -0.28779727039915143 0.189751255161622 -0.70164328912893936 -0.86313409784383954
leaf_weight=38 33 30 26 32 35 33 34 39 228
leaf_count=38 33 30 26 32 35 33 34 39 228
internal_value=0 -0.345326 -0.657866 0.937052 1.26817 -0.769258 -0.030357 -0.511964 -0.838901
internal_weight=0 495 398 97 67 338 60 72 266
internal_count=528 495 398 97 67 338 60 72 266
is_linear=0
shrinkage=0.1


Tree=2
num_leaves=10
num_cat=0
split_feature=77 97 103 95 55 103 85 37 102
split_gain=80102 19264.5 2588.18 2283.48 1434.45 576.064 404.005 288.966 95.2798
threshold=28.500000000000004 267.00000000000006 140.00000000000003 64.500000000000014 21.500000000000004 39.500000000000007 -0.013976481981245173 3.035766082959413e-17 10.500000000000002
decision_type=2 2 2 2 2 2 2 2 2
left_child=1 3 -3 5 -4 8 -5 -7 -1
right_child=-2 2 4 6 -6 7 -8 -9 -10
leaf_value=-0.78714650056578905 5.5248264036178591 0.35503501130098647 0.82422109864376214 -0.24277101349830629 1.8070547363974834 -0.26429691821336748 0.3257393175363541 -0.62180485123625173 -0.63091337115814294
leaf_weight=209 25 44 27 25 33 40 25 52 48
leaf_count=209 25 44 27 25 33 40 25 52 48
internal_value=0 -0.274594 0.93758 -0.590549 1.36478 -0.681098 0.0414842 -0.466367 -0.757967
internal_weight=0 503 104 399 60 349 50 92 257
internal_count=528 503 104 399 60 349 50 92 257
is_linear=0
shrinkage=0.1


Tree=3
num_leaves=10
num_cat=0
split_feature=103 97 103 52 51 85 101 103 99
split_gain=65837 14527.8 2045.44 1864.55 961.37 689.794 329.557 221.522 42.388
threshold=359.50000000000006 267.00000000000006 140.00000000000003 3.7500000000000004 330.00000000000006 -0.32409868768690347 84.500000000000014 45.500000000000007 110.50000000000001
decision_type=2 2 2 2 2 2 2 2 2
left_child=1 3 -3 7 -4 -5 -7 8 -1
right_child=-2 2 4 5 -6 6 -8 -9 -10
leaf_value=-0.70596517420670379 4.8101102917282672 0.33084160517901184 0.83625360686203531 -0.49718745549519855 1.6824540100097658 -0.18147641917069754 0.28345472480981582 -0.4519628929055256 -0.58453344070550173
leaf_weight=223 27 48 29 36 25 30 31 46 33
leaf_count=223 27 48 29 36 25 30 31 46 33
internal_value=0 -0.259227 0.805815 -0.531494 1.22801 -0.150061 0.0548001 -0.654007 -0.690312
internal_weight=0 501 102 399 54 97 61 302 256
internal_count=528 501 102 399 54 97 61 302 256
is_linear=0
shrinkage=0.1


Tree=4
num_leaves=11
num_cat=0
split_feature=75 95 98 92 82 71 14 97 92 102
split_gain=56576 11503.7 3097.9 949.021 462.469 265.436 264.784 78.7598 52.9377 18.2264
threshold=19.500000000000004 64.500000000000014 79.500000000000014 7.8982256778309416 -0.62500000035156245 0.99999999999999989 7.5000000000000009 56.500000000000007 6.6011761561079938 8.5000000000000018
decision_type=2 2 2 2 2 2 2 2 2 2
left_child=1 4 3 5 8 -3 7 -6 -1 -10
right_child=-2 2 -4 -5 6 -7 -8 -9 9 -11
leaf_value=-0.48755379152297973 4.548459578763981 0.24486421266427408 1.1501942269656122 -0.14090080366780361 -0.58697901383424422 0.6925250417656369 -0.16449603740321964 -0.37707087225986252 -0.65769966506376498 -0.59024370571352403
leaf_weight=25 26 26 49 48 39 27 38 33 164 53
leaf_count=25 26 26 49 48 39 27 38 33 164 53
internal_value=0 -0.235578 0.497739 0.181202 -0.548071 0.472918 -0.378058 -0.490771 -0.625349 -0.641224
internal_weight=0 502 150 101 352 53 110 72 242 217
internal_count=528 502 150 101 352 53 110 72 242 217
is_linear=0
shrinkage=0.1


Tree=5
num_leaves=10
num_cat=0
split_feature=102 95 103 55 92 83 14 92 102
split_gain=49097.5 8627.28 2283.94 924.539 595.287 359.818 187.257 103.76 25.722
threshold=209.50000000000003 64.500000000000014 87.500000000000014 21.500000000000004 7.9617818889970797 0.11666666573888897 6.5000000000000009 6.3888983884067896 8.5000000000000018
decision_type=2 2 2 2 2 2 2 2 2
left_child=1 5 4 -4 -3 7 -7 -1 -9
right_child=-2 2 3 -5 -6 6 -8 8 -10
leaf_value=-0.37285281275880749 4.1538382684742965 0.33135393929481505 0.42804221603605486 1.0804081628719966 -0.29695254015295131 -0.44146066519121335 -0.13729956656694414 -0.59235955985744349 -0.51711475868694123
leaf_weight=29 27 25 45 42 38 48 35 178 61
leaf_count=29 27 25 45 42 38 48 35 178 61
internal_value=0 -0.22386 0.410925 0.742978 -0.0476246 -0.495135 -0.3132 -0.55148 -0.573155
internal_weight=0 501 150 87 63 351 83 268 239
internal_count=528 501 150 87 63 351 83 268 239
is_linear=0
shrinkage=0.1


Tree=6
num_leaves=9
num_cat=0
split_feature=101 97 98 48 58 103 92 83
split_gain=42087 7037.39 1245.79 1176.95 751.21 320.054 127.1 91.1905
threshold=392.00000000000006 316.00000000000006 54.500000000000007 19.500000000000004 12.500000000000002 56.500000000000007 7.7419707385862866 -0.80672268914020495
decision_type=2 2 2 2 2 2 2 2
left_child=1 2 5 4 -3 7 -7 -1
right_child=-2 3 -4 -5 -6 6 -8 -9
leaf_value=-0.5210657742592173 3.8458633935009994 0.71294398544163551 0.10777568219472533 1.1181277817693249 0.010241208551451565 -0.098810305653023539 -0.38531532684961955 -0.39895373981665161
leaf_weight=218 27 29 46 29 32 32 30 85
leaf_count=218 27 29 46 29 32 32 30 85
internal_value=0 -0.207262 -0.382645 0.593653 0.344313 -0.444451 -0.237442 -0.48681
internal_weight=0 501 411 90 61 365 62 303
internal_count=528 501 411 90 61 365 62 303
is_linear=0
shrinkage=0.1


Tree=7
num_leaves=10
num_cat=0
split_feature=70 102 51 77 98 83 51 86 45
split_gain=37137.5 5156 1301.3 1032.44 687.887 172.493 133.79 132.072 39.2803
threshold=37.519613053666198 43.500000000000007 168.00000000000003 11.500000000000002 60.500000000000007 -0.80672268914020495 51.000000000000007 -0.74153902972098529 0.50000000000000122
decision_type=2 2 2 2 2 2 2 2 2
left_child=1 4 6 -4 5 8 -3 -7 -1
right_child=-2 2 3 -5 -6 7 -8 -9 -10
leaf_value=-0.34284469747543334 3.6126528599747907 0.15518885958194734 0.34191166289695879 1.1296583137341909 0.12280652111826035 -0.13246866463373105 -0.17196892863512039 -0.37314771089114646 -0.47558104696783049
leaf_weight=25 27 25 41 28 26 30 25 95 206
leaf_count=25 27 25 41 28 26 30 25 95 206
internal_value=0 -0.194694 0.380078 0.661577 -0.373746 -0.410011 -0.00839003 -0.315385 -0.461216
internal_weight=0 501 119 69 382 356 50 125 231
internal_count=528 501 119 69 382 356 50 125 231
is_linear=0
shrinkage=0.1


Tree=8
num_leaves=11
num_cat=0
split_feature=77 95 103 77 70 14 102 92 26 102
split_gain=31676.5 4312.7 983.375 832.805 658.208 261.433 210.515 116.513 109.065 37.1314
threshold=28.500000000000004 64.500000000000014 64.500000000000014 7.5000000000000018 17.208697000533864 18.500000000000004 33.500000000000007 6.3888983884067896 1.9732479539236184e-17 8.5000000000000018
decision_type=2 2 2 2 2 2 2 2 2 2
left_child=1 6 5 -4 -5 -3 7 8 -1 -9
right_child=-2 2 3 4 -6 -7 -8 9 -10 -11
leaf_value=-0.39138807212864912 3.4742889358550308 0.13905895094458873 0.16222050900342971 0.37313869094848634 1.0917764769723781 -0.31384771645069121 -0.090623016139635679 -0.43680580043043771 -0.10443459932620709 -0.3563553702540514
leaf_weight=27 25 26 49 25 26 25 26 191 26 82
leaf_count=27 25 26 49 25 26 25 26 191 26 82
internal_value=0 -0.172678 0.274389 0.456635 0.739503 -0.0829541 -0.36446 -0.3863 -0.250618 -0.412641
internal_weight=0 503 151 100 51 51 352 326 53 273
internal_count=528 503 151 100 51 51 352 326 53 273
is_linear=0
shrinkage=0.1


Tree=9
num_leaves=8
num_cat=0
split_feature=101 100 75 102 62 47 48
split_gain=27295.5 3235.71 697.026 414.593 402.517 123.327 91.9468
threshold=392.00000000000006 121.50000000000001 5.0000000000000018 40.000000000000007 5.5000000000000009 1.0408340855860844e-16 4.5000000000000009
decision_type=2 2 2 2 2 2 2
left_child=1 4 3 -3 5 -1 -7
right_child=-2 2 -4 -5 -6 6 -8
leaf_value=-0.18505403816234323 3.0971720739647193 -0.23920329639315607 0.58461301599411264 0.26124434421713255 -0.025910158184441652 -0.39537025721705693 -0.24656740080192688
leaf_weight=41 27 25 47 49 44 245 50
leaf_count=41 27 25 47 49 44 245 50
internal_value=0 -0.166913 0.283452 0.0921742 -0.310319 -0.347563 -0.370149
internal_weight=0 501 121 74 380 336 295
internal_count=528 501 121 74 380 336 295
is_linear=0
shrinkage=0.1


Tree=10
num_leaves=9
num_cat=0
split_feature=70 95 73 56 51 52 103 99
split_gain=23437.4 2389.22 781.154 507.191 430.423 147.352 54.5047 19.8
threshold=37.519613053666198 64.500000000000014 3.0000000000000013 10.875000000000002 170.00000000000003 4.7500000000000009 56.500000000000007 110.50000000000001
decision_type=2 2 2 2 2 2 2 2
left_child=1 5 4 -4 -3 6 7 -1
right_child=-2 2 3 -5 -6 -7 -8 -9
leaf_value=-0.34774876976242436 2.8699556154233439 -0.2367238760704086 0.12803473162651063 0.72517008912382708 0.19953628085097488 -0.12987365466745004 -0.20439568057390198 -0.26902449124970951
leaf_weight=234 27 42 25 33 49 46 35 37
leaf_count=234 27 42 25 33 49 46 35 37
internal_value=0 -0.154668 0.180982 0.467784 -0.00181456 -0.296748 -0.321833 -0.337
internal_weight=0 501 149 58 91 352 306 271
internal_count=528 501 149 58 91 352 306 271
is_linear=0
shrinkage=0.1


Tree=11
num_leaves=9
num_cat=0
split_feature=77 77 35 84 102 39 97 92
split_gain=20054.4 2041.67 756.349 562.326 467.175 143.893 90.8158 49.0916
threshold=28.500000000000004 5.4999999999999991 81.500000000000014 -0.14250824554987643 37.500000000000007 472.50000000000006 190.50000000000003 6.3439920159680652
decision_type=2 2 2 2 2 2 2 2
left_child=1 4 3 -3 6 -6 7 -1
right_child=-2 2 -4 -5 5 -7 -8 -9
leaf_value=-0.19491258595477454 2.7644095294475557 0.3399702255372648 0.59041261790796773 -0.31820878159999849 0.15955442860722543 -0.15648171329498292 -0.098812629569035318 -0.30856445150242912
leaf_weight=44 25 27 43 25 34 25 26 279
leaf_count=44 25 27 43 25 34 25 26 279
internal_value=0 -0.137396 0.280123 0.023538 -0.234613 0.0256408 -0.27861 -0.293082
internal_weight=0 503 95 52 408 59 349 323
internal_count=528 503 95 52 408 59 349 323
is_linear=0
shrinkage=0.1


Tree=12
num_leaves=10
num_cat=0
split_feature=101 100 85 35 84 62 29 14 57
split_gain=18088.1 1393.97 594.043 629.298 331.168 231.858 88.637 140.89 65.6649
threshold=392.00000000000006 121.50000000000001 0.81800285027139319 56.500000000000007 0.7957718639449195 5.5000000000000009 1.897353801849633e-19 5.5000000000000009 3.593976442141317
decision_type=2 2 2 2 2 2 2 2 2
left_child=1 5 4 -4 -3 6 7 -1 -8
right_child=-2 2 3 -5 -6 -7 8 -9 -10
leaf_value=-0.25844224168543234 2.5212547302246096 -0.33349515593051909 0.031695290712209855 0.69880606695528957 0.13274700896671185 -0.014146777712316675 -0.27098177454151245 0.018864949409746465 -0.44174091333150867
leaf_weight=57 27 25 26 31 39 44 227 27 25
leaf_count=57 27 25 26 31 39 44 227 27 25
internal_value=0 -0.135876 0.159726 0.39451 -0.0493788 -0.230002 -0.258269 -0.169308 -0.287922
internal_weight=0 501 121 57 64 380 336 84 252
internal_count=528 501 121 57 64 380 336 84 252
is_linear=0
shrinkage=0.1


Tree=13
num_leaves=9
num_cat=0
split_feature=97 70 50 77 28 29 97 92
split_gain=15361.6 1125.47 1010.41 305.375 244.129 244.828 74.5141 60.6714
threshold=858.00000000000011 16.763931870486246 22.500000000000004 2.5000000000000004 1.0000000000000009 1.4999999999999998 155.00000000000003 6.3735277301315048
decision_type=2 2 2 2 2 2 2 2
left_child=1 3 -3 6 5 -5 7 -1
right_child=-2 2 -4 4 -6 -7 -8 -9
leaf_value=-0.13001373928131127 2.3701000050856518 -0.082577158510684978 0.6739805576782073 0.07835385651829152 0.20291682523675264 -0.34424309447921558 -0.096336219469324136 -0.26079903826570788
leaf_weight=41 26 41 31 26 32 29 39 263
leaf_count=41 26 41 31 26 32 29 39 263
internal_value=0 -0.122754 0.243163 -0.184024 -0.0166955 -0.14447 -0.226466 -0.24316
internal_weight=0 502 72 430 87 55 343 304
internal_count=528 502 72 430 87 55 343 304
is_linear=0
shrinkage=0.1


Tree=14
num_leaves=10
num_cat=0
split_feature=101 103 87 48 92 46 77 84 61
split_gain=13251.5 829.715 456.915 477.201 155.357 238.556 142.542 113.944 44.5806
threshold=392.00000000000006 85.000000000000014 -0.80162169779130432 13.500000000000002 6.3888983884067896 5.811323644522305e-17 3.0000000000000013 0.94425825643485939 9.3784067938847659
decision_type=2 2 2 2 2 2 2 2 2
left_child=1 4 -3 6 5 -1 -4 8 -6
right_child=-2 2 3 -5 7 -7 -8 -9 -10
leaf_value=-0.22046843651802309 2.1580046909826773 -0.2690362095832825 -0.1524092702716589 0.48046133426519538 -0.22317587028114538 0.19471309769153597 0.16627729990286755 -0.036361733271041884 -0.36282510801963513
leaf_weight=31 27 25 25 39 267 25 32 32 25
leaf_count=31 27 25 25 39 267 25 32 32 25
internal_value=0 -0.1163 0.111758 0.210923 -0.188918 -0.0351195 0.0265025 -0.2155 -0.235132
internal_weight=0 501 121 96 380 56 57 324 292
internal_count=528 501 121 96 380 56 57 324 292
is_linear=0
shrinkage=0.1


Tree=15
num_leaves=11
num_cat=0
split_feature=70 103 55 39 58 80 85 49 47 103
split_gain=11628.2 671.003 365.221 370.787 177.505 221.113 147.71 75.3535 34.6974 29.98
threshold=37.519613053666198 121.50000000000001 21.500000000000004 19.500000000000004 2.5000000000000004 0.48529411764705893 -0.1510160269347873 25.500000000000004 1.0408340855860844e-16 47.000000000000007
decision_type=2 2 2 2 2 2 2 2 2 2
left_child=1 4 3 -3 8 6 -6 -7 -1 -10
right_child=-2 2 -4 -5 5 7 -8 -9 9 -11
leaf_value=-0.099606828463654373 2.0215120417100412 -0.29043765276670458 0.42774574021498363 0.23101262912154197 -0.097725965559482583 -0.083019941300153735 0.22668692483566702 -0.32617314451932911 -0.20080332458314915 -0.31561478241533042
leaf_weight=31 27 25 30 30 25 26 32 25 252 25
leaf_count=31 27 25 30 30 25 26 32 25 252 25
internal_value=0 -0.108944 0.14708 -0.00601023 -0.161256 -0.0509446 0.0844006 -0.202213 -0.199937 -0.211165
internal_weight=0 501 85 55 416 108 57 51 308 277
internal_count=528 501 85 55 416 108 57 51 308 277
is_linear=0
shrinkage=0.1


Tree=16
num_leaves=7
num_cat=0
split_feature=77 71 101 98 103 103
split_gain=10180 704.283 297.005 500.985 168.053 52.9874
threshold=28.500000000000004 3.4999999999999987 216.50000000000003 53.500000000000007 109.50000000000001 45.500000000000007
decision_type=2 2 2 2 2 2
left_child=1 2 3 5 -5 -1
right_child=-2 -3 -4 4 -6 -7
leaf_value=-0.18309714233884489 1.9695654928684236 0.27960828343199362 -0.46323097783785605 -0.011759690004281509 0.29744470906443893 -0.090007908374835299
leaf_weight=283 25 45 26 39 32 78
leaf_count=283 25 45 26 39 32 78
internal_value=0 -0.0978909 -0.134981 -0.115226 0.1276 -0.162984
internal_weight=0 503 458 432 71 361
internal_count=528 503 458 432 71 361
is_linear=0
shrinkage=0.1


Tree=17
num_leaves=8
num_cat=0
split_feature=57 98 57 14 71 61 102
split_gain=9185.63 375.742 323.203 172.751 120.025 79.8872 120.736
threshold=11.349790906180422 60.500000000000007 6.1032167152179584 14.500000000000002 2.4999999999999996 7.8165344846659304 46.500000000000007
decision_type=2 2 2 2 2 2 2
left_child=1 4 3 -3 5 6 -1
right_child=-2 2 -4 -5 -6 -7 -8
leaf_value=-0.15786453781964871 1.832747332379222 0.39830816709078276 -0.20808989150183543 0.074530650151686542 0.048017490946222097 -0.31027849147717163 0.058878223917313989
leaf_weight=313 26 26 28 45 32 30 28
leaf_count=313 26 26 28 45 32 30 28
internal_value=0 -0.0949232 0.07963 0.193097 -0.137803 -0.153831 -0.140067
internal_weight=0 502 99 71 403 371 341
internal_count=528 502 99 71 403 371 341
is_linear=0
shrinkage=0.1


Tree=18
num_leaves=8
num_cat=0
split_feature=101 57 97 14 102 82 100
split_gain=8084.53 978.147 761.226 176.165 163.326 49.8914 29.9081
threshold=392.00000000000006 8.5020660954145093 316.00000000000006 16.500000000000004 37.500000000000007 2.2928571396852044 16.500000000000004
decision_type=2 2 2 2 2 2 2
left_child=1 2 4 -4 6 -6 -1
right_child=-2 -3 3 -5 5 -7 -8
leaf_value=-0.16508487935274677 1.6855725714453944 -0.7005398612022401 0.42736012103656934 0.10847295641490236 0.13784262067798911 -0.051054852759396585 -0.10646735813289164
leaf_weight=183 27 25 30 41 29 27 166
leaf_count=183 27 25 30 41 29 27 166
internal_value=0 -0.0908392 -0.0588172 0.243214 -0.111766 0.0467671 -0.137204
internal_weight=0 501 476 71 405 56 349
internal_count=528 501 476 71 405 56 349
is_linear=0
shrinkage=0.1


Tree=19
num_leaves=7
num_cat=0
split_feature=65 1 52 99 79 58
split_gain=7249.45 565.758 703.711 396.214 77.9599 55.627
threshold=19.36693081787633 185.00000000000003 14.750000000000002 279.50000000000006 3.5000000000000004 2.5000000000000004
decision_type=2 2 2 2 2 2
left_child=1 2 4 -4 5 -1
right_child=-2 -3 3 -5 -6 -7
leaf_value=-0.13859041908868605 1.6620704303979874 -0.53686714000426805 0.028992406688630581 0.50974707787235585 0.026221030004895653 -0.028713908584581484
leaf_weight=314 25 26 40 30 39 54
leaf_count=314 25 26 40 30 39 54
internal_value=0 -0.0826079 -0.0578474 0.23503 -0.108219 -0.122467
internal_weight=0 503 477 70 407 368
internal_count=528 503 477 70 407 368
is_linear=0
shrinkage=0.1


Tree=20
num_leaves=6
num_cat=0
split_feature=77 2 77 98 103
split_gain=6462.01 569.952 579.556 189.256 57.0996
threshold=28.500000000000004 37.500000000000007 11.500000000000002 71.500000000000014 131.00000000000003
decision_type=2 2 2 2 2
left_child=1 2 3 4 -1
right_child=-2 -3 -4 -5 -6
leaf_value=-0.11169632991037658 1.5692093162536622 -0.54344903278350831 0.35743126540910453 0.16387390042173453 0.020059758921464287
leaf_weight=381 25 25 32 29 36
leaf_count=381 25 25 32 29 36
internal_value=0 -0.0779925 -0.0536485 -0.0831431 -0.100322
internal_weight=0 503 478 446 417
internal_count=528 503 478 446 417
is_linear=0
shrinkage=0.1


Tree=21
num_leaves=7
num_cat=0
split_feature=102 2 77 98 84 47
split_gain=5676.46 495.945 452.862 124.309 95.5013 44.882
threshold=209.50000000000003 36.500000000000007 11.500000000000002 53.500000000000007 0.94425825643485939 730.00000000000011
decision_type=2 2 2 2 2 2
left_child=1 2 3 5 -5 -1
right_child=-2 -3 -4 4 -6 -7
leaf_value=-0.091790833743019939 1.4124038276848969 -0.49299208742600903 0.31089866170659664 -0.049696929894742517 0.19136169262368372 -0.22565697133541107
leaf_weight=346 27 27 32 42 27 27
leaf_count=346 27 27 32 42 27 27
internal_value=0 -0.0761176 -0.0523716 -0.0786717 0.0446304 -0.101481
internal_weight=0 501 474 442 69 373
internal_count=528 501 474 442 69 373
is_linear=0
shrinkage=0.1


Tree=22
num_leaves=6
num_cat=0
split_feature=58 96 73 77 98
split_gain=5081.81 467.046 577.002 69.2349 36.1868
threshold=27.000000000000004 29.500000000000004 5.5000000000000009 5.4999999999999991 58.500000000000007
decision_type=2 2 2 2 2
left_child=1 2 3 4 -1
right_child=-2 -3 -4 -5 -6
leaf_value=-0.099119582270375567 1.2639973006645839 -0.4038381399167702 0.36904625681138814 0.045784386956110236 0.023040859515850359
leaf_weight=360 30 40 31 41 26
leaf_count=360 30 40 31 41 26
internal_value=0 -0.0761444 -0.0475249 -0.0777677 -0.0908912
internal_weight=0 498 458 427 386
internal_count=528 498 458 427 386
is_linear=0
shrinkage=0.1


Tree=23
num_leaves=7
num_cat=0
split_feature=101 57 95 84 101 68
split_gain=4643.06 1121.08 360.363 186.429 65.2382 30.3944
threshold=392.00000000000006 8.5020660954145093 98.500000000000014 0.59177612190863982 135.50000000000003 10.088012343096846
decision_type=2 2 2 2 2 2
left_child=1 2 4 -4 5 -1
right_child=-2 -3 3 -5 -6 -7
leaf_value=-0.068455688702643389 1.2773863430376409 -0.72156980109214786 0.38307156969721501 0.051785762015045915 0.080993549124552658 -0.13927804356636972
leaf_weight=299 27 25 26 49 26 76
leaf_count=299 27 25 26 49 26 76
internal_value=0 -0.0688412 -0.0345592 0.166632 -0.0721884 -0.082809
internal_weight=0 501 476 75 401 375
internal_count=528 501 476 75 401 375
is_linear=0
shrinkage=0.1


Tree=24
num_leaves=6
num_cat=0
split_feature=65 96 99 4 8
split_gain=4293.57 716.729 321.885 162.463 65.5197
threshold=19.36693081787633 38.500000000000007 338.00000000000006 21.500000000000004 16.500000000000004
decision_type=2 2 2 2 2
left_child=1 2 3 4 -1
right_child=-2 -3 -4 -5 -6
leaf_value=-0.05983480578711764 1.2791054634153844 -0.5855339814424515 0.31303904882818462 0.1823234752372459 -0.21311377309262755
leaf_weight=396 25 25 25 27 30
leaf_count=396 25 25 25 27 30
internal_value=0 -0.0635738 -0.0362747 -0.0555525 -0.0706291
internal_weight=0 503 478 453 426
internal_count=528 503 478 453 426
is_linear=0
shrinkage=0.1


Tree=25
num_leaves=7
num_cat=0
split_feature=75 101 95 84 103 25
split_gain=3904.2 876.405 286.64 338.367 40.6431 28.793
threshold=19.500000000000004 278.50000000000006 98.500000000000014 0.68432406471780916 131.00000000000003 1.897353801849633e-19
decision_type=2 2 2 2 2 2
left_child=1 2 4 -4 5 -1
right_child=-2 -3 3 -5 -6 -7
leaf_value=-0.023156367052860304 1.1948528505288638 -0.62723473372081162 0.44923249220848088 -0.0028754005778808983 0.045699948937662188 -0.088908741633657001
leaf_weight=87 26 26 25 49 31 284
leaf_count=87 26 26 25 49 31 284
internal_value=0 -0.0618848 -0.0310043 0.149864 -0.0642985 -0.0734897
internal_weight=0 502 476 74 402 371
internal_count=528 502 476 74 402 371
is_linear=0
shrinkage=0.1


Tree=26
num_leaves=7
num_cat=0
split_feature=57 101 61 95 85 52
split_gain=3379.79 475.82 186.254 300.083 170.345 39.7932
threshold=11.349790906180422 278.50000000000006 10.486235154264909 98.500000000000014 0.53129695292979917 4.2500000000000009
decision_type=2 2 2 2 2 2
left_child=1 2 3 5 -5 -1
right_child=-2 -3 -4 4 -6 -7
leaf_value=-0.069844702796459796 1.111714225090467 -0.48284286737442017 -0.29039478815264175 0.038714940739529476 0.37302113638983836 0.0069404895117656257
leaf_weight=301 26 25 27 35 27 87
leaf_count=301 26 25 27 35 27 87
internal_value=0 -0.0575788 -0.0352904 -0.0199841 0.1843 -0.0526274
internal_weight=0 502 477 450 62 388
internal_count=528 502 477 450 62 388
is_linear=0
shrinkage=0.1


Tree=27
num_leaves=7
num_cat=0
split_feature=101 57 95 17 101 68
split_gain=3078.04 1248.46 197.71 123.901 59.9611 36.9035
threshold=392.00000000000006 8.5020660954145093 98.500000000000014 92.000000000000014 135.50000000000003 16.500041426034148
decision_type=2 2 2 2 2 2
left_child=1 2 4 -4 5 -1
right_child=-2 -3 3 -5 -6 -7
leaf_value=-0.048677212316137947 1.0400577642299511 -0.74486628973484048 0.29567251652479171 0.029943121232567951 0.099110162945894101 -0.16430956065654756
leaf_weight=345 27 25 28 47 26 30
leaf_count=345 27 25 28 47 26 30
internal_value=0 -0.056051 -0.0198737 0.129149 -0.0477458 -0.0579278
internal_weight=0 501 476 75 401 375
internal_count=528 501 476 75 401 375
is_linear=0
shrinkage=0.1


Tree=28
num_leaves=6
num_cat=0
split_feature=71 15 59 59 56
split_gain=2846.41 886.119 359.521 151.535 70.807
threshold=5.5 832.00000000000011 24.500000000000004 19.500000000000004 9.3750000000000018
decision_type=2 2 2 2 2
left_child=1 2 3 4 -1
right_child=-2 -3 -4 -5 -6
leaf_value=-0.053479216859477298 0.88502590945538351 -0.6410074442028999 0.2607309660468346 -0.26933341055147109 0.090029744568624004
leaf_weight=361 34 25 39 31 38
leaf_count=361 34 25 39 31 38
internal_value=0 -0.0609127 -0.0299908 -0.0563586 -0.0398117
internal_weight=0 494 469 430 399
internal_count=528 494 469 430 399
is_linear=0
shrinkage=0.1


Tree=29
num_leaves=7
num_cat=0
split_feature=9 103 103 61 95 75
split_gain=2975.04 797.795 276.067 212.975 91.6197 88.8785
threshold=238.00000000000003 309.00000000000006 131.00000000000003 9.5220589007680925 98.500000000000014 4.5000000000000009
decision_type=2 2 2 2 2 2
left_child=1 2 3 5 -4 -1
right_child=-2 -3 4 -5 -6 -7
leaf_value=-0.048976831161873596 1.043024665518449 -0.59342088011594918 0.046685246825218206 -0.32557201286156978 0.28993626711890103 0.1302319112699479
leaf_weight=357 26 26 30 27 32 30
leaf_count=357 26 26 30 27 32 30
internal_value=0 -0.0540212 -0.0245582 -0.0540295 0.172234 -0.0350847
internal_weight=0 502 476 414 62 387
internal_count=528 502 476 414 62 387
is_linear=0
shrinkage=0.1


Tree=30
num_leaves=6
num_cat=0
split_feature=54 96 73 5 9
split_gain=2626.14 728.626 218.05 65.04 99.9889
threshold=35.500000000000007 33.500000000000007 5.5000000000000009 144.50000000000003 119.50000000000001
decision_type=2 2 2 2 2
left_child=1 2 3 4 -1
right_child=-2 -3 -4 -5 -6
leaf_value=-0.040775986715635301 1.000359976530075 -0.52762098282575609 0.2326440079137683 -0.19112765651482802 0.16177694922169816
leaf_weight=389 25 30 32 26 26
leaf_count=389 25 30 32 26 26
internal_value=0 -0.0497197 -0.0194088 -0.0376984 -0.0280859
internal_weight=0 503 473 441 415
internal_count=528 503 473 441 415
is_linear=0
shrinkage=0.1


Tree=31
num_leaves=6
num_cat=0
split_feature=65 96 50 79 99
split_gain=2353.19 821.213 147.383 195.018 109.897
threshold=19.36693081787633 38.500000000000007 27.500000000000004 11.000000000000004 266.50000000000006
decision_type=2 2 2 2 2
left_child=1 2 3 4 -1
right_child=-2 -3 -4 -5 -6
leaf_value=-0.031125644305816692 0.94694610643386845 -0.60577675879746673 0.17110510467502632 -0.3054092525243759 0.18122608677412455
leaf_weight=389 25 25 38 25 26
leaf_count=389 25 25 38 25 26
internal_value=0 -0.0470649 -0.0178436 -0.0341619 -0.0178217
internal_weight=0 503 478 440 415
internal_count=528 503 478 440 415
is_linear=0
shrinkage=0.1


Tree=32
num_leaves=6
num_cat=0
split_feature=71 15 59 59 98
split_gain=2311.42 1079.83 244.754 130.811 56.7967
threshold=5.5 832.00000000000011 24.500000000000004 19.500000000000004 60.500000000000007
decision_type=2 2 2 2 2
left_child=1 2 3 4 -1
right_child=-2 -3 -4 -5 -6
leaf_value=-0.037502766748252668 0.79752863584195877 -0.69526142692565918 0.21911693369695107 -0.24038747212579176 0.1101978115072208
leaf_weight=371 34 25 39 31 28
leaf_count=371 34 25 39 31 28
internal_value=0 -0.0548906 -0.0207557 -0.0425116 -0.0271378
internal_weight=0 494 469 430 399
internal_count=528 494 469 430 399
is_linear=0
shrinkage=0.1


Tree=33
num_leaves=7
num_cat=0
split_feature=9 103 61 99 65 85
split_gain=2284.91 755.102 197.422 224.156 88.5875 25.2081
threshold=238.00000000000003 309.00000000000006 9.9673038102029903 230.50000000000003 6.4798109001462008 -0.60038941812636415
decision_type=2 2 2 2 2 2
left_child=1 2 3 5 -5 -1
right_child=-2 -3 -4 4 -6 -7
leaf_value=-0.060948696946287718 0.91407663039863118 -0.57211116543039686 -0.27628399971872569 0.063659539487626815 0.32227560930813737 -0.0088283204874856688
leaf_weight=149 26 26 28 27 26 246
leaf_count=149 26 26 28 27 26 246
internal_value=0 -0.0473426 -0.0186788 -0.00257846 0.190528 -0.0284889
internal_weight=0 502 476 448 53 395
internal_count=528 502 476 448 53 395
is_linear=0
shrinkage=0.1


Tree=34
num_leaves=6
num_cat=0
split_feature=77 101 47 102 0
split_gain=2085.42 1033.78 158.087 196.534 112.464
threshold=28.500000000000004 295.50000000000006 832.00000000000011 123.50000000000001 15.500000000000002
decision_type=2 2 2 2 2
left_child=1 2 3 4 -1
right_child=-2 -3 -4 -5 -6
leaf_value=-0.029470732560410551 0.89144285333156592 -0.64624338392858149 -0.24517224949819072 0.26552843087249334 0.14676759451627733
leaf_weight=382 25 27 27 27 40
leaf_count=382 25 27 27 27 40
internal_value=0 -0.0443063 -0.0101628 0.00396916 -0.0127657
internal_weight=0 503 476 449 422
internal_count=528 503 476 449 422
is_linear=0
shrinkage=0.1


Tree=35
num_leaves=6
num_cat=0
split_feature=101 57 7 71 54
split_gain=1966.65 1252.16 84.524 58.9821 62.2651
threshold=392.00000000000006 8.5020660954145093 510.50000000000006 4.0000000000000018 15.500000000000002
decision_type=2 2 2 2 2
left_child=1 2 3 4 -1
right_child=-2 -3 -4 -5 -6
leaf_value=-0.020628603219012095 0.8313498081984344 -0.73463637738674881 0.17040753298997879 -0.16777561644278469 0.12441681008785964
leaf_weight=394 27 25 25 25 32
leaf_count=394 27 25 25 25 32
internal_value=0 -0.0448033 -0.00857255 -0.0184938 -0.00973317
internal_weight=0 501 476 451 426
internal_count=528 501 476 451 426
is_linear=0
shrinkage=0.1


Tree=36
num_leaves=7
num_cat=0
split_feature=9 73 98 62 99 10
split_gain=1829.46 754.573 102.092 161.495 55.1582 31.2181
threshold=238.00000000000003 10.500000000000002 64.500000000000014 7.5000000000000018 200.50000000000003 11.500000000000002
decision_type=2 2 2 2 2 2
left_child=1 2 4 -4 5 -1
right_child=-2 -3 3 -5 -6 -7
leaf_value=-0.034751332783254617 0.81791831105947499 -0.53750496722500907 0.26472817589528858 -0.046091112962790899 -0.14558048726696718 0.034937877347131809
leaf_weight=285 26 29 32 35 38 83
leaf_count=285 26 29 32 35 38 83
internal_value=0 -0.0423623 -0.0120047 0.10236 -0.0308777 -0.0190334
internal_weight=0 502 473 67 406 368
internal_count=528 502 473 67 406 368
is_linear=0
shrinkage=0.1


Tree=37
num_leaves=7
num_cat=0
split_feature=71 10 9 8 13 4
split_gain=1808.17 1286.82 153.334 177.378 104.504 78.9542
threshold=5.5 40.000000000000007 119.50000000000001 16.500000000000004 157.50000000000003 8.5000000000000018
decision_type=2 2 2 2 2 2
left_child=1 2 3 5 -4 -1
right_child=-2 -3 4 -5 -6 -7
leaf_value=-0.025957928622222466 0.70538631809108399 -0.68328601640959585 0.30247661525011066 -0.27529977609713874 0.013333944678306581 0.11925622713973834
leaf_weight=345 34 30 25 27 25 42
leaf_count=345 34 30 25 27 25 42
internal_value=0 -0.0485489 -0.00750981 -0.0274875 0.157905 -0.0101983
internal_weight=0 494 464 414 50 387
internal_count=528 494 464 414 50 387
is_linear=0
shrinkage=0.1


Tree=38
num_leaves=6
num_cat=0
split_feature=9 95 59 2 96
split_gain=1642.73 728.838 92.8342 37.6353 64.3771
threshold=238.00000000000003 157.50000000000003 24.500000000000004 19.500000000000004 16.500000000000004
decision_type=2 2 2 2 2
left_child=1 2 3 4 -1
right_child=-2 -3 -4 -5 -6
leaf_value=-0.02071684267682334 0.77505292617357702 -0.4441802015391792 0.14997842754754756 -0.1198313776065003 0.12729020540136846
leaf_weight=360 26 41 36 33 32
leaf_count=360 26 41 36 33 32
internal_value=0 -0.0401422 -0.00420822 -0.0172687 -0.00863463
internal_weight=0 502 461 425 392
internal_count=528 502 461 425 392
is_linear=0
shrinkage=0.1


Tree=39
num_leaves=6
num_cat=0
split_feature=75 10 85 103 47
split_gain=1637.08 1026.29 77.6646 130.107 23.6999
threshold=18.500000000000004 40.000000000000007 0.98005052076767474 171.00000000000003 730.00000000000011
decision_type=2 2 2 2 2
left_child=1 2 3 4 -1
right_child=-2 -3 -4 -5 -6
leaf_value=-0.0081234074277745094 0.71741750160853068 -0.65487167832369986 -0.18104896062612535 0.19435586576437347 -0.099020584417326807
leaf_weight=384 30 26 25 32 31
leaf_count=384 30 26 25 32 31
internal_value=0 -0.0432179 -0.00952513 6.7922e-05 -0.0149133
internal_weight=0 498 472 447 415
internal_count=528 498 472 447 415
is_linear=0
shrinkage=0.1


Tree=40
num_leaves=6
num_cat=0
split_feature=63 98 85 99 80
split_gain=1452.67 610.685 154.068 186.175 27.3748
threshold=70.500000000000014 112.00000000000001 0.97461712852231652 270.50000000000006 -0.12499999999999993
decision_type=2 2 2 2 2
left_child=1 2 3 4 -1
right_child=-2 -3 -4 -5 -6
leaf_value=0.014087422434992428 0.74401387763023374 -0.51878075797110801 -0.23117186204219858 0.25258221295412764 -0.03716122712041333
leaf_weight=192 25 25 30 28 228
leaf_count=192 25 25 30 28 228
internal_value=0 -0.0369788 -0.01178 0.00291144 -0.0137333
internal_weight=0 503 478 448 420
internal_count=528 503 478 448 420
is_linear=0
shrinkage=0.1


Tree=41
num_leaves=6
num_cat=0
split_feature=71 15 52 101 103
split_gain=1404.72 1270.98 129.391 102.413 45.1466
threshold=5.5 832.00000000000011 22.500000000000004 182.50000000000003 131.00000000000003
decision_type=2 2 2 2 2
left_child=1 2 3 4 -1
right_child=-2 -3 -4 -5 -6
leaf_value=-0.016870976424149028 0.62172994604882081 -0.7375321566760541 0.19883569278593721 -0.21175751802153311 0.10505419621864956
leaf_weight=381 34 25 29 26 33
leaf_count=381 34 25 29 26 33
internal_value=0 -0.0427911 -0.00575803 -0.0192426 -0.0071523
internal_weight=0 494 469 440 414
internal_count=528 494 469 440 414
is_linear=0
shrinkage=0.1


Tree=42
num_leaves=7
num_cat=0
split_feature=9 73 48 80 54 97
split_gain=1397.65 848.184 77.6762 151.855 120.382 54.8475
threshold=238.00000000000003 10.500000000000002 13.500000000000002 -0.1633333333333333 13.500000000000002 227.00000000000003
decision_type=2 2 2 2 2 2
left_child=1 2 4 -4 5 -1
right_child=-2 -3 3 -5 -6 -7
leaf_value=-0.018713168365783323 0.71490453816950328 -0.56198511200732193 -0.029544683794180557 0.25808523133877787 -0.22641906748284346 0.12686201749768641
leaf_weight=342 26 29 45 31 27 28
leaf_count=342 26 29 45 31 27 28
internal_value=0 -0.0370269 -0.00484133 0.087778 -0.022572 -0.00769667
internal_weight=0 502 473 76 397 370
internal_count=528 502 473 76 397 370
is_linear=0
shrinkage=0.1


Tree=43
num_leaves=6
num_cat=0
split_feature=77 101 43 102 54
split_gain=1275.06 960.456 118.605 115.513 58.9722
threshold=28.500000000000004 295.50000000000006 832.00000000000011 123.50000000000001 15.500000000000002
decision_type=2 2 2 2 2
left_child=1 2 3 4 -1
right_child=-2 -3 -4 -5 -6
leaf_value=-0.012476970992180744 0.69704802799224863 -0.61484282778369059 -0.20940142878546167 0.21080263257026674 0.13770443333612223
leaf_weight=395 25 27 26 27 28
leaf_count=395 25 27 26 27 28
internal_value=0 -0.0346445 -0.00173413 0.0102644 -0.00253589
internal_weight=0 503 476 450 423
internal_count=528 503 476 450 423
is_linear=0
shrinkage=0.1


Tree=44
num_leaves=6
num_cat=0
split_feature=101 55 98 43 96
split_gain=1304.07 1270.77 58.4684 49.8716 37.8597
threshold=392.00000000000006 36.500000000000007 71.500000000000014 647.00000000000011 18.500000000000004
decision_type=2 2 2 2 2
left_child=1 2 3 4 -1
right_child=-2 -3 -4 -5 -6
leaf_value=-0.010250003711998506 0.67697223811237905 -0.70378363905129615 0.10996828254726199 -0.12424403210303614 0.091271411536670316
leaf_weight=353 27 27 45 35 41
leaf_count=353 27 27 45 35 41
internal_value=0 -0.0364835 0.00152723 -0.0098477 0.000314408
internal_weight=0 501 474 429 394
internal_count=528 501 474 429 394
is_linear=0
shrinkage=0.1


Tree=45
num_leaves=7
num_cat=0
split_feature=77 101 46 95 84 87
split_gain=1110.39 881.057 46.6312 49.9764 75.3841 21.8633
threshold=23.000000000000004 229.50000000000003 44.500000000000007 98.500000000000014 0.89787622492179164 -0.92102475405321715
decision_type=2 2 2 2 2 2
left_child=1 2 3 5 -5 -1
right_child=-2 -3 -4 4 -6 -7
leaf_value=-0.066935688891131787 0.55277128894539451 -0.54548483999678865 -0.12345633734289246 0.21807624588792143 -0.018391085535820043 0.00233089481609372
leaf_weight=53 34 32 30 26 28 325
leaf_count=53 34 32 30 26 28 325
internal_value=0 -0.038045 -0.00289764 0.00547449 0.0954636 -0.00738109
internal_weight=0 494 462 432 54 378
internal_count=528 494 462 432 54 378
is_linear=0
shrinkage=0.1


Tree=46
num_leaves=7
num_cat=0
split_feature=9 73 48 81 77 85
split_gain=1087.21 829.125 58.3535 117.674 113.408 38.4766
threshold=238.00000000000003 10.500000000000002 13.500000000000002 0.48529411346453283 9.5000000000000018 -0.031174269516803289
decision_type=2 2 2 2 2 2
left_child=1 2 4 -4 5 -1
right_child=-2 -3 3 -5 -6 -7
leaf_value=-0.026695022758685502 0.63052739260288382 -0.55168358498606185 -0.03552540628375804 0.21411845688308989 -0.21809840763990698 0.04003431765535969
leaf_weight=234 26 29 41 35 26 137
leaf_count=234 26 29 41 35 26 137
internal_value=0 -0.0326568 -0.000834859 0.0794422 -0.0162028 -0.00205373
internal_weight=0 502 473 76 397 371
internal_count=528 502 473 76 397 371
is_linear=0
shrinkage=0.1


Tree=47
num_leaves=6
num_cat=0
split_feature=71 15 52 95 2
split_gain=1102.34 1313.33 109.311 111.659 29.2914
threshold=5.5 808.00000000000011 22.500000000000004 119.50000000000001 12.000000000000004
decision_type=2 2 2 2 2
left_child=1 2 3 4 -1
right_child=-2 -3 -4 -5 -6
leaf_value=-0.01063244922930873 0.55076237776700188 -0.7160172913637427 0.19660620495021619 -0.20033111277734861 0.05616900085403425
leaf_weight=329 34 27 27 29 82
leaf_count=329 34 27 27 29 82
internal_value=0 -0.0379067 0.00129882 -0.010686 0.00269533
internal_weight=0 494 467 440 411
internal_count=528 494 467 440 411
is_linear=0
shrinkage=0.1


Tree=48
num_leaves=6
num_cat=0
split_feature=101 55 101 46 57
split_gain=1046.06 1116.78 50.7389 46.2528 44.3985
threshold=392.00000000000006 36.500000000000007 156.50000000000003 44.500000000000007 5.4120667405449803
decision_type=2 2 2 2 2
left_child=1 2 3 4 -1
right_child=-2 -3 -4 -5 -6
leaf_value=-0.0091622562888103425 0.60631581754596153 -0.65823951813357851 0.10275629049409991 -0.1397549291998148 0.11539945676922798
leaf_weight=372 27 27 46 25 31
leaf_count=372 27 27 46 25 31
internal_value=0 -0.0326757 0.00295768 -0.00776834 0.000419414
internal_weight=0 501 474 428 403
internal_count=528 501 474 428 403
is_linear=0
shrinkage=0.1


Tree=49
num_leaves=6
num_cat=0
split_feature=9 96 4 99 14
split_gain=987.908 765.163 69.3228 160.899 18.0032
threshold=238.00000000000003 37.500000000000007 18.500000000000004 284.50000000000006 1.0000000000000009
decision_type=2 2 2 2 2
left_child=1 2 3 4 -1
right_child=-2 -3 -4 -5 -6
leaf_value=-0.03250077383808133 0.60104438519248604 -0.54896313150723774 -0.11697780231900633 0.25205549291120127 0.011439131082711267
leaf_weight=147 26 27 47 26 255
leaf_count=147 26 27 47 26 255
internal_value=0 -0.0311298 -0.00169505 0.0109645 -0.00462845
internal_weight=0 502 475 428 402
internal_count=528 502 475 428 402
is_linear=0
shrinkage=0.1


Tree=50
num_leaves=6
num_cat=0
split_feature=77 101 33 102 54
split_gain=977.544 935.862 72.9165 105.294 25.1304
threshold=26.000000000000004 278.50000000000006 219.00000000000003 119.00000000000001 15.500000000000002
decision_type=2 2 2 2 2
left_child=1 2 3 4 -1
right_child=-2 -3 -4 -5 -6
leaf_value=-0.010087451509381788 0.54481430399802422 -0.61803429252826259 -0.1582456487696618 0.20750092923641206 0.091434027741734814
leaf_weight=392 31 26 28 25 26
leaf_count=392 31 26 28 25 26
internal_value=0 -0.0339824 -0.00174172 0.00815017 -0.00377272
internal_weight=0 497 471 443 418
internal_count=528 497 471 443 418
is_linear=0
shrinkage=0.1


Tree=51
num_leaves=6
num_cat=0
split_feature=65 96 1 82 34
split_gain=895.769 726.712 110.761 69.0815 37.8207
threshold=19.36693081787633 38.500000000000007 146.50000000000003 449999999.00000006 33.500000000000007
decision_type=2 2 2 2 2
left_child=1 2 3 4 -1
right_child=-2 -3 -4 -5 -6
leaf_value=-0.0070815842433213276 0.58424504649639131 -0.55462079355120664 -0.19095981532129749 0.17222072821855547 0.10939513479049008
leaf_weight=394 25 25 29 25 30
leaf_count=394 25 25 29 25 30
internal_value=0 -0.029038 -0.00154939 0.0106842 0.00115969
internal_weight=0 503 478 449 424
internal_count=528 503 478 449 424
is_linear=0
shrinkage=0.1


Tree=52
num_leaves=6
num_cat=0
split_feature=71 11 52 95 58
split_gain=850.51 1213.52 93.5864 77.6768 23.0239
threshold=5.5 792.00000000000011 22.500000000000004 119.50000000000001 5.5000000000000009
decision_type=2 2 2 2 2
left_child=1 2 3 4 -1
right_child=-2 -3 -4 -5 -6
leaf_value=-0.0068711793645475569 0.48377870698185532 -0.71215118694305424 0.1836277082010552 -0.16635228020363843 0.059675852444450388
leaf_weight=352 34 25 27 29 61
leaf_count=352 34 25 27 29 61
internal_value=0 -0.0332965 0.00288977 -0.00815078 0.0029578
internal_weight=0 494 469 442 413
internal_count=528 494 469 442 413
is_linear=0
shrinkage=0.1


Tree=53
num_leaves=7
num_cat=0
split_feature=9 73 48 80 77 85
split_gain=878.847 811.67 54.7292 118.641 97.6514 29.8623
threshold=238.00000000000003 10.500000000000002 13.500000000000002 -0.1633333333333333 9.5000000000000018 -0.031174269516803289
decision_type=2 2 2 2 2 2
left_child=1 2 4 -4 5 -1
right_child=-2 -3 3 -5 -6 -7
leaf_value=-0.021338045084053001 0.56689778616150421 -0.54289539497474149 -0.023833486363291741 0.23040243692455756 -0.20010497776361613 0.037448817234228014
leaf_weight=234 26 29 45 31 26 137
leaf_count=234 26 29 45 31 26 137
internal_value=0 -0.0293612 0.00212394 0.079868 -0.0127591 0.000370311
internal_weight=0 502 473 76 397 371
internal_count=528 502 473 76 397 371
is_linear=0
shrinkage=0.1


Tree=54
num_leaves=7
num_cat=0
split_feature=66 68 5 96 99 7
split_gain=855.003 3681.81 1263.83 533.958 58.7888 53.554
threshold=7.5000000000000018 19.716845886420906 167.00000000000003 32.500000000000007 284.50000000000006 276.50000000000006
decision_type=2 2 2 2 2 2
left_child=1 3 -2 4 5 -1
right_child=2 -3 -4 -5 -6 -7
leaf_value=0.0067513932020322638 0.038091867680058761 1.2259047986865044 -0.89852397084236157 -0.44404788826193126 0.14703881237655878 -0.14456582669168713
leaf_weight=363 34 25 25 28 28 25
leaf_count=363 34 25 25 28 28 25
internal_value=0 0.0451343 -0.358779 -0.0213505 0.00710023 -0.00299843
internal_weight=0 469 59 444 416 388
internal_count=528 469 59 444 416 388
is_linear=0
shrinkage=0.1


Tree=55
num_leaves=6
num_cat=0
split_feature=54 53 46 52 85
split_gain=824.52 510.735 58.4028 66.8407 73.1992
threshold=35.500000000000007 5.3033008588991128 44.500000000000007 22.500000000000004 0.97263757644091875
decision_type=2 2 2 2 2
left_child=1 2 3 4 -1
right_child=-2 -3 -4 -5 -6
leaf_value=0.0072559290728649974 0.56052849256992343 -0.42797316461801532 -0.14529641118866427 0.16175705072684932 -0.16598205183847592
leaf_weight=394 25 30 27 26 26
leaf_count=394 25 30 27 26 26
internal_value=0 -0.0278593 -0.00248207 0.00616365 -0.00346833
internal_weight=0 503 473 446 420
internal_count=528 503 473 446 420
is_linear=0
shrinkage=0.1


Tree=56
num_leaves=6
num_cat=0
split_feature=31 56 59 70 85
split_gain=801.339 2590.41 465.042 86.9571 108.685
threshold=858.00000000000011 35.250000000000007 29.500000000000004 16.763931870486246 0.96633974041180493
decision_type=2 2 2 2 2
left_child=1 2 3 4 -1
right_child=-2 -3 -4 -5 -6
leaf_value=0.00084038155170856042 -0.54132299090807257 1.020287075161934 -0.44381033408641812 0.17327197238251016 -0.2140806960873306
leaf_weight=400 26 25 25 27 25
leaf_count=400 26 25 25 27 25
internal_value=0 0.0280366 -0.0239681 -0.000746729 -0.011802
internal_weight=0 502 477 452 425
internal_count=528 502 477 452 425
is_linear=0
shrinkage=0.1


Tree=57
num_leaves=8
num_cat=0
split_feature=80 21 10 9 3 18 54
split_gain=773.867 2753.86 1628.93 119.488 278.561 111.41 60.8525
threshold=4.9999999999999982 67.500000000000014 38.500000000000007 126.00000000000001 443.00000000000006 2.0000000000000004 9.5000000000000018
decision_type=2 2 2 2 2 2 2
left_child=2 5 3 4 6 -2 -1
right_child=1 -3 -4 -5 -6 -7 -8
leaf_value=-0.015322626071887916 0.02413226259074041 1.1581755421161652 -0.83712383300066007 0.15599126583192408 -0.34631154942512515 -0.25226457181572914 0.11866166599487003
leaf_weight=314 35 25 25 41 25 25 38
leaf_count=314 35 25 25 41 25 25 38
internal_value=0 0.276381 -0.0530303 -0.00613471 -0.0237664 -0.0910331 -0.000858413
internal_weight=0 85 443 418 377 60 352
internal_count=528 85 443 418 377 60 352
is_linear=0
shrinkage=0.1


Tree=58
num_leaves=6
num_cat=0
split_feature=9 55 59 85 98
split_gain=736.081 673.884 68.9564 103.854 72.063
threshold=238.00000000000003 36.500000000000007 25.500000000000004 0.97461712852231652 64.500000000000014
decision_type=2 2 2 2 2
left_child=1 2 3 4 -1
right_child=-2 -3 -4 -5 -6
leaf_value=-0.0093653016479220245 0.51881330609321596 -0.52261504278733184 0.15245292420523973 -0.19578151173357453 0.14050532909376282
leaf_weight=385 26 26 28 28 35
leaf_count=385 26 26 28 28 35
internal_value=0 -0.0268708 0.000207657 -0.00930767 0.00312392
internal_weight=0 502 476 448 420
internal_count=528 502 476 448 420
is_linear=0
shrinkage=0.1


Tree=59
num_leaves=6
num_cat=0
split_feature=71 68 9 9 4
split_gain=750.886 1134.13 61.3399 123.788 95.4556
threshold=5.5 30.38573913122217 169.50000000000003 126.00000000000001 15.500000000000002
decision_type=2 2 2 2 2
left_child=1 2 3 4 -1
right_child=-2 -3 -4 -5 -6
leaf_value=0.013751227207194461 0.45456290209994599 -0.67412626032645884 -0.14188632939045351 0.22505433820389534 -0.16867126118271583
leaf_weight=384 34 26 27 26 31
leaf_count=384 34 26 27 26 31
internal_value=0 -0.0312857 0.00442766 0.0133857 0.000124487
internal_weight=0 494 468 441 415
internal_count=528 494 468 441 415
is_linear=0
shrinkage=0.1


Tree=60
num_leaves=6
num_cat=0
split_feature=60 71 82 79 97
split_gain=712.223 554.008 58.637 100.904 36.7313
threshold=38.250000000000007 5.5 449999999.00000006 10.500000000000002 257.00000000000006
decision_type=2 2 2 2 2
left_child=1 2 3 4 -1
right_child=-2 -3 -4 -5 -6
leaf_value=-0.007781653351028108 0.50029700001080835 -0.4436290196577708 0.14860685399174692 -0.20396709075570107 0.085154448232303059
leaf_weight=373 27 30 25 25 48
leaf_count=373 27 30 25 25 48
internal_value=0 -0.0269621 -0.000422822 -0.0087765 0.00281439
internal_weight=0 501 471 446 421
internal_count=528 501 471 446 421
is_linear=0
shrinkage=0.1


Tree=61
num_leaves=7
num_cat=0
split_feature=66 7 5 71 73 44
split_gain=721.96 2906.18 1077.83 395.386 62.9832 30.0384
threshold=7.5000000000000018 679.00000000000011 167.00000000000003 4.0000000000000018 2.5000000000000004 28.500000000000004
decision_type=2 2 2 2 2 2
left_child=1 3 -2 4 5 -1
right_child=2 -3 -4 -5 -6 -7
leaf_value=0.00041372543997557115 0.03681945483583738 1.0689934315016636 -0.82813274699449535 -0.36935996046910685 0.11431754083362951 -0.11111800733667154
leaf_weight=339 34 26 25 30 48 26
leaf_count=339 34 26 25 30 48 26
internal_value=0 0.0414743 -0.329686 -0.0188315 0.00663057 -0.007531
internal_weight=0 469 59 443 413 365
internal_count=528 469 59 443 413 365
is_linear=0
shrinkage=0.1


Tree=62
num_leaves=6
num_cat=0
split_feature=71 11 52 7 54
split_gain=716.651 942.412 61.9396 60.7431 51.4351
threshold=5.5 792.00000000000011 22.500000000000004 291.00000000000006 9.5000000000000018
decision_type=2 2 2 2 2
left_child=1 2 3 4 -1
right_child=-2 -3 -4 -5 -6
leaf_value=-0.0039964466398764078 0.44407977023545436 -0.62880143958330159 0.14836188521650104 -0.11264409452411871 0.14423223996162415
leaf_weight=368 34 25 27 49 25
leaf_count=368 34 25 27 49 25
internal_value=0 -0.0305642 0.00132478 -0.00765712 0.00543286
internal_weight=0 494 469 442 393
internal_count=528 494 469 442 393
is_linear=0
shrinkage=0.1


Tree=63
num_leaves=6
num_cat=0
split_feature=9 98 59 85 98
split_gain=750.119 660.767 96.5567 106.944 40.6608
threshold=238.00000000000003 112.00000000000001 25.500000000000004 0.97461712852231652 64.500000000000014
decision_type=2 2 2 2 2
left_child=1 2 3 4 -1
right_child=-2 -3 -4 -5 -6
leaf_value=-0.0074876489889408862 0.52373691293625879 -0.49916977797235762 0.17439192654564978 -0.20384693857696323 0.10982652683742344
leaf_weight=385 26 28 30 27 32
leaf_count=385 26 28 30 27 32
internal_value=0 -0.0271258 0.000758638 -0.0109733 0.00151488
internal_weight=0 502 474 444 417
internal_count=528 502 474 444 417
is_linear=0
shrinkage=0.1


Tree=64
num_leaves=6
num_cat=0
split_feature=71 9 83 79 97
split_gain=633.636 923.825 59.7466 37.6511 33.8617
threshold=5.5 203.00000000000003 649999998.46874106 7.5000000000000009 257.00000000000006
decision_type=2 2 2 2 2
left_child=1 2 3 4 -1
right_child=-2 -3 -4 -5 -6
leaf_value=-0.0048790276928888108 0.41756792945020343 -0.56655057867988945 0.15331422920123891 -0.11710063790281613 0.0898837382949534
leaf_weight=369 34 30 26 27 42
leaf_count=369 34 30 26 27 42
internal_value=0 -0.0287395 0.00603278 -0.00270996 0.00480476
internal_weight=0 494 464 438 411
internal_count=528 494 464 438 411
is_linear=0
shrinkage=0.1


Tree=65
num_leaves=6
num_cat=0
split_feature=9 55 103 99 45
split_gain=719.336 587.172 68.038 83.418 20.6214
threshold=238.00000000000003 36.500000000000007 233.50000000000003 292.50000000000006 5.5000000000000009
decision_type=2 2 2 2 2
left_child=1 2 3 4 -1
right_child=-2 -3 -4 -5 -6
leaf_value=0.026878799133517435 0.51287794712787638 -0.48931478153054536 -0.15857377579578988 0.18532098138332367 -0.01907812132604161
leaf_weight=152 26 26 26 25 273
leaf_count=152 26 26 26 25 273
internal_value=0 -0.0265634 -0.00128707 0.00780061 -0.00264176
internal_weight=0 502 476 450 425
internal_count=528 502 476 450 425
is_linear=0
shrinkage=0.1


Tree=66
num_leaves=6
num_cat=0
split_feature=60 71 51 4 97
split_gain=618.187 508.003 50.7432 87.2731 59.0172
threshold=38.250000000000007 5.5 472.50000000000006 18.500000000000004 346.00000000000006
decision_type=2 2 2 2 2
left_child=1 2 3 4 -1
right_child=-2 -3 -4 -5 -6
leaf_value=-0.0031845096187055038 0.46610101653538927 -0.42411104381084447 0.13608554636056608 -0.14481872046987218 0.15546038299798967
leaf_weight=378 27 30 26 42 25
leaf_count=378 27 30 26 42 25
internal_value=0 -0.0251192 0.000294274 -0.0076396 0.00665698
internal_weight=0 501 471 445 403
internal_count=528 501 471 445 403
is_linear=0
shrinkage=0.1


Tree=67
num_leaves=6
num_cat=0
split_feature=73 9 54 95 54
split_gain=639.756 854.775 68.2831 23.4259 30.8349
threshold=10.500000000000002 203.00000000000003 21.500000000000004 109.50000000000001 11.500000000000002
decision_type=2 2 2 2 2
left_child=1 2 3 4 -1
right_child=-2 -3 -4 -5 -6
leaf_value=-0.0061745084508310092 0.42632023439262856 -0.55518682249018869 0.16183217064692423 -0.09345475505771382 0.10437525979898594
leaf_weight=385 33 29 26 28 27
leaf_count=385 33 29 26 28 27
internal_value=0 -0.0284214 0.00436019 -0.00494497 0.00107026
internal_weight=0 495 466 440 412
internal_count=528 495 466 440 412
is_linear=0
shrinkage=0.1


Tree=68
num_leaves=8
num_cat=0
split_feature=9 73 49 77 4 68 60
split_gain=615.195 535.851 37.1533 85.9661 77.7115 31.9057 6.38741
threshold=238.00000000000003 10.500000000000002 90.000000000000014 7.5000000000000018 18.500000000000004 16.500041426034148 2.0625000000000004
decision_type=2 2 2 2 2 2 2
left_child=1 2 4 6 5 -1 -4
right_child=-2 -3 3 -5 -6 -7 -8
leaf_value=0.0079970261771096906 0.47430148766590996 -0.44182046310141171 0.024900360863942369 0.21255373358726504 -0.18207513256371022 -0.10899484486784786 -0.045195218834739467
leaf_weight=345 26 29 26 26 25 25 26
leaf_count=345 26 29 26 26 25 25 26
internal_value=0 -0.0245654 0.00101682 0.0640863 -0.0114374 9.217e-05 -0.0101474
internal_weight=0 502 473 78 395 370 52
internal_count=528 502 473 78 395 370 52
is_linear=0
shrinkage=0.1


Tree=69
num_leaves=6
num_cat=0
split_feature=73 9 9 2 56
split_gain=611.402 789.154 57.6457 48.0009 33.6559
threshold=10.500000000000002 203.00000000000003 126.00000000000001 19.500000000000004 9.3750000000000018
decision_type=2 2 2 2 2
left_child=1 2 3 4 -1
right_child=-2 -3 -4 -5 -6
leaf_value=-0.0071289344811216434 0.41676576300100843 -0.53392633780644372 0.11263689676469023 -0.1148548741328628 0.089785219393670568
leaf_weight=344 33 29 44 38 40
leaf_count=344 33 29 44 38 40
internal_value=0 -0.0277844 0.00371372 -0.0076432 0.00296629
internal_weight=0 495 466 422 384
internal_count=528 495 466 422 384
is_linear=0
shrinkage=0.1


Tree=70
num_leaves=6
num_cat=0
split_feature=9 55 49 99 80
split_gain=592.926 539.609 69.3195 100.255 29.063
threshold=238.00000000000003 36.500000000000007 142.50000000000003 320.00000000000006 -0.043621700879765406
decision_type=2 2 2 2 2
left_child=1 2 3 4 -1
right_child=-2 -3 -4 -5 -6
leaf_value=0.028487620261069893 0.46563793598459324 -0.46773015008522911 -0.13970568455529936 0.20505234649777415 -0.02460014120677622
leaf_weight=185 26 26 33 25 233
leaf_count=185 26 26 33 25 233
internal_value=0 -0.0241167 0.000114281 0.0105298 -0.00110436
internal_weight=0 502 476 443 418
internal_count=528 502 476 443 418
is_linear=0
shrinkage=0.1


Tree=71
num_leaves=7
num_cat=0
split_feature=66 12 5 96 50 101
split_gain=578.517 2455.39 851.015 347.777 50.1355 42.8147
threshold=7.5000000000000018 21.500000000000004 167.00000000000003 32.500000000000007 24.500000000000004 98.500000000000014
decision_type=2 2 2 2 2 2
left_child=1 3 -2 4 5 -1
right_child=2 -3 -4 -5 -6 -7
leaf_value=0.0077502722197370427 0.030544675974284903 0.98159879789902615 -0.73802834498882297 -0.38060438585281375 0.11617750000570798 -0.081894469179678714
leaf_weight=318 34 26 25 25 36 64
leaf_count=318 34 26 25 25 36 64
internal_value=0 0.0371262 -0.295122 -0.0183056 0.00336299 -0.00726874
internal_weight=0 469 59 443 418 382
internal_count=528 469 59 443 418 382
is_linear=0
shrinkage=0.1


Tree=72
num_leaves=6
num_cat=0
split_feature=71 68 102 5 92
split_gain=556.227 843.143 58.3825 83.1615 19.4089
threshold=5.5 30.38573913122217 138.50000000000003 146.50000000000003 6.3888983884067896
decision_type=2 2 2 2 2
left_child=1 2 3 4 -1
right_child=-2 -3 -4 -5 -6
leaf_value=0.051782326676000502 0.39123080508673896 -0.5811993664273849 0.15254526371508836 -0.18168911993503573 -0.0040863276166536395
leaf_weight=76 34 26 25 25 342
leaf_count=76 34 26 25 25 342
internal_value=0 -0.0269268 0.0038661 -0.00452437 0.00607161
internal_weight=0 494 468 443 418
internal_count=528 494 468 443 418
is_linear=0
shrinkage=0.1


Tree=73
num_leaves=7
num_cat=0
split_feature=60 71 8 72 3 57
split_gain=600.246 482.751 35.6064 107.339 70.7293 18.2305
threshold=38.250000000000007 5.5 19.500000000000004 -0.10263157894736839 344.00000000000006 3.6968455021364841
decision_type=2 2 2 2 2 2
left_child=1 2 4 -4 5 -1
right_child=-2 -3 3 -5 -6 -7
leaf_value=0.0048735925846040504 0.4592876795817305 -0.4137009538213412 0.063377002855906125 -0.22682953560352326 0.16028589622021236 -0.073897295340429991
leaf_weight=359 27 30 26 25 29 32
leaf_count=359 27 30 26 25 29 32
internal_value=0 -0.024752 2.17855e-05 -0.0788811 0.00960285 -0.00157313
internal_weight=0 501 471 51 420 391
internal_count=528 501 471 51 420 391
is_linear=0
shrinkage=0.1


Tree=74
num_leaves=6
num_cat=0
split_feature=71 11 52 7 52
split_gain=533.646 799.394 63.0914 47.6684 34.1872
threshold=5.5 792.00000000000011 22.500000000000004 291.00000000000006 10.250000000000002
decision_type=2 2 2 2 2
left_child=1 2 3 4 -1
right_child=-2 -3 -4 -5 -6
leaf_value=-0.0026429129212660945 0.38320735513287435 -0.57735144352912904 0.1513931126644214 -0.099074003769426933 0.11201468692826373
leaf_weight=365 34 25 27 49 28
leaf_count=365 34 25 27 49 28
internal_value=0 -0.0263746 0.00299517 -0.00606986 0.00552608
internal_weight=0 494 469 442 393
internal_count=528 494 469 442 393
is_linear=0
shrinkage=0.1


Tree=75
num_leaves=7
num_cat=0
split_feature=9 73 9 86 53 92
split_gain=596.138 490.368 31.3579 69.0083 45.8013 19.2665
threshold=238.00000000000003 10.500000000000002 122.00000000000001 0.24998082458982443 2.8284271247461876 7.3240722876069215
decision_type=2 2 2 2 2 2
left_child=1 2 4 -4 5 -1
right_child=-2 -3 3 -5 -6 -7
leaf_value=0.034638836853951215 0.46689777901539442 -0.42333642289550283 -0.039201645497922544 0.18905325970397546 -0.10418475199904707 -0.013444269315339624
leaf_weight=125 26 29 27 26 45 250
leaf_count=125 26 29 27 26 45 250
internal_value=0 -0.024182 0.000290515 0.0727725 -0.00885602 0.00258343
internal_weight=0 502 473 53 420 375
internal_count=528 502 473 53 420 375
is_linear=0
shrinkage=0.1


Tree=76
num_leaves=7
num_cat=0
split_feature=73 5 9 25 6 56
split_gain=530.399 645.283 25.3708 55.1196 32.7595 35.9326
threshold=10.500000000000002 203.00000000000003 119.50000000000001 144.50000000000003 17.500000000000004 8.3750000000000018
decision_type=2 2 2 2 2 2
left_child=1 2 4 -4 5 -1
right_child=-2 -3 3 -5 -6 -7
leaf_value=-0.0082922201225032605 0.38817736393574515 -0.51080100158086184 0.17008807968634826 -0.033908272893340502 -0.084096841194799973 0.08999816750486693
leaf_weight=325 33 26 26 27 49 42
leaf_count=325 33 26 26 27 49 42
internal_value=0 -0.0258785 0.00100421 0.0661654 -0.00729758 0.00295627
internal_weight=0 495 469 53 416 367
internal_count=528 495 469 53 416 367
is_linear=0
shrinkage=0.1


Tree=77
num_leaves=7
num_cat=0
split_feature=9 73 49 79 4 2
split_gain=563.134 483.423 29.0541 65.2463 61.6242 28.774
threshold=238.00000000000003 10.500000000000002 90.000000000000014 -6.4999999999999991 18.500000000000004 16.500000000000004
decision_type=2 2 2 2 2 2
left_child=1 2 4 -4 5 -1
right_child=-2 -3 3 -5 -6 -7
leaf_value=-0.010588542131444688 0.45378927493897775 -0.41982052522743568 -0.034891266203843634 0.14802846510249834 -0.16217042660713199 0.073154961317777642
leaf_weight=323 26 29 39 39 25 47
leaf_count=323 26 29 39 39 25 47
internal_value=0 -0.023503 0.000795506 0.0565686 -0.0102179 4.91461e-05
internal_weight=0 502 473 78 395 370
internal_count=528 502 473 78 395 370
is_linear=0
shrinkage=0.1


Tree=78
num_leaves=6
num_cat=0
split_feature=73 64 71 83 79
split_gain=516.647 1722.7 409.576 38.1412 32.4895
threshold=-10.499999999999998 32.208333333333343 5.5 749999998.75713885 6.0000000000000018
decision_type=2 2 2 2 2
left_child=-1 2 3 4 -2
right_child=1 -3 -4 -5 -6
leaf_value=-0.43465559428127909 0.0045358069895697958 0.83168545317649833 -0.37758282254139586 0.1241215610653162 -0.10514544461821687
leaf_weight=26 393 25 30 25 29
leaf_count=26 393 25 30 25 29
internal_value=0 0.022512 -0.0198975 0.00410826 -0.00300153
internal_weight=0 502 477 447 422
internal_count=528 502 477 447 422
is_linear=0
shrinkage=0.1


Tree=79
num_leaves=7
num_cat=0
split_feature=28 56 97 88 82 103
split_gain=540.793 1660.44 289.007 21.6643 48.5083 39.1205
threshold=38.500000000000007 33.750000000000007 598.00000000000011 0.029024862340421582 3.9999999625000013 121.50000000000001
decision_type=2 2 2 2 2 2
left_child=1 2 3 4 -1 -5
right_child=-2 -3 -4 5 -6 -7
leaf_value=0.00057745903945698206 -0.42766574945833002 0.81828427457809461 -0.34200622840401662 0.0068318385782065926 -0.120810568977613 0.13135638833045959
leaf_weight=186 28 25 26 194 40 29
leaf_count=186 28 25 26 194 40 29
internal_value=0 0.0239493 -0.0178578 0.000912465 -0.0209071 0.0230256
internal_weight=0 500 475 449 226 223
internal_count=528 500 475 449 226 223
is_linear=0
shrinkage=0.1


Tree=80
num_leaves=7
num_cat=0
split_feature=73 2 47 61 80 80
split_gain=515.617 585.71 20.0313 30.3428 26.8449 17.6333
threshold=10.500000000000002 37.500000000000007 510.50000000000006 7.1806972525826849 88785249796732640 0.5277777777777779
decision_type=2 2 2 2 2 2
left_child=1 2 3 4 -1 -4
right_child=-2 -3 5 -5 -6 -7
leaf_value=-0.0078549852797966772 0.38272988687862053 -0.48751142603846698 -0.0041389061202263015 0.095286167480258477 0.099365801721811309 -0.11874171704798937
leaf_weight=354 33 26 29 36 25 25
leaf_count=354 33 26 29 36 25 25
internal_value=0 -0.0255153 9.63989e-05 0.00755128 -0.000782374 -0.0571958
internal_weight=0 495 469 415 379 54
internal_count=528 495 469 415 379 54
is_linear=0
shrinkage=0.1


Tree=81
num_leaves=6
num_cat=0
split_feature=9 55 55 85 97
split_gain=492.779 501.735 70.5942 76.9602 34.1041
threshold=238.00000000000003 32.500000000000007 21.500000000000004 0.97263757644091875 303.50000000000006
decision_type=2 2 2 2 2
left_child=1 2 3 4 -1
right_child=-2 -3 -4 -5 -6
leaf_value=-0.0031879096715830462 0.42449680222914776 -0.4116720006831231 0.15765384126986778 -0.17299244527060254 0.11302575877419226
leaf_weight=390 26 31 28 26 27
leaf_count=390 26 31 28 26 27
internal_value=0 -0.0219859 0.00366224 -0.00607086 0.00433672
internal_weight=0 502 471 443 417
internal_count=528 502 471 443 417
is_linear=0
shrinkage=0.1


Tree=82
num_leaves=7
num_cat=0
split_feature=66 5 5 96 52 57
split_gain=476.033 2012.16 634.992 355.756 63.3217 20.2679
threshold=7.5000000000000018 181.00000000000003 167.00000000000003 27.500000000000004 14.750000000000002 3.6968455021364841
decision_type=2 2 2 2 2 2
left_child=1 3 -2 4 5 -1
right_child=2 -3 -4 -5 -6 -7
leaf_value=0.0047013727250239095 0.013603747723733678 0.88866654835068271 -0.65029310396313678 -0.3550934270538133 0.16148515722155574 -0.073103590440508487
leaf_weight=352 34 26 25 29 25 37
leaf_count=352 34 26 25 29 25 37
internal_value=0 0.0336776 -0.267708 -0.0165023 0.00721541 -0.0026991
internal_weight=0 469 59 443 414 389
internal_count=528 469 59 443 414 389
is_linear=0
shrinkage=0.1


Tree=83
num_leaves=7
num_cat=0
split_feature=71 10 102 7 56 103
split_gain=457.368 702.86 55.626 23.4225 23.0622 7.77948
threshold=5.5 40.000000000000007 98.000000000000014 276.50000000000006 9.3750000000000018 62.500000000000007
decision_type=2 2 2 2 2 2
left_child=1 2 3 4 -1 -5
right_child=-2 -3 -4 5 -6 -7
leaf_value=-0.0024154348222623738 0.35476442557923937 -0.49352109315494697 0.13104302454175373 -0.10746355479955674 0.088932516252001131 -0.028573846042156223
leaf_weight=351 34 30 33 25 30 25
leaf_count=351 34 30 33 25 30 25
internal_value=0 -0.024417 0.00591302 -0.0036677 0.00477732 -0.0680187
internal_weight=0 494 464 431 381 50
internal_count=528 494 464 431 381 50
is_linear=0
shrinkage=0.1


Tree=84
num_leaves=8
num_cat=0
split_feature=9 73 71 10 45 10 89
split_gain=468.288 405.437 24.3615 47.3785 36.1434 34.695 17.973
threshold=238.00000000000003 10.500000000000002 -5.3125906451789717e-18 20.500000000000004 1.897353801849633e-19 11.500000000000002 -0.086975421574872716
decision_type=2 2 2 2 2 2 2
left_child=1 2 4 5 -1 -4 -6
right_child=-2 -3 3 -5 6 -7 -8
leaf_value=0.14241420527547596 0.41381368407836328 -0.38437812929523402 -0.019373567392170239 -0.1424339623992435 -0.024061428037072934 0.075660305907544884 0.04709915654966608
leaf_weight=25 26 29 233 27 70 46 72
leaf_count=25 26 29 233 27 70 46 72
internal_value=0 -0.0214326 0.000819895 -0.0159457 0.0315401 -0.0037049 0.01202
internal_weight=0 502 473 306 167 279 142
internal_count=528 502 473 306 167 279 142
is_linear=0
shrinkage=0.1


Tree=85
num_leaves=6
num_cat=0
split_feature=73 5 3 99 97
split_gain=453.439 554.362 21.5683 17.2767 14.4848
threshold=10.500000000000002 203.00000000000003 433.50000000000006 247.00000000000003 248.00000000000003
decision_type=2 2 2 2 2
left_child=1 2 3 4 -1
right_child=-2 -3 -4 -5 -6
leaf_value=-0.0045383880765725295 0.35891215137460014 -0.47339042826340755 0.083023341273268061 -0.07786499762286743 0.067644946078459431
leaf_weight=379 33 26 30 30 30
leaf_count=379 33 26 30 30 30
internal_value=0 -0.0239275 0.000989445 -0.00461652 0.000756233
internal_weight=0 495 469 439 409
internal_count=528 495 469 439 409
is_linear=0
shrinkage=0.1


Tree=86
num_leaves=6
num_cat=0
split_feature=9 73 3 77 83
split_gain=444.185 401.008 24.8875 21.3522 15.8333
threshold=238.00000000000003 10.500000000000002 494.00000000000006 6.5000000000000009 249999998.27141616
decision_type=2 2 2 2 2
left_child=1 2 3 4 -1
right_child=-2 -3 -4 -5 -6
leaf_value=-0.0028963837591553035 0.40302338227629664 -0.38183153127801828 0.096367017029283145 -0.066564149645214177 0.066641632953865659
leaf_weight=362 26 29 26 49 36
leaf_count=362 26 29 26 49 36
internal_value=0 -0.0208737 0.00125689 -0.00427525 0.00339349
internal_weight=0 502 473 447 398
internal_count=528 502 473 447 398
is_linear=0
shrinkage=0.1


Tree=87
num_leaves=7
num_cat=0
split_feature=73 9 55 62 10 35
split_gain=435.376 529.209 37.7936 20.877 32.345 26.8355
threshold=10.500000000000002 203.00000000000003 25.500000000000004 0.49999999999999972 10.500000000000004 51.000000000000007
decision_type=2 2 2 2 2 2
left_child=1 2 3 4 -1 -5
right_child=-2 -3 -4 5 -6 -7
leaf_value=-0.0041510594999863313 0.3516907454440088 -0.43792726736644227 0.12195727396011354 -0.1283841378413714 0.084530921510363732 -0.01541991886582268
leaf_weight=256 33 29 25 26 49 110
leaf_count=256 33 29 25 26 49 110
internal_value=0 -0.023446 0.00234785 -0.00443273 0.0100962 -0.037016
internal_weight=0 495 466 441 305 136
internal_count=528 495 466 441 305 136
is_linear=0
shrinkage=0.1


Tree=88
num_leaves=6
num_cat=0
split_feature=9 73 80 80 77
split_gain=425.306 395.328 21.2413 27.0541 37.0814
threshold=238.00000000000003 10.500000000000002 88785249796732640 4.0476190476190483 11.500000000000002
decision_type=2 2 2 2 2
left_child=1 2 3 4 -1
right_child=-2 -3 -4 -5 -6
leaf_value=-0.0031651110189161676 0.39436577875167134 -0.37881745079468038 0.089415295622669741 -0.073677056774078889 0.11821591972752854
leaf_weight=371 26 29 26 49 27
leaf_count=371 26 29 26 49 27
internal_value=0 -0.0204253 0.00154798 -0.00356287 0.00506928
internal_weight=0 502 473 447 398
internal_count=528 502 473 447 398
is_linear=0
shrinkage=0.1


Tree=89
num_leaves=7
num_cat=0
split_feature=73 5 89 81 50 81
split_gain=419.044 502.898 16.5289 13.9708 34.5568 26.1971
threshold=10.500000000000002 203.00000000000003 0.98253174896492979 2.9999999800000001 1.0000000000000009 0.48529411346453283
decision_type=2 2 2 2 2 2
left_child=1 2 3 5 -5 -1
right_child=-2 -3 -4 4 -6 -7
leaf_value=-0.0078034531530603293 0.34503146685434111 -0.45109398571344522 0.079844636522233489 -0.13816877272725106 0.017697985752513915 0.065103576576401451
leaf_weight=328 33 26 25 25 33 58
leaf_count=328 33 26 25 25 33 58
internal_value=0 -0.0230021 0.000730074 -0.00372457 -0.049486 0.00315149
internal_weight=0 495 469 444 58 386
internal_count=528 495 469 444 58 386
is_linear=0
shrinkage=0.1


Tree=90
num_leaves=10
num_cat=0
split_feature=80 103 103 102 80 6 57 53 46
split_gain=432.499 1969.62 1146.92 119.88 34.4858 44.9715 33.0889 25.9285 4.33023
threshold=3.1031746031746037 94.500000000000014 296.00000000000006 18.500000000000004 0.67948717948717963 16.500000000000004 5.4120667405449803 2.8284271247461859 3.0000000000000009
decision_type=2 2 2 2 2 2 2 2 2
left_child=2 3 4 8 6 -6 7 -1 -2
right_child=1 -3 -4 -5 5 -7 -8 -9 -10
leaf_value=0.012187045452248475 0.049836135670542722 0.95592973232269296 -0.68742822752549104 -0.24778672092407944 -0.00065566214692333472 -0.15803075005610787 0.1120984786748886 -0.083127108286134899 -0.0090211512744426733
leaf_weight=264 25 25 26 25 46 30 30 32 25
leaf_count=264 25 25 26 25 46 30 30 32 25
internal_value=0 0.187239 -0.0437475 -0.0689906 -0.00211646 -0.0627774 0.0120254 0.00188281 0.0204075
internal_weight=0 100 428 75 402 76 326 296 50
internal_count=528 100 428 75 402 76 326 296 50
is_linear=0
shrinkage=0.1


Tree=91
num_leaves=6
num_cat=0
split_feature=24 16 71 10 99
split_gain=372.959 1227.53 354.344 30.3191 65.4869
threshold=38.500000000000007 26.500000000000004 5.5 24.500000000000004 284.50000000000006
decision_type=2 2 2 2 2
left_child=1 2 3 4 -1
right_child=-2 -3 -4 -5 -6
leaf_value=0.0020797317471877531 -0.35515648339475908 0.66320410716746547 -0.35085093339284262 -0.079892203058951949 0.16919406449794772
leaf_weight=378 28 28 30 39 25
leaf_count=378 28 28 30 39 25
internal_value=0 0.0198888 -0.018274 0.00429908 0.0124466
internal_weight=0 500 472 442 403
internal_count=528 500 472 442 403
is_linear=0
shrinkage=0.1


Tree=92
num_leaves=6
num_cat=0
split_feature=71 15 52 59 97
split_gain=381.382 600.74 46.6516 32.9898 24.2742
threshold=5.5 808.00000000000011 22.500000000000004 18.500000000000004 257.00000000000006
decision_type=2 2 2 2 2
left_child=1 2 3 4 -1
right_child=-2 -3 -4 -5 -6
leaf_value=-0.00075607650332173157 0.32395684464889418 -0.48092028284100474 0.13180985065539264 -0.082789511946921662 0.099232158179466554
leaf_weight=367 34 27 27 47 26
leaf_count=367 34 27 27 47 26
internal_value=0 -0.0222966 0.00421909 -0.00361034 0.00585892
internal_weight=0 494 467 440 393
internal_count=528 494 467 440 393
is_linear=0
shrinkage=0.1


Tree=93
num_leaves=8
num_cat=0
split_feature=9 53 88 103 100 4 98
split_gain=419.169 386.428 27.4837 73.6781 47.6806 40.3159 24.6386
threshold=238.00000000000003 4.9497474683058433 -0.88522070522249463 51.500000000000007 187.00000000000003 18.500000000000004 53.500000000000007
decision_type=2 2 2 2 2 2 2
left_child=1 2 3 -1 6 -6 -4
right_child=-2 -3 4 -5 5 -7 -8
leaf_value=-0.013938519534991778 0.39150981845764016 -0.35103648151412159 -0.0040609624825430294 0.19854074847698211 -0.010396479184810932 -0.18825168359279632 0.076828209189481522
leaf_weight=47 26 33 303 25 26 25 43
leaf_count=47 26 33 303 25 26 25 43
internal_value=0 -0.0202774 0.00299563 0.059839 -0.0073135 -0.0975804 0.00599174
internal_weight=0 502 469 72 397 51 346
internal_count=528 502 469 72 397 51 346
is_linear=0
shrinkage=0.1


Tree=94
num_leaves=6
num_cat=0
split_feature=63 53 75 97 24
split_gain=347.785 253.895 30.339 45.1074 15.5536
threshold=70.500000000000014 5.3033008588991128 10.500000000000002 422.00000000000006 6.5221536938581138e-20
decision_type=2 2 2 2 2
left_child=1 2 3 4 -1
right_child=-2 -3 -4 -5 -6
leaf_value=0.025704793157113822 0.36404274093359712 -0.30532603921561408 0.10449769431008743 -0.13445151173151457 -0.01381718735201677
leaf_weight=161 25 29 26 26 261
leaf_count=161 25 29 26 26 261
internal_value=0 -0.0180936 -0.000520282 -0.00661507 0.0012611
internal_weight=0 503 474 448 422
internal_count=528 503 474 448 422
is_linear=0
shrinkage=0.1


Tree=95
num_leaves=7
num_cat=0
split_feature=71 10 99 78 51 24
split_gain=360.399 595.792 43.8026 15.6954 31.01 23.5314
threshold=5.5 40.000000000000007 325.50000000000006 3.0277777777777781 47.500000000000007 6.5221536938581138e-20
decision_type=2 2 2 2 2 2
left_child=1 2 3 5 -5 -1
right_child=-2 -3 -4 4 -6 -7
leaf_value=0.044196459593681188 0.31491917673881881 -0.45357372681299846 0.13235758812381671 -0.13119432570842596 0.0049114717289488368 -0.010210123246689629
leaf_weight=117 34 30 26 26 47 248
leaf_count=117 34 30 26 26 47 248
internal_value=0 -0.0216746 0.00624991 -0.00123593 -0.0435646 0.0072298
internal_weight=0 494 464 438 73 365
internal_count=528 494 464 438 73 365
is_linear=0
shrinkage=0.1


Tree=96
num_leaves=8
num_cat=0
split_feature=9 73 71 102 101 51 10
split_gain=360.077 355.768 28.6091 37.4969 31.134 85.7526 27.3981
threshold=238.00000000000003 10.500000000000002 -2.9999999999999982 45.500000000000007 98.500000000000014 205.00000000000003 11.500000000000002
decision_type=2 2 2 2 2 2 2
left_child=1 2 3 -1 6 -6 -4
right_child=-2 -3 4 -5 5 -7 -8
leaf_value=0.0048744406850476357 0.36286568799271035 -0.35878148551644951 -0.0065879853748731475 0.1595567365884781 -0.17930300960110293 0.020696803674382983 0.071613483558650368
leaf_weight=42 26 29 263 25 36 53 54
leaf_count=42 26 29 263 25 36 53 54
internal_value=0 -0.0187938 0.00205107 0.0625917 -0.00793963 -0.060202 0.0067334
internal_weight=0 502 473 67 406 89 317
internal_count=528 502 473 67 406 89 317
is_linear=0
shrinkage=0.1


Tree=97
num_leaves=7
num_cat=0
split_feature=73 5 1 62 2 38
split_gain=350.981 430.461 14.9819 15.5172 24.3078 20.8166
threshold=10.500000000000002 203.00000000000003 132.00000000000003 0.49999999999999972 7.5000000000000009 6.5000000000000009
decision_type=2 2 2 2 2 2
left_child=1 2 3 4 -1 -5
right_child=-2 -3 -4 5 -6 -7
leaf_value=-0.0074635746949820022 0.31576951098713013 -0.41711423064653697 0.065870929531978845 -0.10128674559069402 0.058803362516711838 -0.0098038441577631211
leaf_weight=229 33 26 33 33 73 101
leaf_count=229 33 26 33 33 73 101
internal_value=0 -0.0210513 0.000905281 -0.00401184 0.00855459 -0.0323332
internal_weight=0 495 469 436 302 134
internal_count=528 495 469 436 302 134
is_linear=0
shrinkage=0.1


Tree=98
num_leaves=10
num_cat=0
split_feature=80 103 95 58 86 37 81 81 85
split_gain=343.81 1511.89 971.521 89.5558 28.6318 53.5972 32.308 37.7391 12.9684
threshold=3.1031746031746037 94.500000000000014 169.50000000000003 4.9960036108132054e-16 -0.5529817988174679 3.035766082959413e-17 1.4999999906250003 0.54195804066384656 0.17435360825960186
decision_type=2 2 2 2 2 2 2 2 2
left_child=2 3 4 -2 5 -1 7 -6 -7
right_child=1 -3 -4 -5 6 8 -8 -9 -10
leaf_value=0.17140199959278107 0.022048471794744041 0.840415515422821 -0.60845460700137277 -0.20756253968351165 -0.017265947984714963 -0.02623948808144427 -0.092751021907129819 0.10487943877433908 0.045514323220898711
leaf_weight=25 49 25 28 26 198 53 47 29 48
leaf_count=25 49 25 28 26 198 53 47 29 48
internal_value=0 0.166941 -0.039005 -0.05755 0.000856482 0.0403099 -0.0172863 -0.00166147 0.00786133
internal_weight=0 100 428 75 400 126 274 227 101
internal_count=528 100 428 75 400 126 274 227 101
is_linear=0
shrinkage=0.1


Tree=99
num_leaves=7
num_cat=0
split_feature=9 73 9 86 102 68
split_gain=318.471 321.869 24.3879 34.4618 26.5018 15.0749
threshold=238.00000000000003 10.500000000000002 122.00000000000001 0.24998082458982443 87.500000000000014 17.668785382927165
decision_type=2 2 2 2 2 2
left_child=1 2 4 -4 5 -1
right_child=-2 -3 3 -5 -6 -7
leaf_value=0.0054835942992940553 0.34125820759397291 -0.34105910504686426 -0.013055820873490089 0.1482456255131043 -0.10576247976720332 -0.074749869287014006
leaf_weight=370 26 29 27 26 25 25
leaf_count=370 26 29 27 26 25 25
internal_value=0 -0.0176747 0.00215222 0.0660732 -0.005914 0.000405527
internal_weight=0 502 473 53 420 395
internal_count=528 502 473 53 420 395
is_linear=0
shrinkage=0.1


end of trees

feature_importances:
Massachusetts_lag_3=35
Georgia_current=32
Rhode_Island_diff_1=26
Rhode_Island_diff_2=25
Arizona_current=24
Rhode_Island_diff_8=23
Kentucky_current=21
New_York_current=19
week_cos=18
Massachusetts_current=18
Connecticut_current=16
Pennsylvania_current=15
Rhode_Island_roll_mean_2=13
Rhode_Island_pct_change_52=13
Rhode_Island_roll_max_2=12
Rhode_Island_roll_std_4=12
Rhode_Island_cumulative_mean=12
Massachusetts_lag_2=11
New_Hampshire_lag_3=11
New_Hampshire_current=11
Rhode_Island_roll_min_2=10
Rhode_Island_roll_max_4=9
New_Hampshire_lag_1=8
Rhode_Island_lag_2=8
New_Hampshire_lag_4=7
New_York_lag_52=7
Rhode_Island_roll_mean_4=7
Rhode_Island_ewm_alpha_0.1=7
Rhode_Island_ewm_alpha_0.5=7
Rhode_Island_momentum_12=7
week_sin=7
New_York_lag_2=6
New_York_lag_12=6
Rhode_Island_lag_52=6
Rhode_Island_roll_min_4=6
Rhode_Island_roll_std_8=6
Rhode_Island_diff_4=6
Rhode_Island_diff_52=6
New_York_lag_4=5
New_Hampshire_lag_12=5
Rhode_Island_roll_std_2=5
Rhode_Island_roll_min_8=5
Rhode_Island_roll_std_12=5
Rhode_Island_momentum_4=5
Rhode_Island_momentum_8=5
New_York_lag_1=4
Massachusetts_lag_52=4
New_Hampshire_lag_52=4
Rhode_Island_roll_mean_8=4
Rhode_Island_roll_min_12=4
quarter_sin=4
North_Carolina_current=4
Massachusetts_lag_1=3
Rhode_Island_lag_3=3
New_York_lag_3=3
Rhode_Island_lag_7=3
New_York_lag_9=3
Massachusetts_lag_10=3
Massachusetts_lag_12=3
New_Hampshire_lag_2=2
Massachusetts_lag_7=2
Rhode_Island_lag_8=2
Massachusetts_lag_8=2
Massachusetts_lag_9=2
New_York_lag_10=2
New_York_lag_11=2
Rhode_Island_roll_max_8=2
quarter_cos=2
month_sin=2
month_cos=2
Rhode_Island_lag_1=1
Rhode_Island_lag_4=1
Massachusetts_lag_4=1
Rhode_Island_lag_5=1
Massachusetts_lag_5=1
New_Hampshire_lag_5=1
Massachusetts_lag_6=1
New_Hampshire_lag_7=1
New_York_lag_8=1
New_Hampshire_lag_9=1
New_Hampshire_lag_10=1
Rhode_Island_lag_12=1
Rhode_Island_roll_mean_12=1
Rhode_Island_pct_change_1=1
Rhode_Island_pct_change_8=1

parameters:
[boosting: gbdt]
[objective: regression]
[metric: l1]
[tree_learner: serial]
[device_type: cpu]
[data_sample_strategy: bagging]
[data: ]
[valid: ]
[num_iterations: 100]
[learning_rate: 0.1]
[num_leaves: 25]
[num_threads: 2]
[seed: 1]
[deterministic: 0]
[force_col_wise: 0]
[force_row_wise: 0]
[histogram_pool_size: -1]
[max_depth: 5]
[min_data_in_leaf: 25]
[min_sum_hessian_in_leaf: 0.001]
[bagging_fraction: 1]
[pos_bagging_fraction: 1]
[neg_bagging_fraction: 1]
[bagging_freq: 0]
[bagging_seed: 18467]
[feature_fraction: 1]
[feature_fraction_bynode: 1]
[feature_fraction_seed: 26500]
[extra_trees: 0]
[extra_seed: 15724]
[early_stopping_round: 0]
[first_metric_only: 0]
[max_delta_step: 0]
[lambda_l1: 0]
[lambda_l2: 0]
[linear_lambda: 0]
[min_gain_to_split: 0]
[drop_rate: 0.1]
[max_drop: 50]
[skip_drop: 0.5]
[xgboost_dart_mode: 0]
[uniform_drop: 0]
[drop_seed: 6334]
[top_rate: 0.2]
[other_rate: 0.1]
[min_data_per_group: 100]
[max_cat_threshold: 32]
[cat_l2: 10]
[cat_smooth: 10]
[max_cat_to_onehot: 4]
[top_k: 20]
[monotone_constraints: ]
[monotone_constraints_method: basic]
[monotone_penalty: 0]
[feature_contri: ]
[forcedsplits_filename: ]
[refit_decay_rate: 0.9]
[cegb_tradeoff: 1]
[cegb_penalty_split: 0]
[cegb_penalty_feature_lazy: ]
[cegb_penalty_feature_coupled: ]
[path_smooth: 0]
[interaction_constraints: ]
[verbosity: -1]
[saved_feature_importance_type: 0]
[use_quantized_grad: 0]
[num_grad_quant_bins: 4]
[quant_train_renew_leaf: 0]
[stochastic_rounding: 1]
[linear_tree: 0]
[max_bin: 255]
[max_bin_by_feature: ]
[min_data_in_bin: 3]
[bin_construct_sample_cnt: 200000]
[data_random_seed: 41]
[is_enable_sparse: 1]
[enable_bundle: 1]
[use_missing: 1]
[zero_as_missing: 0]
[feature_pre_filter: 1]
[pre_partition: 0]
[two_round: 0]
[header: 0]
[label_column: ]
[weight_column: ]
[group_column: ]
[ignore_column: ]
[categorical_feature: ]
[forcedbins_filename: ]
[precise_float_parser: 0]
[parser_config_file: ]
[objective_seed: 19169]
[num_class: 1]
[is_unbalance: 0]
[scale_pos_weight: 1]
[sigmoid: 1]
[boost_from_average: 1]
[reg_sqrt: 0]
[alpha: 0.9]
[fair_c: 1]
[poisson_max_delta_step: 0.7]
[tweedie_variance_power: 1.5]
[lambdarank_truncation_level: 30]
[lambdarank_norm: 1]
[label_gain: ]
[lambdarank_position_bias_regularization: 0]
[eval_at: ]
[multi_error_top_k: 1]
[auc_mu_weights: ]
[num_machines: 1]
[local_listen_port: 12400]
[time_out: 120]
[machine_list_filename: ]
[machines: ]
[gpu_platform_id: -1]
[gpu_device_id: -1]
[gpu_use_dp: 0]
[num_gpu: 1]

end of parameters

pandas_categorical:[]
