tree
version=v4
num_class=1
num_tree_per_iteration=1
label_index=0
max_feature_idx=104
objective=regression
feature_names=Virginia_lag_1 Ohio_lag_1 Pennsylvania_lag_1 US_lag_1 Virginia_lag_2 Ohio_lag_2 Pennsylvania_lag_2 US_lag_2 Virginia_lag_3 Ohio_lag_3 Pennsylvania_lag_3 US_lag_3 Virginia_lag_4 Ohio_lag_4 Pennsylvania_lag_4 US_lag_4 Virginia_lag_5 Ohio_lag_5 Pennsylvania_lag_5 US_lag_5 Virginia_lag_6 Ohio_lag_6 Pennsylvania_lag_6 US_lag_6 Virginia_lag_7 Ohio_lag_7 Pennsylvania_lag_7 US_lag_7 Virginia_lag_8 Ohio_lag_8 Pennsylvania_lag_8 US_lag_8 Virginia_lag_9 Ohio_lag_9 Pennsylvania_lag_9 US_lag_9 Virginia_lag_10 Ohio_lag_10 Pennsylvania_lag_10 US_lag_10 Virginia_lag_11 Ohio_lag_11 Pennsylvania_lag_11 US_lag_11 Virginia_lag_12 Ohio_lag_12 Pennsylvania_lag_12 US_lag_12 Virginia_lag_52 Ohio_lag_52 Pennsylvania_lag_52 US_lag_52 Virginia_roll_mean_2 Virginia_roll_std_2 Virginia_roll_min_2 Virginia_roll_max_2 Virginia_roll_mean_4 Virginia_roll_std_4 Virginia_roll_min_4 Virginia_roll_max_4 Virginia_roll_mean_8 Virginia_roll_std_8 Virginia_roll_min_8 Virginia_roll_max_8 Virginia_roll_mean_12 Virginia_roll_std_12 Virginia_roll_min_12 Virginia_roll_max_12 Virginia_ewm_alpha_0.1 Virginia_ewm_alpha_0.3 Virginia_ewm_alpha_0.5 Virginia_diff_1 Virginia_pct_change_1 Virginia_diff_2 Virginia_pct_change_2 Virginia_diff_4 Virginia_pct_change_4 Virginia_diff_8 Virginia_pct_change_8 Virginia_diff_52 Virginia_pct_change_52 Virginia_momentum_4 Virginia_momentum_8 Virginia_momentum_12 week_sin week_cos quarter_sin quarter_cos month_sin month_cos is_flu_season is_peak_flu Virginia_cumulative_mean Virginia_trend_8w Virginia_trend_12w Ohio_current Pennsylvania_current US_current New_Mexico_current West_Virginia_current Maryland_current Tennessee_current Vermont_current Washington_current Louisiana_current
feature_infos=[0:1315] [0:3705] [0:4571] [0:55486] [0:1315] [0:3705] [0:4571] [0:55486] [0:1315] [0:3705] [0:4571] [0:55486] [0:1315] [0:3705] [0:4571] [0:55486] [0:1315] [0:3705] [0:4571] [0:55486] [0:1315] [0:3705] [0:4571] [0:55486] [0:1315] [0:3705] [0:4571] [0:55486] [0:1315] [0:3705] [0:4571] [0:55486] [0:1315] [0:3705] [0:4571] [0:55486] [0:1315] [0:3705] [0:4571] [0:55486] [0:1315] [0:3705] [0:4571] [0:55486] [0:1315] [0:3705] [0:4571] [0:55486] [0:862] [0:661] [0:1294] [0:37006] [0:1252.5] [0:281.42849891224586] [0:1190] [0:1315] [0:1124.25] [0:373.02546829941787] [0:909] [0:1315] [1.482307657694255e-21:872.375] [0:393.198582143934] [0:514] [1.1858461261560203e-20:1315] [2.9646153153900512e-19:748.25] [0:445.5858928184195] [0:374] [3.4152368433293394e-18:1315] [6.9350959641856695:569.42449944598991] [0.034942555904808964:960.8063447351667] [2.7561889596377075e-05:1131.8449707158513] [-329:398] [-1:9.882184325201545e+17] [-494:630] [-0.99999999999999978:3.6234675859072333e+18] [-759:851] [-1:3.8650320916343824e+19] [-1162:1175] [-1:1.602231485259344e+21] [-566:1211] [-1:1.6865594581677303e+20] [-1:4599999999] [-1:8799999999] [-1:13799999999] [-0.9999994220246925:0.99998555065071859] [-0.99997919295908233:0.9999907524084426] [-0.99997167934088305:0.9999531843608731] [-0.99999768809943823:0.9999907524084426] [-0.99999479822624138:0.99999479822624138] [-0.99997919295908222:0.99991677270219514] [0:1] [0:1] [21:104.59090909090909] none none [0:3705] [0:4571] [0:55486] [0:320.00000000000006] [0:640] [0:1086] [0:1067] [0:134] [0:747] [0:713]
tree_sizes=816 899 838 801 834 811 796 841 878 833 827 999 812 810 930 832 908 929 862 839 901 855 835 868 664 783 665 755 602 666 686 668 683 682 695 664 712 699 670 604 650 698 593 714 670 685 671 624 699 620 686 617 605 616 600 717 616 617 621 617 672 700 600 717 601 616 605 703 612 604 603 718 619 672 700 604 792 703 593 704 604 603 589 696 616 619 617 605 618 606 706 607 590 604 603 697 690 604 941 669

Tree=0
num_leaves=8
num_cat=0
split_feature=97 97 75 52 77 54 52
split_gain=6.6634e+06 2.11801e+06 407105 269936 81058.9 62815.7 28088.6
threshold=18033.500000000004 5260.5000000000009 127.00000000000001 39.250000000000007 111.00000000000001 74.000000000000014 19.750000000000004
decision_type=2 2 2 2 2 2 2
left_child=1 3 4 6 -3 -5 -1
right_child=-2 2 -4 5 -6 -7 -8
leaf_value=77.250343697966215 150.57948291357914 91.492816713467832 111.14614937679529 81.980935388826353 98.529180476288147 86.622084931699476 79.444581300605464
leaf_weight=186 14.999999999999998 64 14.999999999999998 101 22 41 85
leaf_count=186 15 64 15 101 22 41 85
internal_value=84.8809 82.9636 95.9443 79.7892 93.2928 83.321 77.9386
internal_weight=0 514 101 413 86 142 271
internal_count=529 514 101 413 86 142 271
is_linear=0
shrinkage=1


Tree=1
num_leaves=9
num_cat=0
split_feature=97 55 77 55 88 104 77 52
split_gain=5.39735e+06 1.72811e+06 393299 148570 99542.2 72862.5 40254.3 9393.66
threshold=18033.500000000004 105.50000000000001 133.50000000000003 31.500000000000007 -0.26452495194496167 91.500000000000014 38.500000000000007 8.2500000000000018
decision_type=2 2 2 2 2 2 2 2
left_child=1 3 5 7 -4 -3 -5 -1
right_child=-2 2 4 6 -6 -7 -8 -9
leaf_value=-7.4107486179896771 59.128719787597653 3.660616344302448 26.607724609374994 -3.6554841271601619 14.485712414696104 10.082014736533166 -0.14926531992175363 -6.0960212582447495
leaf_weight=98 14.999999999999998 67 10.000000000000002 128 21 24 44 122
leaf_count=98 15 67 10 128 21 24 44 122
internal_value=0 -1.72555 8.66809 -4.9603 18.396 5.35417 -2.75854 -6.68167
internal_weight=0 514 122 392 31 91 172 220
internal_count=529 514 122 392 31 91 172 220
is_linear=0
shrinkage=0.1


Tree=2
num_leaves=8
num_cat=0
split_feature=97 97 75 52 77 52 104
split_gain=4.37186e+06 1.41405e+06 276121 177788 52825.4 40347.6 37493.9
threshold=18033.500000000004 5260.5000000000009 127.00000000000001 52.250000000000007 82.500000000000014 25.750000000000004 87.500000000000014
decision_type=2 2 2 2 2 2 2
left_child=1 3 4 5 -3 -1 -5
right_child=-2 2 -4 6 -6 -7 -8
leaf_value=-6.0333837657893472 53.215846964518235 4.7666701335906989 21.572997589111328 -0.99507830717477452 9.7904938267336945 -3.6237261183121627 5.4865285873413088
leaf_weight=218 14.999999999999998 50 14.999999999999998 83 36 102 9.9999999999999982
leaf_count=218 15 50 15 83 36 102 10
internal_value=0 -1.55299 9.05333 -4.14679 6.86967 -5.26531 -0.298131
internal_weight=0 514 101 413 86 320 93
internal_count=529 514 101 413 86 320 93
is_linear=0
shrinkage=0.1


Tree=3
num_leaves=8
num_cat=0
split_feature=97 52 75 55 97 52 78
split_gain=3.58884e+06 1.21694e+06 248951 174566 54318.9 41498.2 38797
threshold=21772.500000000004 123.50000000000001 127.00000000000001 66.500000000000014 7318.5000000000009 25.750000000000004 -0.50255474452554727
decision_type=2 2 2 2 2 2 2
left_child=1 3 4 5 -3 -1 -5
right_child=-2 2 -4 6 -6 -7 -8
leaf_value=-5.4300453553506003 51.892209683931789 3.4260845354109102 19.556899876064726 -2.9809545185254969 8.8198365987733354 -3.1206755632211358 1.8496148671706518
leaf_weight=218 12.999999999999998 33 18 23 43 121 60
leaf_count=218 13 33 18 23 43 121 60
internal_value=0 -1.30736 8.98232 -3.59938 6.47781 -4.60576 0.511023
internal_weight=0 516 94 422 76 339 83
internal_count=529 516 94 422 76 339 83
is_linear=0
shrinkage=0.1


Tree=4
num_leaves=8
num_cat=0
split_feature=97 97 75 52 50 104 55
split_gain=2.90696e+06 998907 224056 115692 44153.2 30550.9 13865.1
threshold=21772.500000000004 5260.5000000000009 127.00000000000001 39.250000000000007 206.50000000000003 80.500000000000014 13.500000000000002
decision_type=2 2 2 2 2 2 2
left_child=1 3 4 6 -3 -5 -1
right_child=-2 2 -4 5 -6 -7 -8
leaf_value=-5.3358776284742726 46.702988844651443 3.3017393421559107 18.509501588344573 -1.5468250433448703 7.8100085968441437 3.3734280620302473 -3.9036658219888176
leaf_weight=129 12.999999999999998 42 15.999999999999998 128 45 13.999999999999998 142
leaf_count=129 13 42 16 128 45 14 142
internal_value=0 -1.17663 7.63374 -3.37388 5.6336 -1.06173 -4.58542
internal_weight=0 516 103 413 87 142 271
internal_count=529 516 103 413 87 142 271
is_linear=0
shrinkage=0.1


Tree=5
num_leaves=8
num_cat=0
split_feature=97 55 71 54 55 85 83
split_gain=2.35464e+06 814881 224381 79036.7 61961.7 22544.2 6653.08
threshold=21772.500000000004 105.50000000000001 44.500000000000007 160.00000000000003 31.500000000000007 -0.031174269516803289 -0.77430555558714298
decision_type=2 2 2 2 2 2 2
left_child=1 4 3 -3 6 -6 -1
right_child=-2 2 -4 -5 5 -7 -8
leaf_value=-4.9708150703216276 42.032691075251655 1.7220327630377654 16.329555681016711 7.198895683580516 -3.2376149143971191 -0.91224865109318554 -3.8705640691571532
leaf_weight=107 12.999999999999998 57 18 49 71 101 113
leaf_count=107 13 57 18 49 71 101 113
internal_value=0 -1.05896 6.00672 4.25379 -3.29403 -1.87214 -4.40569
internal_weight=0 516 124 106 392 172 220
internal_count=529 516 124 106 392 172 220
is_linear=0
shrinkage=0.1


Tree=6
num_leaves=8
num_cat=0
split_feature=77 52 75 55 100 72 52
split_gain=2.00246e+06 725496 147412 107292 39278 28639.5 21300.8
threshold=491.00000000000006 129.75000000000003 127.00000000000001 66.500000000000014 132.00000000000003 -0.019850628930817623 20.750000000000004
decision_type=2 2 2 2 2 2 2
left_child=1 3 4 6 -3 -5 -1
right_child=-2 2 -4 5 -6 -7 -8
leaf_value=-4.0870312695727931 44.323914947509763 3.7383105699832626 15.089312532073572 -1.428910847844147 8.9529488277435316 2.169953529412548 -2.4887612952473197
leaf_weight=191 9.9999999999999982 52 19 41 20 48 148
leaf_count=191 10 52 19 41 20 48 148
internal_value=0 -0.854025 7.25437 -2.57801 5.18682 0.51205 -3.38926
internal_weight=0 519 91 428 72 89 339
internal_count=529 519 91 428 72 89 339
is_linear=0
shrinkage=0.1


Tree=7
num_leaves=8
num_cat=0
split_feature=77 97 75 55 50 77 104
split_gain=1.622e+06 596294 128159 87144.4 39935.1 21048.4 16179.1
threshold=491.00000000000006 6272.5000000000009 146.50000000000003 69.500000000000014 353.00000000000006 11.500000000000002 95.500000000000014
decision_type=2 2 2 2 2 2 2
left_child=1 3 4 5 -3 -1 -5
right_child=-2 2 -4 6 -6 -7 -8
leaf_value=-3.3813776480942446 39.891523590087893 4.0524722803722737 15.383477606943675 0.10698533986295973 10.560572953657671 -1.3615883922766125 4.4070343375205994
leaf_weight=285 9.9999999999999982 66 13.999999999999998 70 10.999999999999998 63 9.9999999999999982
leaf_count=285 10 66 14 70 11 63 10
internal_value=0 -0.768623 6.5824 -2.33157 4.9822 -3.01573 0.644491
internal_weight=0 519 91 428 77 348 80
internal_count=529 519 91 428 77 348 80
is_linear=0
shrinkage=0.1


Tree=8
num_leaves=9
num_cat=0
split_feature=97 55 104 51 55 74 78 82
split_gain=1.34657e+06 401364 111031 42171.2 35239.3 14739.9 12595 5670
threshold=18033.500000000004 105.50000000000001 93.500000000000014 5825.0000000000009 34.500000000000007 -0.2541666666666666 0.16068953568953573 -0.54226190492269699
decision_type=2 2 2 2 2 2 2 2
left_child=1 4 5 -4 7 -3 -6 -1
right_child=-2 2 3 -5 6 -7 -8 -9
leaf_value=-3.6971825001603467 29.534032198588051 -0.16047902618135726 4.620632387244183 10.447658920288086 -2.0510872463817185 2.774525117061355 -0.26380599465059196 -2.70608255293517
leaf_weight=118 14.999999999999998 28 23 27 92 44 69 113
leaf_count=118 15 28 23 27 92 44 69 113
internal_value=0 -0.861888 4.14711 7.76723 -2.42081 1.63313 -1.28511 -3.21236
internal_weight=0 514 122 50 392 72 161 231
internal_count=529 514 122 50 392 72 161 231
is_linear=0
shrinkage=0.1


Tree=9
num_leaves=8
num_cat=0
split_feature=77 52 72 52 54 71 104
split_gain=1.13234e+06 385613 88003.1 80598.2 25670.9 21691.5 17224.7
threshold=491.00000000000006 160.50000000000003 0.19711849773364978 69.000000000000014 280.00000000000006 -2.9999999999999987 39.500000000000007
decision_type=2 2 2 2 2 2 2
left_child=1 3 4 6 -3 -5 -1
right_child=-2 2 -4 5 -6 -7 -8
leaf_value=-2.7342811212197913 33.330695762634278 3.3513291234319862 13.641206697317271 -0.65050458635972896 8.2676977702549532 2.4041236955434719 -0.89959884271506341
leaf_weight=293 9.9999999999999982 44 12.999999999999998 46 13.999999999999998 47 62
leaf_count=293 10 44 13 46 14 47 62
internal_value=0 -0.64221 6.20482 -1.72734 4.53804 0.893232 -2.41386
internal_weight=0 519 71 448 58 93 355
internal_count=529 519 71 448 58 93 355
is_linear=0
shrinkage=0.1


Tree=10
num_leaves=8
num_cat=0
split_feature=97 54 71 77 51 57 66
split_gain=933774 300598 95798.1 42251.6 19804 15712 10814.7
threshold=29451.000000000004 106.50000000000001 44.500000000000007 11.500000000000002 6090.5000000000009 17.795130420052178 19.500000000000004
decision_type=2 2 2 2 2 2 2
left_child=1 3 4 6 -3 -5 -1
right_child=-2 2 -4 5 -6 -7 -8
leaf_value=-2.7832470669196203 28.831119138544256 1.6643464402276642 11.404693651199342 -0.4952352160818122 4.7788162640162879 3.2265337650592514 -1.5498386384022458
leaf_weight=208 10.999999999999998 49 15.999999999999998 89 35 12.999999999999998 108
leaf_count=208 11 49 16 89 35 13 108
internal_value=0 -0.612244 4.31287 -1.7905 2.96204 -0.0208921 -2.3617
internal_weight=0 518 100 418 84 102 316
internal_count=529 518 100 418 84 102 316
is_linear=0
shrinkage=0.1


Tree=11
num_leaves=10
num_cat=0
split_feature=73 76 97 77 21 97 51 75 74
split_gain=774110 334472 191701 30546.3 28092.5 24820.6 13616 7400.61 5648.91
threshold=94.500000000000014 3.0798507462686571 5260.5000000000009 133.50000000000003 85.500000000000014 2530.0000000000005 4430.5000000000009 13.500000000000002 -0.27888888888888885
decision_type=2 2 2 2 2 2 2 2 2
left_child=2 -2 5 6 -5 7 -4 -1 -7
right_child=1 -3 3 4 -6 8 -8 -9 -10
leaf_value=-2.3454561243713123 32.230204582214348 6.3662450933456425 0.54722225318352391 2.8749798933664952 9.7175564765930176 -1.8106656982785179 3.297575293680032 -0.88762588851153856 0.032177757173776626
leaf_weight=269 10.000000000000002 9.9999999999999982 30 12.000000000000002 11.999999999999998 21 45 40 80
leaf_count=269 10 10 30 12 12 21 45 40 80
internal_value=0 19.2982 -0.75828 3.19109 6.29627 -1.71191 2.19743 -2.15674 -0.350988
internal_weight=0 20 509 99 24 410 75 309 101
internal_count=529 20 509 99 24 410 75 309 101
is_linear=0
shrinkage=0.1


Tree=12
num_leaves=8
num_cat=0
split_feature=77 104 54 72 51 85 86
split_gain=651073 207459 51255.6 49221.8 23020.5 10576 7413.45
threshold=491.00000000000006 91.500000000000014 78.000000000000014 0.53588516746411485 5227.5000000000009 -0.089115886020228921 -0.5529817988174679
decision_type=2 2 2 2 2 2 2
left_child=1 2 5 4 -3 -1 -4
right_child=-2 3 6 -5 -6 -7 -8
leaf_value=-2.1598135463358985 25.273813133239749 1.4826267519167491 2.2427140243591803 11.141396251916886 5.4694912195205694 -1.0482839677538445 0.26676216487373627
leaf_weight=237 9.9999999999999982 28 31 9.9999999999999982 30 134 49
leaf_count=237 10 28 31 10 30 134 49
internal_value=0 -0.486971 -1.2633 4.66194 3.5448 -1.75834 1.03244
internal_weight=0 519 451 68 58 371 80
internal_count=529 519 451 68 58 371 80
is_linear=0
shrinkage=0.1


Tree=13
num_leaves=8
num_cat=0
split_feature=6 97 71 77 65 54 59
split_gain=575507 161450 46585.6 26902.3 26038.6 8823.91 8460.62
threshold=1840.0000000000002 6459.5000000000009 72.500000000000014 23.500000000000004 106.39659831959538 13.500000000000002 95.500000000000014
decision_type=2 2 2 2 2 2 2
left_child=1 3 4 5 -3 -1 -5
right_child=-2 2 -4 6 -6 -7 -8
leaf_value=-2.1735291246168629 23.761906929016114 3.913585418004256 9.8713329601287843 -0.32762237797017962 0.037728450132104074 -1.1601664257735689 1.8266922539243333
leaf_weight=167 9.9999999999999982 52 9.9999999999999982 61 26 177 26
leaf_count=167 10 52 10 61 26 177 26
internal_value=0 -0.45784 3.44546 -1.2548 2.62163 -1.65212 0.316196
internal_weight=0 519 88 431 78 344 87
internal_count=529 519 88 431 78 344 87
is_linear=0
shrinkage=0.1


Tree=14
num_leaves=9
num_cat=0
split_feature=71 97 77 21 97 95 81 72
split_gain=469766 112222 28467.2 26356.2 15169.2 9990.92 5252.94 5203.42
threshold=72.500000000000014 5260.5000000000009 133.50000000000003 92.500000000000014 2337.5000000000005 264.50000000000006 -0.71428571459183654 -0.33045977011494237
decision_type=2 2 2 2 2 2 2 2
left_child=1 4 5 -4 6 -3 -1 -6
right_child=-2 2 3 -5 7 -7 -8 -9
leaf_value=-2.3533401083301855 17.44410962422689 2.0990466260484286 2.5063934559002514 8.7060772736867271 -2.328568081422286 -0.55471869518882355 -1.3815565389364826 -0.039350474289819304
leaf_weight=74 14.999999999999998 56 16.000000000000004 11.999999999999998 10.999999999999998 19 224 102
leaf_count=74 15 56 16 12 11 19 224 102
internal_value=0 -0.509069 2.44255 5.1634 -1.24877 1.42676 -1.62287 -0.262195
internal_weight=0 514 103 28 411 75 298 113
internal_count=529 514 103 28 411 75 298 113
is_linear=0
shrinkage=0.1


Tree=15
num_leaves=8
num_cat=0
split_feature=6 54 50 102 77 71 81
split_gain=433520 100722 29206.5 23438.7 17192.4 5926.02 5205.86
threshold=1840.0000000000002 106.50000000000001 353.00000000000006 27.000000000000004 11.500000000000002 20.500000000000004 -0.65367316351555094
decision_type=2 2 2 2 2 2 2
left_child=1 4 3 -3 6 -6 -1
right_child=-2 2 -4 -5 5 -7 -8
leaf_value=-2.0702690849912928 20.623399314880373 2.2835800004677034 5.9693887798409717 -2.677179527282715 -0.24464218241445135 2.0410359566028302 -1.182399148430239
leaf_weight=94 9.9999999999999982 71 19 10.999999999999998 89 12.999999999999998 222
leaf_count=94 10 71 19 11 89 13 222
internal_value=0 -0.397368 2.43667 1.61811 -1.08215 0.0466697 -1.44651
internal_weight=0 519 101 82 418 102 316
internal_count=529 519 101 82 418 102 316
is_linear=0
shrinkage=0.1


Tree=16
num_leaves=9
num_cat=0
split_feature=6 104 46 92 97 23 61 54
split_gain=351151 86464.7 34509.9 25856.8 23837.7 15268.6 5666.33 4661.1
threshold=1840.0000000000002 93.500000000000014 44.500000000000007 77.888063140914866 3326.5000000000005 1259.5000000000002 55.626860268166872 6.5000000000000009
decision_type=2 2 2 2 2 2 2 2
left_child=1 4 5 -4 7 -3 -6 -1
right_child=-2 2 3 -5 6 -7 -8 -9
leaf_value=-1.8015327219779675 18.561059498786928 3.9041450548171981 8.595479440689088 2.931735372543335 0.95244571763921437 -0.84341496186597009 -0.64017753787338738 -1.0025139361650361
leaf_weight=104 9.9999999999999982 10.000000000000002 13.999999999999998 19 74 21 32 245
leaf_count=104 10 10 14 19 74 21 32 245
internal_value=0 -0.357631 3.0839 5.33454 -0.841714 0.688056 0.471654 -1.24062
internal_weight=0 519 64 33 455 31 106 349
internal_count=529 519 64 33 455 31 106 349
is_linear=0
shrinkage=0.1


Tree=17
num_leaves=9
num_cat=0
split_feature=71 77 39 104 99 102 71 62
split_gain=312237 56443.8 21894.5 15515.2 6826.25 5713.11 4736.02 1248.89
threshold=72.500000000000014 36.500000000000007 2159.0000000000005 128.50000000000003 2.5000000000000004 23.500000000000004 27.500000000000004 2.4999999999999996
decision_type=2 2 2 2 2 2 2 2
left_child=1 4 6 -4 7 -6 -3 -1
right_child=-2 2 3 -5 5 -7 -8 -9
leaf_value=-1.7241749453835373 14.221653149922687 0.052819175219190301 1.8743529321466175 5.7183576329549162 -0.4423765631795627 -2.9014841914176941 2.2870656425302682 -1.2186874448514182
leaf_weight=82 14.999999999999998 69 35 14.999999999999998 171 9.9999999999999982 10.999999999999998 121
leaf_count=82 15 69 35 15 171 10 11 121
internal_value=0 -0.415029 1.386 3.02755 -1.02475 -0.578239 0.360028 -1.42287
internal_weight=0 514 130 50 384 181 80 203
internal_count=529 514 130 50 384 181 80 203
is_linear=0
shrinkage=0.1


Tree=18
num_leaves=8
num_cat=0
split_feature=77 75 97 88 9 79 73
split_gain=267356 61352.6 21285 15989.7 9744.66 5242.6 3616.06
threshold=491.00000000000006 89.500000000000014 3280.5000000000005 -0.26452495194496167 593.00000000000011 82.000000000000014 11.000000000000004
decision_type=2 2 2 2 2 2 2
left_child=1 2 6 -3 -4 -5 -1
right_child=-2 3 4 5 -6 -7 -8
leaf_value=-1.1424720487234616 16.195730600357056 6.3863538835729869 0.6714091939765674 3.5990293908119195 -2.5680734741687776 0.36094201087951661 -0.15236669523375376
leaf_weight=303 9.9999999999999982 13.999999999999998 130 10.000000000000002 9.9999999999999982 9.9999999999999982 42
leaf_count=303 10 14 130 10 10 10 42
internal_value=0 -0.312056 -0.59993 3.79437 0.440018 1.97999 -1.02194
internal_weight=0 519 485 34 140 20 345
internal_count=529 519 485 34 140 20 345
is_linear=0
shrinkage=0.1


Tree=19
num_leaves=8
num_cat=0
split_feature=6 103 102 75 85 71 82
split_gain=237961 45172.3 32237.8 16594.1 11658.5 4976.84 1902.49
threshold=1840.0000000000002 108.50000000000001 27.000000000000004 127.00000000000001 0.11478523713130649 14.500000000000002 -0.87426835616839116
decision_type=2 2 2 2 2 2 2
left_child=1 4 3 -3 6 -6 -1
right_child=-2 2 -4 -5 5 -7 -8
leaf_value=-1.487514340113371 15.279488346576692 2.1318657722162166 -2.4777075877556438 6.1781086495289443 -0.27747208859393563 1.1066891342401506 -0.90483773992439009
leaf_weight=78 9.9999999999999982 46 12.999999999999998 12.999999999999998 138 32 199
leaf_count=78 10 46 13 13 138 32 199
internal_value=0 -0.294402 2.03015 3.02341 -0.668828 -0.0169241 -1.06891
internal_weight=0 519 72 59 447 170 277
internal_count=529 519 72 59 447 170 277
is_linear=0
shrinkage=0.1


Tree=20
num_leaves=9
num_cat=0
split_feature=71 77 39 76 82 57 89 37
split_gain=194837 29649.6 11652 7110.02 4092.4 3532.92 3143.11 1285.63
threshold=72.500000000000014 36.500000000000007 2159.0000000000005 0.95727272727272728 -0.70244118394579846 10.91421146429858 -0.33223549871590963 299.00000000000006
decision_type=2 2 2 2 2 2 2 2
left_child=1 4 6 -4 7 -6 -3 -1
right_child=-2 2 3 -5 5 -7 -8 -9
leaf_value=-1.3671473781405776 11.234230771064759 1.0170754584573931 1.5787849384546282 4.5599805259704587 -0.74826225784179323 0.11877277557338989 -0.26953189184471055 -0.60675704559045185
leaf_weight=108 14.999999999999998 31 40 9.9999999999999982 185 63 49 28
leaf_count=108 15 31 40 10 185 63 49 28
internal_value=0 -0.327847 0.977488 2.17502 -0.769758 -0.528007 0.229028 -1.2106
internal_weight=0 514 130 50 384 248 80 136
internal_count=529 514 130 50 384 248 80 136
is_linear=0
shrinkage=0.1


Tree=21
num_leaves=8
num_cat=0
split_feature=2 103 102 71 85 61 79
split_gain=180965 28343.5 26994.9 11494.8 7331.28 4536.98 1273
threshold=1840.0000000000002 102.00000000000001 29.500000000000004 46.500000000000007 0.078402603521778511 108.93544929757751 2.0000000000000009
decision_type=2 2 2 2 2 2 2
left_child=1 4 3 -3 6 -6 -1
right_child=-2 2 -4 -5 5 -7 -8
leaf_value=-1.0667071374505759 13.324572441577912 1.7184239356626165 -3.2955708074569703 5.4041700935363775 0.071810806635767221 -2.1221872568130493 -0.62479087756100027
leaf_weight=160 9.9999999999999982 55 9.9999999999999982 9.9999999999999982 164 9.9999999999999982 110
leaf_count=160 10 55 10 10 164 10 110
internal_value=0 -0.256736 1.54132 2.28546 -0.560462 -0.054281 -0.886667
internal_weight=0 519 75 65 444 174 270
internal_count=529 519 75 65 444 174 270
is_linear=0
shrinkage=0.1


Tree=22
num_leaves=8
num_cat=0
split_feature=6 97 1 80 77 64 103
split_gain=149412 23252.2 23288.4 12171.8 5060.97 2007.44 1673.21
threshold=1840.0000000000002 6459.5000000000009 422.50000000000006 2.5521390374331552 11.500000000000002 20.583333333333339 18.500000000000004
decision_type=2 2 2 2 2 2 2
left_child=1 4 3 -3 6 -6 -1
right_child=-2 2 -4 -5 5 -7 -8
leaf_value=-0.87206790109433363 12.107317905426026 2.5622781792655589 -2.6593642927133123 -0.6225621684392294 -0.48357348654951365 0.40080128823914984 -0.35901701967606603
leaf_weight=236 9.9999999999999982 60 12.999999999999998 14.999999999999998 42 66 87
leaf_count=236 10 60 13 15 42 66 87
internal_value=0 -0.233282 1.24803 1.92531 -0.53573 0.0568778 -0.733878
internal_weight=0 519 88 75 431 108 323
internal_count=529 519 88 75 431 108 323
is_linear=0
shrinkage=0.1


Tree=23
num_leaves=8
num_cat=0
split_feature=71 77 83 41 97 102 95
split_gain=136009 14352.9 6743.56 9914.39 9876.56 4733.19 4878.25
threshold=72.500000000000014 28.500000000000004 1.7785793553259421 81.500000000000014 7982.0000000000009 23.500000000000004 123.50000000000001
decision_type=2 2 2 2 2 2 2
left_child=1 5 4 -4 -3 6 -1
right_child=-2 2 3 -5 -6 -7 -8
leaf_value=-0.6333366858294982 9.386233345667522 0.5049407574865552 0.53241112362040155 -2.7684994506835938 4.3083166642622519 -2.7435335564613346 0.87133476319520364
leaf_weight=341 14.999999999999998 18.000000000000004 101 9.9999999999999982 10.999999999999998 9.9999999999999982 23
leaf_count=341 15 18 101 10 11 10 23
internal_value=0 -0.273917 0.589778 0.235032 1.9476 -0.597226 -0.538261
internal_weight=0 514 140 111 29 374 364
internal_count=529 514 140 111 29 374 364
is_linear=0
shrinkage=0.1


Tree=24
num_leaves=6
num_cat=0
split_feature=102 2 103 1 85
split_gain=121796 16305.3 28624 10819.7 4456.03
threshold=37.500000000000007 878.00000000000011 128.50000000000003 182.50000000000003 0.078402603521778511
decision_type=2 2 2 2 2
left_child=1 2 4 -4 -1
right_child=-2 -3 3 -5 -6
leaf_value=-0.66098087848442511 10.412539005279541 -4.2199320650100711 0.86667730627637918 3.7296759724617008 -0.02124182225747423
leaf_weight=271 10.999999999999998 9.9999999999999982 33 22 182
leaf_count=271 11 10 33 22 182
internal_value=0 -0.221116 -0.142399 2.01188 -0.403955
internal_weight=0 518 508 55 453
internal_count=529 518 508 55 453
is_linear=0
shrinkage=0.1


Tree=25
num_leaves=7
num_cat=0
split_feature=77 77 65 9 96 97
split_gain=108912 16273.8 14521.3 10313.8 10062.5 7701
threshold=491.00000000000006 133.50000000000003 112.95318320700399 593.00000000000011 343.50000000000006 2970.5000000000005
decision_type=2 2 2 2 2 2
left_child=1 3 4 5 -3 -1
right_child=-2 2 -4 -5 -6 -7
leaf_value=-0.54585522348456317 10.336966629028321 1.448361509496515 -0.82525206406911222 -3.5233899879455564 5.8313073062896734 0.32640024842056509
leaf_weight=330 9.9999999999999982 11.000000000000002 11.999999999999998 9.9999999999999982 9.9999999999999982 146
leaf_count=330 10 11 12 10 10 146
internal_value=0 -0.199171 1.94976 -0.345086 3.53548 -0.278315
internal_weight=0 519 33 486 21 476
internal_count=529 519 33 486 21 476
is_linear=0
shrinkage=0.1


Tree=26
num_leaves=6
num_cat=0
split_feature=2 102 103 46 72
split_gain=94558 11813.8 19925.5 8330.61 3674.76
threshold=1840.0000000000002 29.500000000000004 128.50000000000003 51.000000000000014 -0.11064030131826745
decision_type=2 2 2 2 2
left_child=1 2 4 -4 -1
right_child=-2 -3 3 -5 -6
leaf_value=-0.66537081100085249 9.6317442893981937 -3.5894272756576542 0.1404523395356678 2.6882713108351739 -0.090339920527607434
leaf_weight=193 9.9999999999999982 9.9999999999999982 21 33 262
leaf_count=193 10 10 21 33 262
internal_value=0 -0.185583 -0.11871 1.69745 -0.334254
internal_weight=0 519 509 54 455
internal_count=529 519 509 54 455
is_linear=0
shrinkage=0.1


Tree=27
num_leaves=7
num_cat=0
split_feature=73 24 79 54 103 73
split_gain=82322.1 137578 15795.1 10093.4 4028.03 3538.24
threshold=94.500000000000014 54.500000000000007 200.50000000000003 150.00000000000003 134.00000000000003 11.000000000000004
decision_type=2 2 2 2 2 2
left_child=2 -2 3 5 -5 -1
right_child=1 -3 -4 4 -6 -7
leaf_value=-0.45513829699930408 -2.0006794166564936 14.587159214019776 -4.1823521900177001 0.12456857817513603 1.9431082137699787 0.25823077308230624
leaf_weight=363 10.000000000000002 9.9999999999999982 9.9999999999999982 21 29 86
leaf_count=363 10 10 10 21 29 86
internal_value=0 6.29324 -0.247279 -0.168419 1.17932 -0.318502
internal_weight=0 20 509 499 50 449
internal_count=529 20 509 499 50 449
is_linear=0
shrinkage=0.1


Tree=28
num_leaves=5
num_cat=0
split_feature=102 79 71 97
split_gain=73077.8 18743.9 14136.7 7089.68
threshold=37.500000000000007 268.00000000000011 46.500000000000007 6459.5000000000009
decision_type=2 2 2 2
left_child=1 2 3 -1
right_child=-2 -3 -4 -5
leaf_value=-0.32210275596026744 8.0655403570695352 -4.4587073703110223 3.1682843831869274 0.7841554254071037
leaf_weight=428 10.999999999999998 9.9999999999999982 12.999999999999998 67
leaf_count=428 11 10 13 67
internal_value=0 -0.171276 -0.0868777 -0.172367
internal_weight=0 518 508 495
internal_count=529 518 508 495
is_linear=0
shrinkage=0.1


Tree=29
num_leaves=6
num_cat=0
split_feature=73 98 79 80 85
split_gain=67398.8 10132.3 6885.94 4735.99 3109.78
threshold=115.00000000000001 109.00000000000001 65.500000000000014 1.1443355786895286 0.054805126479326442
decision_type=2 2 2 2 2
left_child=1 2 4 -4 -1
right_child=-2 -3 3 -5 -6
leaf_value=-0.46408705100193065 6.1945369215572583 -2.9618015656104455 3.0185136222839355 0.49480681583799169 0.062417066938330212
leaf_weight=266 17 12.999999999999998 9.9999999999999982 29 194
leaf_count=266 17 13 10 29 194
internal_value=0 -0.205678 -0.133875 1.14191 -0.24204
internal_weight=0 512 499 39 460
internal_count=529 512 499 39 460
is_linear=0
shrinkage=0.1


Tree=30
num_leaves=6
num_cat=0
split_feature=6 102 103 29 82
split_gain=63218.5 12528.4 9409.17 5282.77 2268.49
threshold=1840.0000000000002 29.500000000000004 102.00000000000001 11.500000000000004 -0.70244118394579846
decision_type=2 2 2 2 2
left_child=1 2 4 -4 -1
right_child=-2 -3 3 -5 -6
leaf_value=-0.59302918557497797 7.8754968118667605 -3.6570259739458564 -1.0734194350242614 1.4252338333173911 -0.099567505652893504
leaf_weight=133 9.9999999999999982 9.9999999999999982 9.9999999999999982 55 311
leaf_count=133 10 10 10 55 311
internal_value=0 -0.151744 -0.0828776 1.04083 -0.247384
internal_weight=0 519 509 65 444
internal_count=529 519 509 65 444
is_linear=0
shrinkage=0.1


Tree=31
num_leaves=6
num_cat=0
split_feature=71 26 54 87 104
split_gain=53788.8 11311 5083.83 4245.27 1287.75
threshold=72.500000000000014 1840.0000000000002 78.000000000000014 0.81553676293853961 4.5000000000000018
decision_type=2 2 2 2 2
left_child=1 2 4 -4 -1
right_child=-2 -3 3 -5 -6
leaf_value=-0.60369805662902365 5.9027470588684086 -3.5025633955001831 0.75418299495489627 -0.64201136188847685 -0.18110490369501117
leaf_weight=97 14.999999999999998 9.9999999999999982 98 28 281
leaf_count=97 15 10 98 28 281
internal_value=0 -0.172259 -0.106182 0.443918 -0.289548
internal_weight=0 514 504 126 378
internal_count=529 514 504 126 378
is_linear=0
shrinkage=0.1


Tree=32
num_leaves=6
num_cat=0
split_feature=10 79 52 92 72
split_gain=51518.3 12870.2 7123.53 5682.47 2605.94
threshold=1840.0000000000002 268.00000000000011 183.75000000000003 73.293536960183374 -0.11064030131826745
decision_type=2 2 2 2 2
left_child=1 2 4 -4 -1
right_child=-2 -3 3 -5 -6
leaf_value=-0.45708490473688723 7.1094606685638428 -3.6897613535821439 3.2782293128967286 0.52566125949223841 0.021546706898899919
leaf_weight=194 9.9999999999999982 9.9999999999999982 9.9999999999999982 30 275
leaf_count=194 10 10 10 30 275
internal_value=0 -0.136984 -0.0671847 1.2138 -0.176437
internal_weight=0 519 509 40 469
internal_count=529 519 509 40 469
is_linear=0
shrinkage=0.1


Tree=33
num_leaves=6
num_cat=0
split_feature=102 79 97 41 58
split_gain=45260.5 19285.6 6130.92 3184.46 1377.93
threshold=37.500000000000007 268.00000000000011 6459.5000000000009 1.5000000000000007 25.500000000000004
decision_type=2 2 2 2 2
left_child=1 2 4 -4 -1
right_child=-2 -3 3 -5 -6
leaf_value=-0.34314404575277396 6.347465229034424 -4.4837378406524655 2.4373265075683594 0.52427937239408495 0.021283314933722049
leaf_weight=257 10.999999999999998 9.9999999999999982 9.9999999999999982 67 174
leaf_count=257 11 10 10 67 174
internal_value=0 -0.134792 -0.0491826 0.772727 -0.19602
internal_weight=0 518 508 77 431
internal_count=529 518 508 77 431
is_linear=0
shrinkage=0.1


Tree=34
num_leaves=6
num_cat=0
split_feature=77 1 103 79 3
split_gain=43478.9 14377.6 5509.53 7001.23 2568.93
threshold=491.00000000000006 593.00000000000011 128.50000000000003 96.500000000000014 8612.5000000000018
decision_type=2 2 2 2 2
left_child=1 2 4 -4 -1
right_child=-2 -3 3 -5 -6
leaf_value=-0.13088233767178012 6.5312345123291013 -3.8809115934371947 0.32905095260251654 3.1496795134110886 -1.7516185061633587
leaf_weight=444 9.9999999999999982 9.9999999999999982 44 10.999999999999998 9.9999999999999982
leaf_count=444 10 10 44 11 10
internal_value=0 -0.125843 -0.0520692 0.893177 -0.166581
internal_weight=0 519 509 55 454
internal_count=529 519 509 55 454
is_linear=0
shrinkage=0.1


Tree=35
num_leaves=6
num_cat=0
split_feature=73 98 79 79 49
split_gain=37544.4 13772.3 3205.73 2978.08 1574.1
threshold=115.00000000000001 109.00000000000001 65.500000000000014 125.50000000000001 150.50000000000003
decision_type=2 2 2 2 2
left_child=1 2 4 -4 -1
right_child=-2 -3 3 -5 -6
leaf_value=-0.20146433352926182 4.6233351006227386 -3.3667787551879886 1.4546132493019106 -0.36704267093113496 0.44776213803305859
leaf_weight=419 17 12.999999999999998 25 13.999999999999998 41
leaf_count=419 17 13 25 14 41
internal_value=0 -0.153509 -0.0697967 0.800685 -0.143598
internal_weight=0 512 499 39 460
internal_count=529 512 499 39 460
is_linear=0
shrinkage=0.1


Tree=36
num_leaves=6
num_cat=0
split_feature=102 79 96 71 69
split_gain=36600.8 21216.9 4441.99 6123.86 2248.7
threshold=37.500000000000007 268.00000000000011 430.00000000000006 -2.9999999999999987 251.98619443408333
decision_type=2 2 2 2 2
left_child=1 2 4 -4 -1
right_child=-2 -3 3 -5 -6
leaf_value=-0.1269785225793327 5.7080240076238464 -4.6827158077061179 -0.23561076684431589 3.1836016178131104 1.2591160486141841
leaf_weight=475 10.999999999999998 9.9999999999999982 11.000000000000002 9.9999999999999982 11.999999999999998
leaf_count=475 11 10 11 10 12
internal_value=0 -0.121213 -0.0314195 1.39259 -0.0928242
internal_weight=0 518 508 21 487
internal_count=529 518 508 21 487
is_linear=0
shrinkage=0.1


Tree=37
num_leaves=6
num_cat=0
split_feature=10 85 51 87 6
split_gain=31679.3 10756.1 3773.64 4950.64 1993.49
threshold=1840.0000000000002 0.99681593486783593 6372.5000000000009 -0.70289845916694615 467.00000000000006
decision_type=2 2 2 2 2
left_child=1 2 4 -4 -1
right_child=-2 -3 3 -5 -6
leaf_value=-0.099396365473239295 5.5749824714660647 -2.9476042710817776 -0.91648302058378861 1.154883222013712 -1.2723356676101685
leaf_weight=426 9.9999999999999982 12.999999999999998 14.999999999999998 50 14.999999999999998
leaf_count=426 10 13 15 50 15
internal_value=0 -0.107418 -0.0344486 0.676876 -0.139292
internal_weight=0 519 506 65 441
internal_count=529 519 506 65 441
is_linear=0
shrinkage=0.1


Tree=38
num_leaves=6
num_cat=0
split_feature=71 26 104 6 8
split_gain=29892.2 13994.3 2391.05 1822.23 971.923
threshold=72.500000000000014 1840.0000000000002 65.500000000000014 467.00000000000006 38.500000000000007
decision_type=2 2 2 2 2
left_child=1 2 4 -4 -1
right_child=-2 -3 3 -5 -6
leaf_value=-0.28992565935590731 4.4003478503227234 -3.8327403962612152 0.55638662746006795 -0.52349333763122563 0.032787828578303257
leaf_weight=247 14.999999999999998 9.9999999999999982 88 19 150
leaf_count=247 15 10 88 19 150
internal_value=0 -0.128415 -0.0549163 0.364632 -0.167994
internal_weight=0 514 504 107 397
internal_count=529 514 504 107 397
is_linear=0
shrinkage=0.1


Tree=39
num_leaves=5
num_cat=0
split_feature=2 102 3 100
split_gain=26894.9 12173.1 3994.19 4995.34
threshold=1840.0000000000002 29.500000000000004 10813.000000000002 148.00000000000003
decision_type=2 2 2 2
left_child=1 2 3 -1
right_child=-2 -3 -4 -5
leaf_value=-0.03786806413361371 5.1367756175994872 -3.5541903829574588 1.3914886510685871 -2.1932124842296949
leaf_weight=479 9.9999999999999982 9.9999999999999982 19 10.999999999999998
leaf_count=479 10 10 19 11
internal_value=0 -0.0989745 -0.0310921 -0.0862533
internal_weight=0 519 509 490
internal_count=529 519 509 490
is_linear=0
shrinkage=0.1


Tree=40
num_leaves=6
num_cat=0
split_feature=73 98 102 79 61
split_gain=24198 16207.5 1970.11 1606.38 1456.03
threshold=115.00000000000001 144.50000000000003 9.5000000000000018 65.500000000000014 53.514512562175177
decision_type=2 2 2 2 2
left_child=1 2 4 -4 -1
right_child=-2 -3 3 -5 -6
leaf_value=-0.087962550715313725 3.7116987726267645 -3.9202856779098512 0.12675620955415071 1.0398761839866639 -0.80211872939140572
leaf_weight=361 17 10.999999999999998 84 25 31
leaf_count=361 17 11 84 25 31
internal_value=0 -0.12324 -0.0398717 0.336187 -0.144439
internal_weight=0 512 501 109 392
internal_count=529 512 501 109 392
is_linear=0
shrinkage=0.1


Tree=41
num_leaves=6
num_cat=0
split_feature=102 79 96 71 7
split_gain=25158 20630.1 3096.79 3522.12 1536.65
threshold=37.500000000000007 268.00000000000011 430.00000000000006 -2.9999999999999987 2207.0000000000005
decision_type=2 2 2 2 2
left_child=1 2 4 -4 -1
right_child=-2 -3 3 -5 -6
leaf_value=-0.20714441202707642 4.7323709834705703 -4.5984741640090947 -0.057758140293034624 2.535319463014603 0.15601691127672715
leaf_weight=294 10.999999999999998 9.9999999999999982 11.000000000000002 9.9999999999999982 193
leaf_count=294 11 10 11 10 193
internal_value=0 -0.100494 -0.0119515 1.17704 -0.0632222
internal_weight=0 518 508 21 487
internal_count=529 518 508 21 487
is_linear=0
shrinkage=0.1


Tree=42
num_leaves=5
num_cat=0
split_feature=77 98 96 80
split_gain=22236.6 12938.8 2857.08 1396.71
threshold=491.00000000000006 144.50000000000003 430.00000000000006 -0.59959514170040473
decision_type=2 2 2 2
left_child=1 2 3 -1
right_child=-2 -3 -4 -5
leaf_value=-0.33754053772068943 4.6707903861999513 -3.2050560437715974 1.1930578790997204 0.045294102605860108
leaf_weight=130 9.9999999999999982 12.999999999999998 19 357
leaf_count=130 10 13 19 357
internal_value=0 -0.089996 -0.00996477 -0.0568999
internal_weight=0 519 506 487
internal_count=529 519 506 487
is_linear=0
shrinkage=0.1


Tree=43
num_leaves=6
num_cat=0
split_feature=102 79 96 71 62
split_gain=20020.8 18074.9 2326.55 2872.5 1355.65
threshold=37.500000000000007 268.00000000000011 430.00000000000006 -2.9999999999999987 150.00000000000003
decision_type=2 2 2 2 2
left_child=1 2 4 -4 -1
right_child=-2 -3 3 -5 -6
leaf_value=-0.081960913646400707 4.2216464952989057 -4.2998756933212281 -0.091322398185729958 2.250444081425667 0.85402145311236388
leaf_weight=471 10.999999999999998 9.9999999999999982 11.000000000000002 9.9999999999999982 15.999999999999998
leaf_count=471 11 10 11 10 16
internal_value=0 -0.0896489 -0.00677038 1.0238 -0.05121
internal_weight=0 518 508 21 487
internal_count=529 518 508 21 487
is_linear=0
shrinkage=0.1


Tree=44
num_leaves=6
num_cat=0
split_feature=73 98 104 85 20
split_gain=19133.6 16309.4 1375.11 1492.21 616.29
threshold=115.00000000000001 144.50000000000003 24.500000000000004 0.98899263613956467 123.50000000000001
decision_type=2 2 2 2 2
left_child=1 2 4 -4 -1
right_child=-2 -3 3 -5 -6
leaf_value=-0.16097842615504726 3.3005119351779713 -3.918545321984725 0.20325091255639319 -0.76680155501646163 -0.96234283506870266
leaf_weight=238 17 10.999999999999998 236 17 9.9999999999999982
leaf_count=238 17 11 236 17 10
internal_value=0 -0.109587 -0.0259575 0.13807 -0.193292
internal_weight=0 512 501 253 248
internal_count=529 512 501 253 248
is_linear=0
shrinkage=0.1


Tree=45
num_leaves=6
num_cat=0
split_feature=2 79 104 89 3
split_gain=18517.4 12048.9 2576.54 2845.25 1326.9
threshold=1840.0000000000002 200.50000000000003 100.00000000000001 -0.46230483047980925 8982.5000000000018
decision_type=2 2 2 2 2
left_child=1 2 4 -4 -1
right_child=-2 -3 3 -5 -6
leaf_value=-0.043136885392427861 4.2623166370391843 -2.9759438565799172 1.7444643890156468 0.080733767495705544 -1.1086104134718577
leaf_weight=450 9.9999999999999982 13.999999999999998 17 26 11.999999999999998
leaf_count=450 10 14 17 26 12
internal_value=0 -0.0821256 -0.00190089 0.738488 -0.0708115
internal_weight=0 519 505 43 462
internal_count=529 519 505 43 462
is_linear=0
shrinkage=0.1


Tree=46
num_leaves=6
num_cat=0
split_feature=73 98 80 50 6
split_gain=16431.7 15115.3 1156.14 2513.57 615.33
threshold=115.00000000000001 144.50000000000003 -0.59959514170040473 332.50000000000006 141.50000000000003
decision_type=2 2 2 2 2
left_child=1 2 4 -4 -1
right_child=-2 -3 3 -5 -6
leaf_value=-0.20829271181502335 3.0586125794579004 -3.7684282963926146 0.011837625152847104 1.2566577911376955 -0.95990543961524966
leaf_weight=118 17 10.999999999999998 354 17 11.999999999999998
leaf_count=118 17 11 354 17 12
internal_value=0 -0.101555 -0.0210453 0.0688779 -0.277672
internal_weight=0 512 501 371 130
internal_count=529 512 501 371 130
is_linear=0
shrinkage=0.1


Tree=47
num_leaves=5
num_cat=0
split_feature=102 96 69 70
split_gain=17133.2 16371.9 3171.07 3022.17
threshold=37.500000000000007 878.00000000000011 289.03593027882999 247.28591928314799
decision_type=2 2 2 2
left_child=1 2 3 -1
right_child=-2 -3 -4 -5
leaf_value=-0.0057419133647200991 3.9053519552404232 -4.0899074268341069 1.6022243678569794 -1.6819692069833931
leaf_weight=485 10.999999999999998 9.9999999999999982 11.999999999999998 10.999999999999998
leaf_count=485 11 10 12 11
internal_value=0 -0.0829322 -0.00405472 -0.0429163
internal_weight=0 518 508 496
internal_count=529 518 508 496
is_linear=0
shrinkage=0.1


Tree=48
num_leaves=6
num_cat=0
split_feature=10 53 52 86 6
split_gain=14918.2 9501.47 1792.79 1915.33 1388.7
threshold=1840.0000000000002 108.18733752154164 193.75000000000003 -0.66205087126731821 467.00000000000006
decision_type=2 2 2 2 2
left_child=1 2 4 -4 -1
right_child=-2 -3 3 -5 -6
leaf_value=-0.029726806582552404 3.8257214641571049 -2.9813974467190829 1.8613009673357011 0.19218908670273693 -1.0406591411147799
leaf_weight=462 9.9999999999999982 10.999999999999998 9.9999999999999982 22 13.999999999999998
leaf_count=462 10 11 10 22 14
internal_value=0 -0.0737133 -0.0107517 0.713787 -0.0594601
internal_weight=0 519 508 32 476
internal_count=529 519 508 32 476
is_linear=0
shrinkage=0.1


Tree=49
num_leaves=5
num_cat=0
split_feature=71 26 69 6
split_gain=14639.4 13927.1 1252.56 1849.7
threshold=72.500000000000014 1840.0000000000002 289.03593027882999 546.00000000000011
decision_type=2 2 2 2
left_child=1 2 3 -1
right_child=-2 -3 -4 -5
leaf_value=-0.014210543920539645 3.0794280525048574 -3.7852873599529269 0.95229704288335959 -1.3883135904371739
leaf_weight=481 14.999999999999998 9.9999999999999982 12.999999999999998 9.9999999999999982
leaf_count=481 15 10 13 10
internal_value=0 -0.0898666 -0.0165447 -0.0421963
internal_weight=0 514 504 491
internal_count=529 514 504 491
is_linear=0
shrinkage=0.1


Tree=50
num_leaves=6
num_cat=0
split_feature=10 79 51 89 57
split_gain=12978.5 9605.52 1419.03 2954.24 1557.69
threshold=1840.0000000000002 268.00000000000011 6372.5000000000009 -0.91337045176378717 39.692013687775606
decision_type=2 2 2 2 2
left_child=1 2 4 -4 -1
right_child=-2 -3 3 -5 -6
leaf_value=-0.022804762815007741 3.5683607006072999 -3.1380278700590134 1.9186467772180382 0.12610306582812753 -0.76915510704120005
leaf_weight=412 9.9999999999999982 9.9999999999999982 10.999999999999998 56 30
leaf_count=412 10 10 11 56 30
internal_value=0 -0.0687545 -0.00845448 0.420401 -0.073462
internal_weight=0 519 509 67 442
internal_count=529 519 509 67 442
is_linear=0
shrinkage=0.1


Tree=51
num_leaves=5
num_cat=0
split_feature=73 14 6 3
split_gain=13821.6 56325.1 9716.58 3528.75
threshold=-199.49999999999997 951.50000000000011 572.00000000000011 10471.000000000002
decision_type=2 2 2 2
left_child=-1 2 3 -2
right_child=1 -3 -4 -5
leaf_value=-3.355109096566836 -0.04775151867826935 7.509946065084077 -2.8803870614618066 1.5098147749900819
leaf_weight=11.999999999999998 480 9.9999999999999982 11.999999999999998 14.999999999999998
leaf_count=12 480 10 12 15
internal_value=0 0.0778749 -0.0687143 -0.00055254
internal_weight=0 517 507 495
internal_count=529 517 507 495
is_linear=0
shrinkage=0.1


Tree=52
num_leaves=5
num_cat=0
split_feature=26 58 104 85
split_gain=13872.3 52252.6 8770.94 1546.56
threshold=1840.0000000000002 277.00000000000006 220.50000000000003 0.83730377313544024
decision_type=2 2 2 2
left_child=1 2 3 -1
right_child=-2 -3 -4 -5
leaf_value=-0.08999828276415188 -3.6891853141784665 7.2297025132179265 -3.0018985986709597 0.38051309700877894
leaf_weight=415 9.9999999999999982 9.9999999999999982 9.9999999999999982 84
leaf_count=415 10 10 10 84
internal_value=0 0.0710826 -0.0695583 -0.010794
internal_weight=0 519 509 499
internal_count=529 519 509 499
is_linear=0
shrinkage=0.1


Tree=53
num_leaves=5
num_cat=0
split_feature=23 19 6 3
split_gain=11457.6 43875.7 9250.07 2606.97
threshold=31029.500000000004 14935.000000000002 572.00000000000011 10471.000000000002
decision_type=2 2 2 2
left_child=1 2 3 -1
right_child=-2 -3 -4 -5
leaf_value=-0.038436854908203456 -3.3527596807479862 6.6243504130840307 -2.8077510436375936 1.3002444570263227
leaf_weight=482 9.9999999999999982 9.9999999999999982 11.999999999999998 14.999999999999998
leaf_count=482 10 10 12 15
internal_value=0 0.0646004 -0.0642749 0.001966
internal_weight=0 519 509 497
internal_count=529 519 509 497
is_linear=0
shrinkage=0.1


Tree=54
num_leaves=5
num_cat=0
split_feature=26 54 53 79
split_gain=9908.64 42608.6 9935.3 1482.1
threshold=1840.0000000000002 396.50000000000006 82.024386617639394 65.500000000000014
decision_type=2 2 2 2
left_child=1 2 3 -1
right_child=-2 -3 -4 -5
leaf_value=-0.048666678582151388 -3.1179050934314727 6.5244106245040898 -2.910203102231026 0.593505639067063
leaf_weight=458 9.9999999999999982 9.9999999999999982 11.999999999999998 39
leaf_count=458 10 10 12 39
internal_value=0 0.0600752 -0.0669255 0.00172511
internal_weight=0 519 509 497
internal_count=529 519 509 497
is_linear=0
shrinkage=0.1


Tree=55
num_leaves=6
num_cat=0
split_feature=10 79 96 12 75
split_gain=9214.17 8989.63 1269.24 2385.52 989.029
threshold=1840.0000000000002 268.00000000000011 430.00000000000006 182.00000000000003 110.00000000000001
decision_type=2 2 2 2 2
left_child=1 2 4 -4 -1
right_child=-2 -3 3 -5 -6
leaf_value=-0.011496055340629165 3.0066570663452148 -3.0271769189834594 1.8840626597404473 -0.2072181676824888 -0.97060793963345615
leaf_weight=476 9.9999999999999982 9.9999999999999982 10.000000000000002 11.999999999999998 10.999999999999998
leaf_count=476 10 10 10 12 11
internal_value=0 -0.0579317 0.000403141 0.743364 -0.0331598
internal_weight=0 519 509 22 487
internal_count=529 519 509 22 487
is_linear=0
shrinkage=0.1


Tree=56
num_leaves=5
num_cat=0
split_feature=62 10 6 11
split_gain=9559.7 36722.3 10271.3 2560.54
threshold=195.50000000000003 878.00000000000011 572.00000000000011 10355.000000000002
decision_type=2 2 2 2
left_child=1 2 3 -1
right_child=-2 -3 -4 -5
leaf_value=-0.020786427325501886 -2.7902872532606127 6.0657620853185659 -3.0760064585642386 1.5221193270249802
leaf_weight=485 11.999999999999998 9.9999999999999982 10.999999999999998 10.999999999999998
leaf_count=485 12 10 11 11
internal_value=0 0.0647649 -0.053598 0.0134312
internal_weight=0 517 507 496
internal_count=529 517 507 496
is_linear=0
shrinkage=0.1


Tree=57
num_leaves=5
num_cat=0
split_feature=26 6 6 3
split_gain=9139.99 33228.4 9537.48 2000.53
threshold=1840.0000000000002 878.00000000000011 572.00000000000011 10813.000000000002
decision_type=2 2 2 2
left_child=1 2 3 -1
right_child=-2 -3 -4 -5
leaf_value=-0.024209262453758523 -2.9945302814245225 5.7663042271137241 -2.9670251889662311 1.1883443557790347
leaf_weight=484 9.9999999999999982 9.9999999999999982 10.999999999999998 13.999999999999998
leaf_count=484 10 10 11 14
internal_value=0 0.0576981 -0.0544553 0.00987859
internal_weight=0 519 509 498
internal_count=529 519 509 498
is_linear=0
shrinkage=0.1


Tree=58
num_leaves=5
num_cat=0
split_feature=73 14 55 96
split_gain=8005.09 33146.7 9309.28 1575.4
threshold=-199.49999999999997 951.50000000000011 424.50000000000006 430.00000000000006
decision_type=2 2 2 2
left_child=-1 2 3 -2
right_child=1 -3 -4 -5
leaf_value=-2.5533476963639261 -0.024877266179220345 5.7606320148706445 -3.0740591888874769 0.98377551622688775
leaf_weight=11.999999999999998 481 9.9999999999999982 9.9999999999999982 15.999999999999998
leaf_count=12 481 10 10 16
internal_value=0 0.0592653 -0.0531877 0.00759445
internal_weight=0 517 507 497
internal_count=529 517 507 497
is_linear=0
shrinkage=0.1


Tree=59
num_leaves=5
num_cat=0
split_feature=23 69 79 77
split_gain=8426.73 29298.7 10051.6 1641.48
threshold=31029.500000000004 364.523294458154 200.50000000000003 177.50000000000003
decision_type=2 2 2 2
left_child=1 2 3 -1
right_child=-2 -3 -4 -5
leaf_value=-0.012940076085336981 -2.8753147052973511 5.4158258694410328 -3.1890395045280457 1.2812980782985688
leaf_weight=489 9.9999999999999982 9.9999999999999982 9.9999999999999982 9.9999999999999982
leaf_count=489 10 10 10 10
internal_value=0 0.0554011 -0.0499118 0.0129966
internal_weight=0 519 509 499
internal_count=529 519 509 499
is_linear=0
shrinkage=0.1


Tree=60
num_leaves=6
num_cat=0
split_feature=73 98 104 80 99
split_gain=7112.68 11214.6 894.626 778.438 261.749
threshold=115.00000000000001 144.50000000000003 4.5000000000000018 0.50000000000000022 2.5000000000000004
decision_type=2 2 2 2 2
left_child=1 2 4 -4 -1
right_child=-2 -3 3 -5 -6
leaf_value=-0.32587372691466893 2.0123303311712601 -3.2253035697070036 -0.019552489885557637 0.2880605713310449 0.21434416532516481
leaf_weight=87 17 10.999999999999998 289 115 9.9999999999999982
leaf_count=87 17 11 289 115 10
internal_value=0 -0.0668157 0.00253238 0.0680106 -0.270181
internal_weight=0 512 501 404 97
internal_count=529 512 501 404 97
is_linear=0
shrinkage=0.1


Tree=61
num_leaves=6
num_cat=0
split_feature=10 75 92 86 51
split_gain=7569.06 7424.02 1149.55 2027.7 764.648
threshold=1840.0000000000002 273.00000000000006 67.585683547222018 -0.7838885076761426 12927.000000000002
decision_type=2 2 2 2 2
left_child=1 2 3 -1 -4
right_child=-2 -3 4 -5 -6
leaf_value=1.4641578793525696 2.7250649333000183 -2.7508340680599215 -0.075675075851568366 0.093106064136992114 0.76850040392442187
leaf_weight=13.999999999999998 9.9999999999999982 9.9999999999999982 437 47 10.999999999999998
leaf_count=14 10 10 437 47 11
internal_value=0 -0.0525061 0.00050627 0.407774 -0.0549476
internal_weight=0 519 509 61 448
internal_count=529 519 509 61 448
is_linear=0
shrinkage=0.1


Tree=62
num_leaves=5
num_cat=0
split_feature=23 13 85 85
split_gain=6997.61 25991 6111 1436.44
threshold=31029.500000000004 523.00000000000011 0.99681593486783593 0.83730377313544024
decision_type=2 2 2 2
left_child=1 2 3 -1
right_child=-2 -3 -4 -5
leaf_value=-0.067656972260655104 -2.6201769614219668 5.0992689609527595 -2.278601368268331 0.40218473057468218
leaf_weight=420 9.9999999999999982 9.9999999999999982 11.999999999999998 77
leaf_count=420 10 10 12 77
internal_value=0 0.0504851 -0.0487051 0.0051354
internal_weight=0 519 509 497
internal_count=529 519 509 497
is_linear=0
shrinkage=0.1


Tree=63
num_leaves=6
num_cat=0
split_feature=10 104 6 96 71
split_gain=6284.04 5737.06 1080.75 1913.2 1259.64
threshold=1840.0000000000002 220.50000000000003 467.00000000000006 406.50000000000006 -35.999999999999993
decision_type=2 2 2 2 2
left_child=1 2 3 -1 -4
right_child=-2 -3 4 -5 -6
leaf_value=0.0011085751386682404 2.4829927515983581 -2.3072587278756229 -0.048209779150784005 1.1875069294657026 -1.4383205668492751
leaf_weight=467 9.9999999999999982 10.999999999999998 16.000000000000004 13.999999999999998 10.999999999999998
leaf_count=467 10 11 16 14 11
internal_value=0 -0.0478419 0.00108252 0.0356399 -0.614551
internal_weight=0 519 508 481 27
internal_count=529 519 508 481 27
is_linear=0
shrinkage=0.1


Tree=64
num_leaves=5
num_cat=0
split_feature=22 69 79 53
split_gain=6725.78 22111.1 8151.64 1483.58
threshold=1840.0000000000002 364.523294458154 200.50000000000003 36.415999231106902
decision_type=2 2 2 2
left_child=1 2 3 -1
right_child=-2 -3 -4 -5
leaf_value=-0.019646478637199229 -2.5687807600200179 4.7062190711498264 -2.8689152836799625 0.8813200411043669
leaf_weight=480 9.9999999999999982 9.9999999999999982 9.9999999999999982 19
leaf_count=480 10 10 10 19
internal_value=0 0.0494948 -0.0419929 0.0146589
internal_weight=0 519 509 499
internal_count=529 519 509 499
is_linear=0
shrinkage=0.1


Tree=65
num_leaves=5
num_cat=0
split_feature=62 19 6 3
split_gain=6210.11 22115.6 7055.85 1947.94
threshold=195.50000000000003 15987.000000000002 572.00000000000011 10813.000000000002
decision_type=2 2 2 2
left_child=1 2 3 -1
right_child=-2 -3 -4 -5
leaf_value=-0.013050684851380842 -2.2489322990179064 4.709215202331543 -2.3393093668497524 1.1835989726441247
leaf_weight=480 11.999999999999998 9.9999999999999982 12.999999999999998 13.999999999999998
leaf_count=480 12 10 13 14
internal_value=0 0.0521996 -0.0396548 0.0208625
internal_weight=0 517 507 494
internal_count=529 517 507 494
is_linear=0
shrinkage=0.1


Tree=66
num_leaves=5
num_cat=0
split_feature=27 54 53 73
split_gain=5646.9 20338.6 6120.62 1073.77
threshold=31029.500000000004 396.50000000000006 82.024386617639394 11.000000000000004
decision_type=2 2 2 2
left_child=1 2 3 -1
right_child=-2 -3 -4 -5
leaf_value=-0.067330918757129141 -2.3537527871131898 4.5115259569883355 -2.2740433516601724 0.28559030501155169
leaf_weight=386 9.9999999999999982 9.9999999999999982 11.999999999999998 111
leaf_count=386 10 10 12 111
internal_value=0 0.0453517 -0.0423924 0.0114905
internal_weight=0 519 509 497
internal_count=529 519 509 497
is_linear=0
shrinkage=0.1


Tree=67
num_leaves=6
num_cat=0
split_feature=10 75 85 13 73
split_gain=5161.12 6253.05 853.691 1882.53 1371.12
threshold=1840.0000000000002 273.00000000000006 0.67007489853957602 8.5000000000000036 32.500000000000007
decision_type=2 2 2 2 2
left_child=1 2 4 -4 -1
right_child=-2 -3 3 -5 -6
leaf_value=-0.036449805794343836 2.2502346849441532 -2.5197595453262331 1.4224564302712679 0.10567811847778791 -1.169291370565241
leaf_weight=372 9.9999999999999982 9.9999999999999982 11.999999999999998 114 10.999999999999998
leaf_count=372 10 10 12 114 11
internal_value=0 -0.0433571 0.00529519 0.231086 -0.0689857
internal_weight=0 519 509 126 383
internal_count=529 519 509 126 383
is_linear=0
shrinkage=0.1


Tree=68
num_leaves=5
num_cat=0
split_feature=8 14 6 3
split_gain=5725.43 17830.4 6252.92 1703.88
threshold=602.00000000000011 878.00000000000011 572.00000000000011 10813.000000000002
decision_type=2 2 2 2
left_child=1 2 3 -1
right_child=-2 -3 -4 -5
leaf_value=-0.011334581237239957 -2.3700628530979158 4.2273982873559 -2.2014582427648399 1.1077764664377485
leaf_weight=482 9.9999999999999982 9.9999999999999982 12.999999999999998 13.999999999999998
leaf_count=482 10 10 13 14
internal_value=0 0.045666 -0.0364899 0.0202532
internal_weight=0 519 509 496
internal_count=529 519 509 496
is_linear=0
shrinkage=0.1


Tree=69
num_leaves=5
num_cat=0
split_feature=26 54 85 97
split_gain=5600.8 17183.3 4739.94 901.027
threshold=1840.0000000000002 396.50000000000006 0.99681593486783593 6459.5000000000009
decision_type=2 2 2 2
left_child=1 2 3 -1
right_child=-2 -3 -4 -5
leaf_value=-0.043035900709984448 -2.3441248190402986 4.1503056967258454 -1.9993657877047857 0.34174473113577131
leaf_weight=426 9.9999999999999982 9.9999999999999982 11.999999999999998 71
leaf_count=426 10 10 12 71
internal_value=0 0.0451662 -0.0354849 0.0119328
internal_weight=0 519 509 497
internal_count=529 519 509 497
is_linear=0
shrinkage=0.1


Tree=70
num_leaves=5
num_cat=0
split_feature=23 13 96 85
split_gain=4828.34 14908 5662.96 886.174
threshold=31029.500000000004 523.00000000000011 780.50000000000011 0.67007489853957602
decision_type=2 2 2 2
left_child=1 2 3 -1
right_child=-2 -3 -4 -5
leaf_value=-0.061776091024002916 -2.1764797353744507 3.8656492245197303 -2.3893908762931821 0.24829343008946203
leaf_weight=377 9.9999999999999982 9.9999999999999982 9.9999999999999982 122
leaf_count=377 10 10 10 122
internal_value=0 0.041936 -0.033186 0.0140325
internal_weight=0 519 509 499
internal_count=529 519 509 499
is_linear=0
shrinkage=0.1


Tree=71
num_leaves=6
num_cat=0
split_feature=10 75 14 96 35
split_gain=4389.91 4744.06 869.503 1267.28 724.918
threshold=1840.0000000000002 273.00000000000006 546.00000000000011 430.00000000000006 12200.000000000002
decision_type=2 2 2 2 2
left_child=1 2 3 -1 -4
right_child=-2 -3 4 -5 -6
leaf_value=0.00080605878024096224 2.0753129482269288 -2.196986621618271 -1.2438756889104841 0.93442546794811898 -0.067468423193151314
leaf_weight=473 9.9999999999999982 9.9999999999999982 10.000000000000002 14.999999999999998 10.999999999999998
leaf_count=473 10 10 10 15 11
internal_value=0 -0.0399868 0.00239045 0.0295034 -0.627662
internal_weight=0 519 509 488 21
internal_count=529 519 509 488 21
is_linear=0
shrinkage=0.1


Tree=72
num_leaves=5
num_cat=0
split_feature=8 56 79 71
split_gain=4697.58 16126.3 5203.58 1102.37
threshold=602.00000000000011 378.37500000000006 200.50000000000003 46.500000000000007
decision_type=2 2 2 2
left_child=1 2 3 -1
right_child=-2 -3 -4 -5
leaf_value=-0.013819322448803998 -2.1468070316314698 4.0182459294795994 -2.2953833895921707 0.99847921674901796
leaf_weight=488 9.9999999999999982 9.9999999999999982 9.9999999999999982 10.999999999999998
leaf_count=488 10 10 10 11
internal_value=0 0.0413643 -0.036767 0.00849588
internal_weight=0 519 509 499
internal_count=529 519 509 499
is_linear=0
shrinkage=0.1


Tree=73
num_leaves=6
num_cat=0
split_feature=73 98 80 50 15
split_gain=4356.17 7508.84 626.285 752.87 597.019
threshold=115.00000000000001 144.50000000000003 -0.61496453900709203 332.50000000000006 3563.0000000000005
decision_type=2 2 2 2 2
left_child=1 2 4 -4 -1
right_child=-2 -3 3 -5 -6
leaf_value=-0.1206449540010814 1.5748357197817635 -2.6367738669568843 0.037705211740594068 0.70058481560813057 -0.89149647653102881
leaf_weight=116 17 10.999999999999998 356 18 10.999999999999998
leaf_count=116 17 11 356 18 11
internal_value=0 -0.0522895 0.0044557 0.0696085 -0.187412
internal_weight=0 512 501 374 127
internal_count=529 512 501 374 127
is_linear=0
shrinkage=0.1


Tree=74
num_leaves=6
num_cat=0
split_feature=10 75 92 27 73
split_gain=4001.39 4594.39 719.043 1354.29 685.569
threshold=1840.0000000000002 273.00000000000006 67.585683547222018 2008.5000000000002 87.500000000000014
decision_type=2 2 2 2 2
left_child=1 2 3 -1 -4
right_child=-2 -3 4 -5 -6
leaf_value=0.11698475737197728 1.9813502860069274 -2.1608786903321744 -0.021638749100131804 1.3897113037109374 -0.85902800664305701
leaf_weight=51 9.9999999999999982 9.9999999999999982 438 9.9999999999999982 9.9999999999999982
leaf_count=51 10 10 438 10 10
internal_value=0 -0.0381763 0.00352708 0.325628 -0.0403305
internal_weight=0 519 509 61 448
internal_count=529 519 509 61 448
is_linear=0
shrinkage=0.1


Tree=75
num_leaves=5
num_cat=0
split_feature=22 65 102 3
split_gain=4274.91 13075.5 3961.96 1527.43
threshold=1840.0000000000002 253.21413482285448 29.500000000000004 10813.000000000002
decision_type=2 2 2 2
left_child=1 2 3 -1
right_child=-2 -3 -4 -5
leaf_value=-0.022353845472271379 -2.0479509830474854 3.6204611361026764 -1.9081118562004784 0.94213687444434457
leaf_weight=481 9.9999999999999982 9.9999999999999982 10.999999999999998 17
leaf_count=481 10 10 11 17
internal_value=0 0.0394596 -0.0308941 0.0105705
internal_weight=0 519 509 498
internal_count=529 519 509 498
is_linear=0
shrinkage=0.1


Tree=76
num_leaves=7
num_cat=0
split_feature=80 3 25 95 97 22
split_gain=3675.11 16858.4 12343.9 1599.94 1009.49 441.197
threshold=9.1539451114922823 21772.500000000004 101.00000000000001 310.00000000000006 10813.000000000002 9.5000000000000018
decision_type=2 2 2 2 2 2
left_child=1 3 5 4 -1 -2
right_child=2 -3 -4 -5 -6 -7
leaf_value=0.0088181403216541464 0.11645285920663306 -3.9371069929816507 3.9481451082229615 0.97472237892010638 -1.0067799758911133 -0.8013081723451615
leaf_weight=460 11.000000000000005 10.999999999999998 9.9999999999999982 17 9.9999999999999982 9.9999999999999982
leaf_count=460 11 11 10 17 10 10
internal_value=0 -0.0657618 1.05643 0.0216814 -0.0127903 -0.320576
internal_weight=0 498 31 487 470 21
internal_count=529 498 31 487 470 21
is_linear=0
shrinkage=0.1


Tree=77
num_leaves=6
num_cat=0
split_feature=10 79 27 53 96
split_gain=3898.57 3380.06 682.101 862.399 805.524
threshold=1840.0000000000002 268.00000000000011 10355.000000000002 36.415999231106902 273.00000000000006
decision_type=2 2 2 2 2
left_child=1 2 3 -1 -4
right_child=-2 -3 4 -5 -6
leaf_value=-0.0021291294855457247 1.9557270586490632 -1.8583780837059021 -0.85522781892826671 0.65319907750402184 0.25359307408332826
leaf_weight=459 9.9999999999999982 9.9999999999999982 19.000000000000004 21 9.9999999999999982
leaf_count=459 10 10 19 21 10
internal_value=0 -0.0376826 -0.00191255 0.0265415 -0.472876
internal_weight=0 519 509 480 29
internal_count=529 519 509 480 29
is_linear=0
shrinkage=0.1


Tree=78
num_leaves=5
num_cat=0
split_feature=73 104 104 79
split_gain=3657.15 5034.07 946.25 818.417
threshold=115.00000000000001 203.50000000000003 136.00000000000003 125.50000000000001
decision_type=2 2 2 2
left_child=1 2 3 -1
right_child=-2 -3 -4 -5
leaf_value=-0.0022441277391180366 1.4429589317125435 -1.9180562454408834 0.73788724482497747 -0.91646124124526984
leaf_weight=471 17 13.999999999999998 17 9.9999999999999982
leaf_count=471 17 14 17 10
internal_value=0 -0.0479107 0.00466363 -0.0212507
internal_weight=0 512 498 481
internal_count=529 512 498 481
is_linear=0
shrinkage=0.1


Tree=79
num_leaves=6
num_cat=0
split_feature=10 79 45 52 73
split_gain=3393.2 3007.5 614.872 1470.01 778.435
threshold=1840.0000000000002 268.00000000000011 7.2164496600635185e-16 93.500000000000014 87.500000000000014
decision_type=2 2 2 2 2
left_child=1 2 3 -1 -4
right_child=-2 -3 4 -5 -6
leaf_value=0.092026748085344168 1.8245700919628143 -1.7525811314582826 -0.029268767399690955 1.3837923765182496 -0.92212537646293635
leaf_weight=74 9.9999999999999982 9.9999999999999982 415 9.9999999999999982 9.9999999999999982
leaf_count=74 10 10 415 10 10
internal_value=0 -0.0351555 -0.00141432 0.245808 -0.0502772
internal_weight=0 519 509 84 425
internal_count=529 519 509 84 425
is_linear=0
shrinkage=0.1


Tree=80
num_leaves=5
num_cat=0
split_feature=26 54 53 6
split_gain=3694.98 13560.3 3357.61 767.878
threshold=1840.0000000000002 396.50000000000006 82.024386617639394 394.00000000000006
decision_type=2 2 2 2
left_child=1 2 3 -1
right_child=-2 -3 -4 -5
leaf_value=0.032328887599179491 -1.9039779353141786 3.6834671945869921 -1.6878499974807104 -0.55932974271152325
leaf_weight=474 9.9999999999999982 9.9999999999999982 11.999999999999998 23
leaf_count=474 10 10 12 23
internal_value=0 0.0366855 -0.0349605 0.00494831
internal_weight=0 519 509 497
internal_count=529 519 509 497
is_linear=0
shrinkage=0.1


Tree=81
num_leaves=5
num_cat=0
split_feature=8 56 79 53
split_gain=3184.41 11735.1 3543.81 846.954
threshold=602.00000000000011 378.37500000000006 200.50000000000003 36.415999231106902
decision_type=2 2 2 2
left_child=1 2 3 -1
right_child=-2 -3 -4 -5
leaf_value=-0.021861541227657266 -1.7675440001487734 3.426549043059349 -1.8965097253024579 0.64233625352382662
leaf_weight=479 9.9999999999999982 9.9999999999999982 9.9999999999999982 20
leaf_count=479 10 10 10 20
internal_value=0 0.0340567 -0.0325934 0.00475961
internal_weight=0 519 509 499
internal_count=529 519 509 499
is_linear=0
shrinkage=0.1


Tree=82
num_leaves=5
num_cat=0
split_feature=73 97 55 63
split_gain=2932.48 4985.25 846.915 716.354
threshold=115.00000000000001 14252.000000000002 306.00000000000006 274.50000000000006
decision_type=2 2 2 2
left_child=1 2 3 -1
right_child=-2 -3 -4 -5
leaf_value=0.022751931035468742 1.2921118876513313 -2.2537578487396241 0.91220647513866426 -0.38019374402201911
leaf_weight=443 17 9.9999999999999982 9.9999999999999982 49
leaf_count=443 17 10 10 49
internal_value=0 -0.0429022 0.0011388 -0.0173788
internal_weight=0 512 502 492
internal_count=529 512 502 492
is_linear=0
shrinkage=0.1


Tree=83
num_leaves=6
num_cat=0
split_feature=10 75 96 96 6
split_gain=2896.08 3276.47 549.433 1338.1 615.778
threshold=1840.0000000000002 273.00000000000006 430.00000000000006 546.00000000000011 394.00000000000006
decision_type=2 2 2 2 2
left_child=1 2 4 -4 -1
right_child=-2 -3 3 -5 -6
leaf_value=0.00204268577488813 1.6856250739097598 -1.8250584292411807 1.3458898639678951 -0.22037713285535576 -0.61059414604130913
leaf_weight=470 9.9999999999999982 9.9999999999999982 10.000000000000002 11.999999999999998 17
leaf_count=470 10 10 10 12 17
internal_value=0 -0.0324783 0.00273936 0.491562 -0.019343
internal_weight=0 519 509 22 487
internal_count=529 519 509 22 487
is_linear=0
shrinkage=0.1


Tree=84
num_leaves=5
num_cat=0
split_feature=26 6 6 3
split_gain=2961.33 10635.1 5018.88 1255.08
threshold=1840.0000000000002 878.00000000000011 572.00000000000011 10813.000000000002
decision_type=2 2 2 2
left_child=1 2 3 -1
right_child=-2 -3 -4 -5
leaf_value=-0.01093864777848925 -1.7045095527172087 3.2624286267161366 -2.1434285597367722 0.94948786417288444
leaf_weight=484 9.9999999999999982 9.9999999999999982 10.999999999999998 13.999999999999998
leaf_count=484 10 10 11 14
internal_value=0 0.0328422 -0.0306074 0.0160613
internal_weight=0 519 509 498
internal_count=529 519 509 498
is_linear=0
shrinkage=0.1


Tree=85
num_leaves=5
num_cat=0
split_feature=73 10 6 3
split_gain=2821.97 11281.2 4287.87 1026.11
threshold=-199.49999999999997 878.00000000000011 546.00000000000011 10471.000000000002
decision_type=2 2 2 2
left_child=-1 2 3 -2
right_child=1 -3 -4 -5
leaf_value=-1.5160120117167633 -0.014512354555188126 3.3613008683919912 -2.0806092071533207 0.82534555753072114
leaf_weight=11.999999999999998 482 9.9999999999999982 9.9999999999999982 14.999999999999998
leaf_count=12 482 10 10 15
internal_value=0 0.0351879 -0.0304159 0.0108355
internal_weight=0 517 507 497
internal_count=529 517 507 497
is_linear=0
shrinkage=0.1


Tree=86
num_leaves=5
num_cat=0
split_feature=8 14 6 3
split_gain=2730.47 9286.18 3567.63 825.346
threshold=602.00000000000011 878.00000000000011 572.00000000000011 10813.000000000002
decision_type=2 2 2 2
left_child=1 2 3 -1
right_child=-2 -3 -4 -5
leaf_value=-0.0068768326789179351 -1.6367207574844362 3.0493594348430637 -1.6630628769214337 0.77200451833861217
leaf_weight=482 9.9999999999999982 9.9999999999999982 12.999999999999998 13.999999999999998
leaf_count=482 10 10 13 14
internal_value=0 0.031536 -0.0277532 0.0151077
internal_weight=0 519 509 496
internal_count=529 519 509 496
is_linear=0
shrinkage=0.1


Tree=87
num_leaves=5
num_cat=0
split_feature=26 16 57 99
split_gain=2656.58 9136.24 3181.06 589.258
threshold=1840.0000000000002 371.00000000000006 159.45879835064531 57.000000000000007
decision_type=2 2 2 2
left_child=1 2 3 -1
right_child=-2 -3 -4 -5
leaf_value=-0.022613948755510371 -1.6144237375259403 3.0244665339589121 -1.7936481237411499 0.39739752262830735
leaf_weight=463 9.9999999999999982 9.9999999999999982 9.9999999999999982 36
leaf_count=463 10 10 10 36
internal_value=0 0.0311064 -0.0277022 0.00768748
internal_weight=0 519 509 499
internal_count=529 519 509 499
is_linear=0
shrinkage=0.1


Tree=88
num_leaves=5
num_cat=0
split_feature=23 11 6 3
split_gain=2361.37 8963.12 3550.03 670.081
threshold=31029.500000000004 15987.000000000002 572.00000000000011 10813.000000000002
decision_type=2 2 2 2
left_child=1 2 3 -1
right_child=-2 -3 -4 -5
leaf_value=-0.0094000249512278117 -1.522080249786377 2.9941909897327426 -1.8058734698729084 0.69236510481153224
leaf_weight=484 9.9999999999999982 9.9999999999999982 10.999999999999998 13.999999999999998
leaf_count=484 10 10 11 14
internal_value=0 0.0293272 -0.0289216 0.0103283
internal_weight=0 519 509 498
internal_count=529 519 509 498
is_linear=0
shrinkage=0.1


Tree=89
num_leaves=5
num_cat=0
split_feature=85 71 104 72
split_gain=2306.55 7076.1 3284.59 882.447
threshold=0.99530134160901229 72.500000000000014 246.00000000000003 0.76388888888888873
decision_type=2 2 2 2
left_child=1 2 3 -1
right_child=-2 -3 -4 -5
leaf_value=-0.014202323233352063 -1.2223323742796977 2.4354806800683342 -1.8158966779708863 0.63378527536988261
leaf_weight=470 14.999999999999998 11.999999999999998 9.9999999999999982 22
leaf_count=470 15 12 10 22
internal_value=0 0.0356712 -0.0216948 0.0147727
internal_weight=0 514 502 492
internal_count=529 514 502 492
is_linear=0
shrinkage=0.1


Tree=90
num_leaves=6
num_cat=0
split_feature=10 52 51 80 46
split_gain=2309.67 2590.92 546.422 965.816 505.108
threshold=1840.0000000000002 339.50000000000006 10040.000000000002 -0.59959514170040473 1.0000000180025095e-35
decision_type=2 2 2 2 2
left_child=1 2 4 -4 -1
right_child=-2 -3 3 -5 -6
leaf_value=0.31125470074110256 1.5053261858224869 -1.4229543905991775 -0.19380805492401118 1.1034430732329688 -0.047836896891240037
leaf_weight=43 9.9999999999999982 12.999999999999998 11.000000000000002 11.999999999999998 440
leaf_count=43 10 13 11 12 440
internal_value=0 -0.0290044 0.00680859 0.483019 -0.0158681
internal_weight=0 519 506 23 483
internal_count=529 519 506 23 483
is_linear=0
shrinkage=0.1


Tree=91
num_leaves=5
num_cat=0
split_feature=8 56 53 98
split_gain=2357.15 8740.7 3149.96 525.971
threshold=602.00000000000011 378.37500000000006 82.024386617639394 5.811323644522305e-17
decision_type=2 2 2 2
left_child=1 2 3 -1
right_child=-2 -3 -4 -5
leaf_value=-0.18061048114753289 -1.5207202541828158 2.9571479964256291 -1.7855127215385438 0.063179827619751452
leaf_weight=115 9.9999999999999982 9.9999999999999982 9.9999999999999982 384
leaf_count=115 10 10 10 384
internal_value=0 0.029301 -0.0282206 0.00699569
internal_weight=0 519 509 499
internal_count=529 519 509 499
is_linear=0
shrinkage=0.1


Tree=92
num_leaves=5
num_cat=0
split_feature=10 7 75 99
split_gain=1920.13 2465.51 486.019 721.928
threshold=1840.0000000000002 14935.000000000002 -146.49999999999997 57.000000000000007
decision_type=2 2 2 2
left_child=1 2 -1 -4
right_child=-2 -3 3 -5
leaf_value=-0.52158118977266199 1.3725294864177704 -1.5814397469162942 -0.010736089210355387 0.46685624663882397
leaf_weight=17 9.9999999999999982 9.9999999999999982 458 34
leaf_count=17 10 10 458 34
internal_value=0 -0.0264457 0.00410433 0.0222683
internal_weight=0 519 509 492
internal_count=529 519 509 492
is_linear=0
shrinkage=0.1


Tree=93
num_leaves=5
num_cat=0
split_feature=8 56 79 72
split_gain=2078.13 7228.07 2658.45 600.243
threshold=602.00000000000011 378.37500000000006 200.50000000000003 0.76388888888888873
decision_type=2 2 2 2
left_child=1 2 3 -1
right_child=-2 -3 -4 -5
leaf_value=-0.018157594781132696 -1.4278806282579899 2.6899922132492069 -1.6391757887601852 0.47535325013674223
leaf_weight=473 9.9999999999999982 9.9999999999999982 9.9999999999999982 26
leaf_count=473 10 10 10 26
internal_value=0 0.0275122 -0.0247959 0.0075564
internal_weight=0 519 509 499
internal_count=529 519 509 499
is_linear=0
shrinkage=0.1


Tree=94
num_leaves=5
num_cat=0
split_feature=23 23 71 27
split_gain=1840.16 7041.08 2754.85 760.468
threshold=31029.500000000004 14935.000000000002 116.00000000000001 10355.000000000002
decision_type=2 2 2 2
left_child=1 2 3 -1
right_child=-2 -3 -4 -5
leaf_value=0.031756666841392875 -1.3436406683921813 2.6537040615081788 -1.6691265213489535 -0.61329313318833323
leaf_weight=480 9.9999999999999982 9.9999999999999982 9.9999999999999982 19
leaf_count=480 10 10 10 19
internal_value=0 0.025889 -0.025738 0.00719565
internal_weight=0 519 509 499
internal_count=529 519 509 499
is_linear=0
shrinkage=0.1


Tree=95
num_leaves=6
num_cat=0
split_feature=73 97 53 53 49
split_gain=1808.56 3174.24 515.84 1417.33 886.091
threshold=115.00000000000001 14252.000000000002 36.415999231106902 30.052038200427912 101.00000000000001
decision_type=2 2 2 2 2
left_child=1 2 3 -1 -4
right_child=-2 -3 4 -5 -6
leaf_value=0.007264392230556244 1.0147280228926856 -1.7978483176231386 -0.22026871383190147 -1.093368297815323 1.0542898262540499
leaf_weight=468 17 9.9999999999999982 10.000000000000002 11.999999999999998 11.999999999999998
leaf_count=468 17 10 10 12 12
internal_value=0 -0.0336921 0.00145041 -0.0202514 0.474945
internal_weight=0 512 502 480 22
internal_count=529 512 502 480 22
is_linear=0
shrinkage=0.1


Tree=96
num_leaves=6
num_cat=0
split_feature=10 104 21 72 7
split_gain=1859.17 2184.57 556.309 879.602 812.418
threshold=1840.0000000000002 220.50000000000003 285.50000000000006 -0.12771739130434781 2207.0000000000005
decision_type=2 2 2 2 2
left_child=1 2 4 -4 -1
right_child=-2 -3 3 -5 -6
leaf_value=-0.071625060545635819 1.3505653011798859 -1.4202545079317961 0.065369605273008349 -0.95900794506073006 0.19728489653843512
leaf_weight=291 9.9999999999999982 10.999999999999998 19 14.999999999999998 183
leaf_count=291 10 11 19 15 183
internal_value=0 -0.0260225 0.00416761 -0.386562 0.0321946
internal_weight=0 519 508 34 474
internal_count=529 519 508 34 474
is_linear=0
shrinkage=0.1


Tree=97
num_leaves=5
num_cat=0
split_feature=26 49 61 96
split_gain=1695.38 6694.74 2276.84 670.445
threshold=1840.0000000000002 404.00000000000006 197.15892204749426 430.00000000000006
decision_type=2 2 2 2
left_child=1 2 3 -1
right_child=-2 -3 -4 -5
leaf_value=-0.018212166562566402 -1.2897017478942872 2.5872204917669297 -1.386606218169133 0.53463716364425162
leaf_weight=474 9.9999999999999982 9.9999999999999982 11.999999999999998 23
leaf_count=474 10 10 12 23
internal_value=0 0.0248497 -0.0254915 0.00737241
internal_weight=0 519 509 497
internal_count=529 519 509 497
is_linear=0
shrinkage=0.1


Tree=98
num_leaves=9
num_cat=0
split_feature=50 99 61 89 89 11 4 92
split_gain=1584.95 9514.79 9274.72 916.841 795.987 449.189 1260.66 775.921
threshold=280.00000000000006 134.50000000000003 197.15892204749426 -0.55656394595156866 0.82535540594131784 6906.0000000000009 66.500000000000014 78.824007477095634
decision_type=2 2 2 2 2 2 2 2
left_child=1 5 3 -2 -5 6 -1 -7
right_child=2 -3 -4 4 -6 7 -8 -9
leaf_value=-0.055447918077105446 0.91298458337783817 2.9707703194834973 -3.2638681507110601 -0.41365888924337924 0.51426549232923069 -0.76987497419118878 0.4007358546192582 0.065785815954208376
leaf_weight=334 9.9999999999999982 10.999999999999998 9.9999999999999982 32 12.999999999999998 20 74 25
leaf_count=334 10 11 10 32 13 20 74 25
internal_value=0 0.0647855 -0.462469 0.0468766 -0.145592 -0.00577926 0.0272913 -0.305619
internal_weight=0 464 65 55 45 453 408 45
internal_count=529 464 65 55 45 453 408 45
is_linear=0
shrinkage=0.1


Tree=99
num_leaves=6
num_cat=0
split_feature=63 71 92 89 86
split_gain=1634.04 2319.14 380.836 1004.78 424.35
threshold=885.50000000000011 116.00000000000001 67.585683547222018 -0.15739011478661069 0.99196248624718542
decision_type=2 2 2 2 2
left_child=1 2 3 -1 -4
right_child=-2 -3 4 -5 -6
leaf_value=0.66478994447609474 1.2060703223401852 -1.5337121415138246 -0.047282705716788775 -0.14790474222972991 0.462114933396087
leaf_weight=29 10.999999999999998 9.9999999999999982 430 32 17
leaf_count=29 11 10 430 32 17
internal_value=0 -0.0256115 0.00407549 0.238458 -0.0279096
internal_weight=0 518 508 61 447
internal_count=529 518 508 61 447
is_linear=0
shrinkage=0.1


end of trees

feature_importances:
US_current=29
Pennsylvania_lag_2=26
Virginia_diff_52=26
Virginia_diff_1=24
Virginia_diff_8=24
Virginia_diff_2=21
Louisiana_current=20
Pennsylvania_lag_3=18
Vermont_current=17
Virginia_roll_mean_2=16
Virginia_diff_4=16
week_cos=15
Pennsylvania_current=15
US_lag_1=14
Virginia_roll_min_2=14
Virginia_roll_max_2=12
Pennsylvania_lag_7=11
Virginia_roll_std_2=10
Virginia_pct_change_1=9
New_Mexico_current=9
US_lag_6=8
US_lag_52=8
Virginia_pct_change_52=8
Washington_current=8
Virginia_lag_3=7
Pennsylvania_lag_52=6
month_cos=6
Virginia_cumulative_mean=6
Pennsylvania_lag_1=5
Pennsylvania_lag_4=5
Virginia_roll_std_8=5
Virginia_ewm_alpha_0.3=5
West_Virginia_current=5
US_lag_7=4
Virginia_roll_mean_4=4
Virginia_roll_std_4=4
Virginia_roll_min_8=4
Virginia_momentum_8=4
quarter_sin=4
Ohio_lag_1=3
US_lag_2=3
US_lag_3=3
Ohio_lag_4=3
Ohio_lag_6=3
Pennsylvania_lag_6=3
Pennsylvania_lag_12=3
Ohio_lag_52=3
Virginia_roll_std_12=3
Ohio_current=3
Ohio_lag_3=2
US_lag_5=2
US_lag_10=2
Ohio_lag_11=2
Virginia_roll_min_4=2
Virginia_roll_max_8=2
Virginia_pct_change_2=2
Virginia_pct_change_4=2
Virginia_pct_change_8=2
Virginia_momentum_4=2
Virginia_momentum_12=2
quarter_cos=2
month_sin=2
Maryland_current=2
Virginia_lag_2=1
Virginia_lag_4=1
US_lag_4=1
Virginia_lag_5=1
Virginia_lag_6=1
Virginia_lag_7=1
Ohio_lag_7=1
Ohio_lag_8=1
US_lag_9=1
Ohio_lag_10=1
Ohio_lag_12=1
Virginia_roll_max_4=1
Virginia_roll_mean_12=1
Virginia_roll_min_12=1
Virginia_ewm_alpha_0.5=1

parameters:
[boosting: gbdt]
[objective: regression]
[metric: l1]
[tree_learner: serial]
[device_type: cpu]
[data_sample_strategy: bagging]
[data: ]
[valid: ]
[num_iterations: 100]
[learning_rate: 0.1]
[num_leaves: 12]
[num_threads: 2]
[seed: 1]
[deterministic: 0]
[force_col_wise: 0]
[force_row_wise: 0]
[histogram_pool_size: -1]
[max_depth: 4]
[min_data_in_leaf: 10]
[min_sum_hessian_in_leaf: 0.001]
[bagging_fraction: 1]
[pos_bagging_fraction: 1]
[neg_bagging_fraction: 1]
[bagging_freq: 0]
[bagging_seed: 18467]
[feature_fraction: 1]
[feature_fraction_bynode: 1]
[feature_fraction_seed: 26500]
[extra_trees: 0]
[extra_seed: 15724]
[early_stopping_round: 0]
[first_metric_only: 0]
[max_delta_step: 0]
[lambda_l1: 0]
[lambda_l2: 0]
[linear_lambda: 0]
[min_gain_to_split: 0]
[drop_rate: 0.1]
[max_drop: 50]
[skip_drop: 0.5]
[xgboost_dart_mode: 0]
[uniform_drop: 0]
[drop_seed: 6334]
[top_rate: 0.2]
[other_rate: 0.1]
[min_data_per_group: 100]
[max_cat_threshold: 32]
[cat_l2: 10]
[cat_smooth: 10]
[max_cat_to_onehot: 4]
[top_k: 20]
[monotone_constraints: ]
[monotone_constraints_method: basic]
[monotone_penalty: 0]
[feature_contri: ]
[forcedsplits_filename: ]
[refit_decay_rate: 0.9]
[cegb_tradeoff: 1]
[cegb_penalty_split: 0]
[cegb_penalty_feature_lazy: ]
[cegb_penalty_feature_coupled: ]
[path_smooth: 0]
[interaction_constraints: ]
[verbosity: -1]
[saved_feature_importance_type: 0]
[use_quantized_grad: 0]
[num_grad_quant_bins: 4]
[quant_train_renew_leaf: 0]
[stochastic_rounding: 1]
[linear_tree: 0]
[max_bin: 255]
[max_bin_by_feature: ]
[min_data_in_bin: 3]
[bin_construct_sample_cnt: 200000]
[data_random_seed: 41]
[is_enable_sparse: 1]
[enable_bundle: 1]
[use_missing: 1]
[zero_as_missing: 0]
[feature_pre_filter: 1]
[pre_partition: 0]
[two_round: 0]
[header: 0]
[label_column: ]
[weight_column: ]
[group_column: ]
[ignore_column: ]
[categorical_feature: ]
[forcedbins_filename: ]
[precise_float_parser: 0]
[parser_config_file: ]
[objective_seed: 19169]
[num_class: 1]
[is_unbalance: 0]
[scale_pos_weight: 1]
[sigmoid: 1]
[boost_from_average: 1]
[reg_sqrt: 0]
[alpha: 0.9]
[fair_c: 1]
[poisson_max_delta_step: 0.7]
[tweedie_variance_power: 1.5]
[lambdarank_truncation_level: 30]
[lambdarank_norm: 1]
[label_gain: ]
[lambdarank_position_bias_regularization: 0]
[eval_at: ]
[multi_error_top_k: 1]
[auc_mu_weights: ]
[num_machines: 1]
[local_listen_port: 12400]
[time_out: 120]
[machine_list_filename: ]
[machines: ]
[gpu_platform_id: -1]
[gpu_device_id: -1]
[gpu_use_dp: 0]
[num_gpu: 1]

end of parameters

pandas_categorical:[]
