tree
version=v4
num_class=1
num_tree_per_iteration=1
label_index=0
max_feature_idx=104
objective=regression
feature_names=Wyoming_lag_1 Kansas_lag_1 Missouri_lag_1 South_Dakota_lag_1 Wyoming_lag_2 Kansas_lag_2 Missouri_lag_2 South_Dakota_lag_2 Wyoming_lag_3 Kansas_lag_3 Missouri_lag_3 South_Dakota_lag_3 Wyoming_lag_4 Kansas_lag_4 Missouri_lag_4 South_Dakota_lag_4 Wyoming_lag_5 Kansas_lag_5 Missouri_lag_5 South_Dakota_lag_5 Wyoming_lag_6 Kansas_lag_6 Missouri_lag_6 South_Dakota_lag_6 Wyoming_lag_7 Kansas_lag_7 Missouri_lag_7 South_Dakota_lag_7 Wyoming_lag_8 Kansas_lag_8 Missouri_lag_8 South_Dakota_lag_8 Wyoming_lag_9 Kansas_lag_9 Missouri_lag_9 South_Dakota_lag_9 Wyoming_lag_10 Kansas_lag_10 Missouri_lag_10 South_Dakota_lag_10 Wyoming_lag_11 Kansas_lag_11 Missouri_lag_11 South_Dakota_lag_11 Wyoming_lag_12 Kansas_lag_12 Missouri_lag_12 South_Dakota_lag_12 Wyoming_lag_52 Kansas_lag_52 Missouri_lag_52 South_Dakota_lag_52 Wyoming_roll_mean_2 Wyoming_roll_std_2 Wyoming_roll_min_2 Wyoming_roll_max_2 Wyoming_roll_mean_4 Wyoming_roll_std_4 Wyoming_roll_min_4 Wyoming_roll_max_4 Wyoming_roll_mean_8 Wyoming_roll_std_8 Wyoming_roll_min_8 Wyoming_roll_max_8 Wyoming_roll_mean_12 Wyoming_roll_std_12 Wyoming_roll_min_12 Wyoming_roll_max_12 Wyoming_ewm_alpha_0.1 Wyoming_ewm_alpha_0.3 Wyoming_ewm_alpha_0.5 Wyoming_diff_1 Wyoming_pct_change_1 Wyoming_diff_2 Wyoming_pct_change_2 Wyoming_diff_4 Wyoming_pct_change_4 Wyoming_diff_8 Wyoming_pct_change_8 Wyoming_diff_52 Wyoming_pct_change_52 Wyoming_momentum_4 Wyoming_momentum_8 Wyoming_momentum_12 week_sin week_cos quarter_sin quarter_cos month_sin month_cos is_flu_season is_peak_flu Wyoming_cumulative_mean Wyoming_trend_8w Wyoming_trend_12w Kansas_current Missouri_current South_Dakota_current Ohio_current Nebraska_current New_Jersey_current Massachusetts_current Wisconsin_current Indiana_current Arizona_current
feature_infos=[0:116] [0:519] [0:1424] [0:207] [0:116] [0:519] [0:1424] [0:207] [0:116] [0:519] [0:1424] [0:207] [0:116] [0:519] [0:1424] [0:207] [0:116] [0:519] [0:1424] [0:207] [0:116] [0:519] [0:1424] [0:207] [0:116] [0:519] [0:1424] [0:207] [0:116] [0:519] [0:1424] [0:207] [0:116] [0:519] [0:1424] [0:207] [0:116] [0:519] [0:1424] [0:207] [0:116] [0:519] [0:1424] [0:207] [0:116] [0:519] [0:1424] [0:207] [0:51] [0:200] [0:860] [0:97] [0:104] [0:46.669047558312137] [0:102] [0:116] [0:95.25] [0:45.367940222143652] [0:84] [0:116] [0:91.25] [0:42.382610989481449] [0:62] [0:116] [0:80.666666666666671] [0:42.647515825199086] [0:44] [1.3896634290890865e-22:116] [0.19279781376380048:58.661902244745249] [0.00033974713911688224:89.457434173693471] [2.4949943252610609e-08:99.427418124317157] [-54:66] [-1:41175768021673104] [-46:98] [-0.99999999999999967:1.6470307208669238e+17] [-69:111] [-0.99999999999999978:4.216398645419326e+18] [-96:111] [-0.99999999999999989:3.3731189163354607e+20] [-31:84] [-1:3.8549930472405268e+21] [-0.99999999999999978:2299999999] [-0.99999999999999989:8399999999] [-0.99999999999999978:11599999999] [-0.9999994220246925:0.99998555065071859] [-0.99997919295908233:0.9999907524084426] [-0.99997167934088305:0.9999531843608731] [-0.99999768809943823:0.9999907524084426] [-0.99999479822624138:0.99999479822624138] [-0.99997919295908222:0.99991677270219514] [0:1] [0:1] [0.75:6.7203219315895373] none none [0:519] [0:1424] [0:207] [0:3686] [0:319] [0:1888] [0:1637] [0:1153] [0:1717] [0:2846]
tree_sizes=578 639 582 640 643 658 584 650 653 771 776 773 767 814 775 786 756 775 588 794 585 586 665 650 677 661 675 694 684 678 701 665 679 788 699 675 781 772 588 770 714 606 797 701 756 718 748 620 716 613 780 612 719 739 612 603 794 862 778 602 709 589 684 787 604 902 785 884 681 792 855 884 698 686 722 787 894 842 785 606 848 901 604 683 874 513 875 698 516 767 703 683 868 515 710 606 779 511 625 762

Tree=0
num_leaves=5
num_cat=0
split_feature=52 52 52 37
split_gain=61401.2 15845.5 3603.82 2830.68
threshold=49.750000000000007 13.250000000000002 3.7500000000000009 0.99999999999999989
decision_type=2 2 2 2
left_child=1 2 -1 -3
right_child=-2 3 -4 -5
leaf_value=5.9144262858500589 13.826704314260772 9.8331980090120652 6.5219955920211516 7.6647595250245297
leaf_weight=328 10.999999999999998 6.9999999999999991 139 43
leaf_count=328 11 7 139 43
internal_value=6.43371 6.27641 6.09527 7.96834
internal_weight=0 517 467 50
internal_count=528 517 467 50
is_linear=0
shrinkage=1


Tree=1
num_leaves=6
num_cat=0
split_feature=104 52 4 104 70
split_gain=50414.4 11978.3 6127.14 2669.22 1589.02
threshold=658.50000000000011 9.7500000000000018 29.500000000000004 248.50000000000003 3.6650424662384475
decision_type=2 2 2 2 2
left_child=1 4 -2 -3 -1
right_child=2 3 -4 -5 -6
leaf_value=-0.47363039170655874 3.8053084214528408 0.56063963805927952 8.1601865495954229 1.7902650020740651 -0.04178947620093823
leaf_weight=321 5.9999999999999982 51 7 27 116
leaf_count=321 6 51 7 27 116
internal_value=0 -0.155249 6.15024 0.986279 -0.359
internal_weight=0 515 13 78 437
internal_count=528 515 13 78 437
is_linear=0
shrinkage=0.1


Tree=2
num_leaves=5
num_cat=0
split_feature=52 52 98 37
split_gain=41132.9 10409.4 2473.34 1931.25
threshold=49.750000000000007 13.250000000000002 80.000000000000014 0.99999999999999989
decision_type=2 2 2 2
left_child=1 2 -1 -3
right_child=-2 3 -4 -5
leaf_value=-0.39569719734243869 6.0509893590753734 2.7829316207340788 0.16530895888805391 0.99182721237803628
leaf_weight=367 10.999999999999998 6.9999999999999991 100 43
leaf_count=367 11 7 100 43
internal_value=0 -0.128744 -0.275567 1.24258
internal_weight=0 517 467 50
internal_count=528 517 467 50
is_linear=0
shrinkage=0.1


Tree=3
num_leaves=6
num_cat=0
split_feature=104 100 4 79 52
split_gain=34340.3 8026.97 4195.05 1604.79 1397.09
threshold=658.50000000000011 161.50000000000003 29.500000000000004 33.500000000000007 5.75
decision_type=2 2 2 2 2
left_child=1 4 -2 -3 -1
right_child=2 3 -4 -5 -6
leaf_value=-0.35721832130778025 3.1356438656648007 0.74566633773346747 6.7390691484723764 2.4609261512756349 0.12083839264838664
leaf_weight=376 5.9999999999999982 60 7 5.9999999999999991 73
leaf_count=376 6 60 7 6 73
internal_value=0 -0.128131 5.07595 0.901599 -0.279494
internal_weight=0 515 13 66 449
internal_count=528 515 13 66 449
is_linear=0
shrinkage=0.1


Tree=4
num_leaves=6
num_cat=0
split_feature=104 96 4 52 104
split_gain=27815.7 6577.73 3397.99 1991.32 660.746
threshold=658.50000000000011 110.50000000000001 29.500000000000004 20.250000000000004 58.000000000000007
decision_type=2 2 2 2 2
left_child=1 4 -2 -3 -1
right_child=2 3 -4 -5 -6
leaf_value=-0.38607202483747244 2.8220794876416533 0.34003090069667014 6.0651622772216793 1.343337040477329 -0.12247190229796075
leaf_weight=266 5.9999999999999982 74 7 27 148
leaf_count=266 6 74 7 27 148
internal_value=0 -0.115318 4.56835 0.608241 -0.291838
internal_weight=0 515 13 101 414
internal_count=528 515 13 101 414
is_linear=0
shrinkage=0.1


Tree=5
num_leaves=6
num_cat=0
split_feature=104 96 77 52 83
split_gain=22624.4 4635.08 3494.55 1142.3 554.903
threshold=549.00000000000011 110.50000000000001 52.000000000000007 19.250000000000004 -0.75000000046874993
decision_type=2 2 2 2 2
left_child=1 4 -2 -3 -1
right_child=2 3 -4 -5 -6
leaf_value=-0.3769931651864733 2.2250712320208552 0.2801878932757037 5.1808061361312872 1.0265668920401869 -0.14513323482107648
leaf_weight=210 7.9999999999999991 70 7.9999999999999991 29 203
leaf_count=210 8 70 8 29 203
internal_value=0 -0.115717 3.70294 0.498824 -0.263028
internal_weight=0 512 16 99 413
internal_count=528 512 16 99 413
is_linear=0
shrinkage=0.1


Tree=6
num_leaves=5
num_cat=0
split_feature=52 100 9 70
split_gain=18395.6 4963.65 1961.58 887.484
threshold=49.750000000000007 176.50000000000003 23.500000000000004 3.6650424662384475
decision_type=2 2 2 2
left_child=1 3 -3 -1
right_child=-2 2 -4 -5
leaf_value=-0.28989737122740328 4.0465878573330967 2.3360980306352892 0.55690731729415288 0.015695615834384054
leaf_weight=321 10.999999999999998 6.9999999999999991 54 135
leaf_count=321 11 7 54 135
internal_value=0 -0.0860976 0.761077 -0.199426
internal_weight=0 517 61 456
internal_count=528 517 61 456
is_linear=0
shrinkage=0.1


Tree=7
num_leaves=6
num_cat=0
split_feature=104 54 44 104 85
split_gain=15443.2 3572.28 2208.78 889.636 594.826
threshold=658.50000000000011 8.5000000000000018 6.4184768611141875e-17 248.50000000000003 0.47369649395226454
decision_type=2 2 2 2 2
left_child=1 4 -2 -3 -1
right_child=2 3 -4 -5 -6
leaf_value=-0.26403925053797955 2.1971597126552043 0.2847417174205184 4.8118691444396973 0.98876885904797496 0.0064349055842117036
leaf_weight=329 6.9999999999999982 50 6 28 108
leaf_count=329 7 50 6 28 108
internal_value=0 -0.0859249 3.40395 0.537469 -0.197194
internal_weight=0 515 13 78 437
internal_count=528 515 13 78 437
is_linear=0
shrinkage=0.1


Tree=8
num_leaves=6
num_cat=0
split_feature=104 103 57 57 82
split_gain=12509 2971.13 1903.82 808.723 572.606
threshold=658.50000000000011 147.00000000000003 14.27684916586826 15.371716440955618 349999994.00399655
decision_type=2 2 2 2 2
left_child=1 4 -2 -3 -1
right_child=2 3 -4 -5 -6
leaf_value=-0.20417426914932557 1.7564348697662358 0.39222186892419253 4.1839413234165734 1.5993499914805094 0.37188642902506724
leaf_weight=417 5.9999999999999982 74 7 5.9999999999999991 18
leaf_count=417 6 74 7 6 18
internal_value=0 -0.0773324 3.06355 0.482756 -0.180337
internal_weight=0 515 13 80 435
internal_count=528 515 13 80 435
is_linear=0
shrinkage=0.1


Tree=9
num_leaves=7
num_cat=0
split_feature=100 39 96 47 5 83
split_gain=10452.8 4880.82 1459.29 644.942 529.38 254.592
threshold=319.50000000000006 1.5000000000000002 84.500000000000014 6.5000000000000018 14.500000000000002 -0.99999998195887596
decision_type=2 2 2 2 2 2
left_child=2 -2 5 -3 -4 -1
right_child=1 3 4 -5 -6 -7
leaf_value=-0.28835680636397581 4.4565700531005836 1.9784993989127013 1.0439604469708035 0.78792989448859141 0.14825433279509131 -0.12382756522968055
leaf_weight=171 6.0000000000000027 7.0000000000000027 6.9999999999999991 12.999999999999998 115 209
leaf_count=171 6 7 7 13 115 209
internal_value=0 1.95508 -0.101259 1.20463 0.199647 -0.197866
internal_weight=0 26 502 20 122 380
internal_count=528 26 502 20 122 380
is_linear=0
shrinkage=0.1


Tree=10
num_leaves=7
num_cat=0
split_feature=100 39 77 47 78 82
split_gain=8466.74 3953.47 1267.31 522.403 294.044 284.036
threshold=319.50000000000006 1.5000000000000002 3.0000000000000013 6.5000000000000018 2.0130375477262413e+17 -0.63068181858148231
decision_type=2 2 2 2 2 2
left_child=2 -2 5 -3 -4 -1
right_child=1 3 4 -5 -6 -7
leaf_value=-0.24043373243472022 4.0109130859374984 1.7806494440351206 0.1823367756166879 0.70913690259823436 0.78342623180813264 -0.072079508783201046
leaf_weight=231 6.0000000000000027 7.0000000000000027 85 12.999999999999998 8.9999999999999982 177
leaf_count=231 6 7 85 13 9 177
internal_value=0 1.75957 -0.0911331 1.08417 0.239888 -0.167398
internal_weight=0 26 502 20 94 408
internal_count=528 26 502 20 94 408
is_linear=0
shrinkage=0.1


Tree=11
num_leaves=7
num_cat=0
split_feature=100 39 103 104 83 50
split_gain=6858.06 3202.31 1055.65 427.833 412.439 234.489
threshold=319.50000000000006 1.5000000000000002 61.500000000000007 549.00000000000011 0.70833332836805574 190.50000000000003
decision_type=2 2 2 2 2 2
left_child=2 -2 5 -3 -4 -1
right_child=1 3 4 -5 -6 -7
leaf_value=-0.18254754442085072 3.6098217964172346 0.67296498886176503 -0.09918849439444867 1.6822472731272382 0.27177338985369559 0.40187778813498359
leaf_weight=357 6.0000000000000027 14.000000000000002 44 5.9999999999999991 94 6.9999999999999991
leaf_count=357 6 14 44 6 94 7
internal_value=0 1.58361 -0.0820198 0.97575 0.153496 -0.171309
internal_weight=0 26 502 20 138 364
internal_count=528 26 502 20 138 364
is_linear=0
shrinkage=0.1


Tree=12
num_leaves=7
num_cat=0
split_feature=100 39 77 47 79 1
split_gain=5555.03 2593.87 863.752 350.634 255.752 223.305
threshold=319.50000000000006 1.5000000000000002 3.0000000000000013 6.5000000000000018 -5.4999999999999991 72.500000000000014
decision_type=2 2 2 2 2 2
left_child=2 -2 5 -3 -4 -1
right_child=1 3 4 -5 -6 -7
leaf_value=-0.15486177975674731 3.2488395531972234 1.4487781252179821 0.63064614832401278 0.5709267066075252 0.13636282346234091 0.16590211605248245
leaf_weight=385 6.0000000000000027 7.0000000000000027 11.999999999999998 12.999999999999998 82 23
leaf_count=385 6 7 12 13 82 23
internal_value=0 1.42525 -0.0738178 0.878175 0.199463 -0.13678
internal_weight=0 26 502 20 94 408
internal_count=528 26 502 20 94 408
is_linear=0
shrinkage=0.1


Tree=13
num_leaves=8
num_cat=0
split_feature=52 104 49 74 82 77 58
split_gain=4530.98 1892.15 538.046 491.612 187.197 184.877 138.716
threshold=20.250000000000004 549.00000000000011 48.500000000000007 0.20714285714285699 -0.5505050509585756 7.5000000000000009 14.500000000000002
decision_type=2 2 2 2 2 2 2
left_child=2 6 4 -3 -1 -4 -2
right_child=1 3 5 -5 -6 -7 -8
leaf_value=-0.1831927069841548 0.92080752083233386 1.461146218436105 0.067006041468293573 2.6947009404500322 -0.04708273770935277 0.4166817252125059 0.39618411494625944
leaf_weight=241 7.0000000000000027 6.9999999999999982 54 6 174 21 18
leaf_count=241 7 7 54 6 174 21 18
internal_value=0 1.05193 -0.081578 2.03048 -0.126125 0.164915 0.543079
internal_weight=0 38 490 13 415 75 25
internal_count=528 38 490 13 415 75 25
is_linear=0
shrinkage=0.1


Tree=14
num_leaves=7
num_cat=0
split_feature=100 39 103 83 57 82
split_gain=3699.82 1831.74 620.877 260.813 243.769 155.113
threshold=319.50000000000006 1.5000000000000002 61.500000000000007 0.70833332836805574 9.2736010805603932 449999997.61222118
decision_type=2 2 2 2 2 2
left_child=2 -2 5 -4 -3 -1
right_child=1 4 3 -5 -6 -7
leaf_value=-0.13850518141289797 2.6956039905548081 0.27584200873970971 -0.080563211000778456 0.21443138510147308 0.98847951491673802 0.30674512423574929
leaf_weight=356 6.0000000000000027 8.0000000000000018 44 94 11.999999999999998 7.9999999999999991
leaf_count=356 6 8 44 94 12 8
internal_value=0 1.16316 -0.0602433 0.120375 0.703425 -0.128719
internal_weight=0 26 502 138 20 364
internal_count=528 26 502 138 20 364
is_linear=0
shrinkage=0.1


Tree=15
num_leaves=7
num_cat=0
split_feature=52 104 104 82 101 15
split_gain=3037.71 1254.17 375.689 222.37 194.721 151.864
threshold=20.250000000000004 789.00000000000011 177.00000000000003 449999997.61222118 434.50000000000006 1.5000000000000002
decision_type=2 2 2 2 2 2
left_child=2 4 3 -1 -2 -4
right_child=1 -3 5 -5 -6 -7
leaf_value=-0.10979213919270406 0.43726362486680348 1.9738190710544588 -0.29841613471508027 0.34563208520412447 1.0741846640904746 0.234012627735734
leaf_weight=423 24.000000000000004 7.9999999999999991 5.9999999999999991 10.999999999999998 5.9999999999999991 50
leaf_count=423 24 8 6 11 6 50
internal_value=0 0.861315 -0.0667959 -0.0982491 0.564648 0.176967
internal_weight=0 38 490 434 30 56
internal_count=528 38 490 434 30 56
is_linear=0
shrinkage=0.1


Tree=16
num_leaves=7
num_cat=0
split_feature=103 39 51 104 57 3
split_gain=2493.25 1476.85 414.372 232.728 200.425 43.4337
threshold=266.50000000000006 1.5000000000000002 38.000000000000007 31.500000000000004 2.7911061991946178 20.500000000000004
decision_type=2 2 2 2 2 2
left_child=2 -2 3 -1 -3 -4
right_child=1 4 5 -5 -6 -7
leaf_value=-0.14875574763780752 2.243655610084534 0.094156732410192456 0.30046194698661571 -0.0088884751290521213 0.68235085166635967 0.6415488447461809
leaf_weight=223 5.9999999999999991 8.0000000000000018 7.9999999999999982 255 21 7
leaf_count=223 6 8 8 255 21 7
internal_value=0 0.815559 -0.0578997 -0.0741404 0.52009 0.459636
internal_weight=0 35 493 478 29 15
internal_count=528 35 493 478 29 15
is_linear=0
shrinkage=0.1


Tree=17
num_leaves=7
num_cat=0
split_feature=103 39 51 103 57 27
split_gain=2019.53 1196.25 335.642 201.184 162.345 43.4015
threshold=266.50000000000006 1.5000000000000002 38.000000000000007 41.500000000000007 2.7911061991946178 2.5000000000000004
decision_type=2 2 2 2 2 2
left_child=2 -2 3 -1 -3 -4
right_child=1 4 5 -5 -6 -7
leaf_value=-0.11404794783403094 2.0192900379498799 0.084741058200597741 0.59551777201039457 0.022215511822927161 0.61411575816926511 0.25455742888152599
leaf_weight=312 5.9999999999999991 8.0000000000000018 6.9999999999999991 166 21 7.9999999999999991
leaf_count=312 6 8 7 166 21 8
internal_value=0 0.734003 -0.0521097 -0.0667263 0.468081 0.413672
internal_weight=0 35 493 478 29 15
internal_count=528 35 493 478 29 15
is_linear=0
shrinkage=0.1


Tree=18
num_leaves=5
num_cat=0
split_feature=79 54 43 85
split_gain=1694.73 583.718 265.287 197.864
threshold=40.500000000000007 12.500000000000002 2.5000000000000004 0.45847758937963173
decision_type=2 2 2 2
left_child=1 3 -3 -1
right_child=-2 2 -4 -5
leaf_value=-0.09943662110799506 1.2894295096397401 0.71937572956085205 0.1724775176111828 0.043213345793612905
leaf_weight=335 9.9999999999999982 11.999999999999998 34 137
leaf_count=335 10 12 34 137
internal_value=0 -0.0248925 0.315147 -0.0580319
internal_weight=0 518 46 472
internal_count=528 518 46 472
is_linear=0
shrinkage=0.1


Tree=19
num_leaves=7
num_cat=0
split_feature=103 39 81 51 86 10
split_gain=1381.3 876.815 232.13 152.435 109.961 50.7781
threshold=266.50000000000006 1.5000000000000002 -0.40000000071999997 45.500000000000007 0.30368643666702516 274.00000000000006
decision_type=2 2 2 2 2 2
left_child=2 -2 5 -4 -3 -1
right_child=1 4 3 -5 -6 -7
leaf_value=-0.097289282457548601 1.7074198544025423 0.24874804496765132 0.010753926018422301 0.37675663965443773 0.66965103281868832 -0.29305929882185805
leaf_weight=247 5.9999999999999991 20.000000000000004 220 11.999999999999998 8.9999999999999982 13.999999999999998
leaf_count=247 6 20 220 12 9 14
internal_value=0 0.607038 -0.043096 0.0296851 0.379373 -0.10779
internal_weight=0 35 493 232 29 261
internal_count=528 35 493 232 29 261
is_linear=0
shrinkage=0.1


Tree=20
num_leaves=5
num_cat=0
split_feature=79 104 81 96
split_gain=1164.49 405.397 133.74 130.767
threshold=40.500000000000007 177.00000000000003 349999999.00000006 233.50000000000003
decision_type=2 2 2 2
left_child=1 2 -1 -3
right_child=-2 3 -4 -5
leaf_value=-0.065779536433171401 1.0688468152284623 0.095003200570742297 0.3748655140399933 0.36453705452106622
leaf_weight=430 9.9999999999999982 54 6.9999999999999991 27
leaf_count=430 10 54 7 27
internal_value=0 -0.0206341 -0.0587211 0.184848
internal_weight=0 518 437 81
internal_count=528 518 437 81
is_linear=0
shrinkage=0.1


Tree=21
num_leaves=5
num_cat=0
split_feature=79 77 18 100
split_gain=943.235 336.83 193.194 147.238
threshold=40.500000000000007 8.5000000000000018 29.500000000000004 21.500000000000004
decision_type=2 2 2 2
left_child=1 3 -3 -1
right_child=-2 2 -4 -5
leaf_value=-0.10250593548350864 0.96196211695671074 0.72135159351996014 0.15188655063509943 0.009428011018752569
leaf_weight=225 9.9999999999999982 6.9999999999999991 40 246
leaf_count=225 10 7 40 246
internal_value=0 -0.0185707 0.2367 -0.0440436
internal_weight=0 518 47 471
internal_count=528 518 47 471
is_linear=0
shrinkage=0.1


Tree=22
num_leaves=6
num_cat=0
split_feature=57 95 88 5 78
split_gain=793.822 326.184 235.648 201.842 118.796
threshold=15.371716440955618 92.500000000000014 -0.18281597401273728 46.500000000000007 2.0130375477262413e+17
decision_type=2 2 2 2 2
left_child=1 4 -2 -3 -1
right_child=2 3 -4 -5 -6
leaf_value=-0.055667068973351067 1.2471824248631795 0.77008725007375078 0.36090190311272946 0.15093960928362471 0.18238239613446325
leaf_weight=445 6 5.9999999999999991 5.9999999999999982 43 22
leaf_count=445 6 6 6 43 22
internal_value=0 -0.0186987 0.804042 0.226754 -0.0444527
internal_weight=0 516 12 49 467
internal_count=528 516 12 49 467
is_linear=0
shrinkage=0.1


Tree=23
num_leaves=6
num_cat=0
split_feature=104 44 95 71 61
split_gain=687.345 419.118 238.871 107.81 59.4648
threshold=658.50000000000011 5.2041704279304219e-17 72.500000000000014 1.9999999999999993 4.0440493491998533
decision_type=2 2 2 2 2
left_child=2 -2 3 -1 -4
right_child=1 -3 4 -5 -6
leaf_value=-0.065753873934183735 0.1048332750797272 1.2438105157443455 0.078155712706920441 0.068574978189516661 0.26916577177388329
leaf_weight=377 5.9999999999999982 7 39 71 28
leaf_count=377 6 7 39 71 28
internal_value=0 0.718129 -0.0181275 -0.0444651 0.157981
internal_weight=0 13 515 448 67
internal_count=528 13 515 448 67
is_linear=0
shrinkage=0.1


Tree=24
num_leaves=6
num_cat=0
split_feature=57 95 1 88 51
split_gain=569.332 210.636 205.969 186.092 121.428
threshold=15.371716440955618 104.00000000000001 100.50000000000001 -0.18281597401273728 38.000000000000007
decision_type=2 2 2 2 2
left_child=1 4 -3 -2 -1
right_child=3 2 -4 -5 -6
leaf_value=-0.042084632683325518 1.0747234900792439 0.75434108028809232 0.11067538086710305 0.28712880512078609 0.24697949568430586
leaf_weight=466 6 5.9999999999999991 29 5.9999999999999982 14.999999999999998
leaf_count=466 6 6 29 6 15
internal_value=0 -0.0158355 0.221018 0.680926 -0.0330702
internal_weight=0 516 35 12 481
internal_count=528 516 35 12 481
is_linear=0
shrinkage=0.1


Tree=25
num_leaves=6
num_cat=0
split_feature=104 88 85 98 8
split_gain=486.604 337.958 169.399 93.1826 60.2951
threshold=658.50000000000011 0.19864380960429109 0.51113019672828186 85.500000000000014 6.4184768611141875e-17
decision_type=2 2 2 2 2
left_child=2 -2 4 -4 -1
right_child=1 -3 3 -5 -6
leaf_value=-0.10249526827970545 1.0762791872024537 0.053507981697718303 -0.0090552754264760331 0.14368124930973511 -0.018908160207017015
leaf_weight=148 6.9999999999999982 6 77 83 207
leaf_count=148 7 6 77 83 207
internal_value=0 0.604231 -0.0152524 0.0701768 -0.0537557
internal_weight=0 13 515 160 355
internal_count=528 13 515 160 355
is_linear=0
shrinkage=0.1


Tree=26
num_leaves=6
num_cat=0
split_feature=57 85 88 7 8
split_gain=413.231 145.593 127.64 94.0395 46.3778
threshold=15.371716440955618 0.51113019672828186 -0.18281597401273728 1.5000000000000002 6.4184768611141875e-17
decision_type=2 2 2 2 2
left_child=1 4 -2 -3 -1
right_child=2 3 -4 -5 -6
leaf_value=-0.092245747002999534 0.90625310738881426 0.34702804359522732 0.25397610006233062 0.044245566888467265 -0.018788487418759159
leaf_weight=148 6 10.999999999999998 5.9999999999999982 152 205
leaf_count=148 6 11 6 152 205
internal_value=0 -0.013491 0.580115 0.0646787 -0.0495864
internal_weight=0 516 12 163 353
internal_count=528 516 12 163 353
is_linear=0
shrinkage=0.1


Tree=27
num_leaves=6
num_cat=0
split_feature=104 44 72 79 12
split_gain=346.655 316.472 129.411 113.041 31.5384
threshold=658.50000000000011 5.2041704279304219e-17 -0.28571428571428559 16.500000000000004 20.500000000000004
decision_type=2 2 2 2 2
left_child=2 -2 4 -4 -1
right_child=1 -3 3 -5 -6
leaf_value=-0.054049247199956608 -0.022936024268468226 0.96678869383675703 0.022987911994431467 0.32584770115522238 -0.21996671532591186
leaf_weight=253 5.9999999999999982 7 237 12.999999999999998 11.999999999999998
leaf_count=253 6 7 237 13 12
internal_value=0 0.509993 -0.0128736 0.0387366 -0.0615625
internal_weight=0 13 515 250 265
internal_count=528 13 515 250 265
is_linear=0
shrinkage=0.1


Tree=28
num_leaves=6
num_cat=0
split_feature=57 97 74 88 98
split_gain=294.735 112.391 269.603 96.7152 86.7399
threshold=15.371716440955618 12.500000000000004 2.0937500000000009 -0.18281597401273728 150.50000000000003
decision_type=2 2 2 2 2
left_child=1 4 -3 -2 -1
right_child=3 2 -4 -5 -6
leaf_value=-0.035725405228789239 0.77382301886876415 0.02893934773432242 0.62494295090436935 0.20603441596031194 -0.41915305256843571
leaf_weight=354 6 148 7.9999999999999991 5.9999999999999982 5.9999999999999991
leaf_count=354 6 148 8 6 6
internal_value=0 -0.0113937 0.0595036 0.489929 -0.0421159
internal_weight=0 516 156 12 360
internal_count=528 516 156 12 360
is_linear=0
shrinkage=0.1


Tree=29
num_leaves=6
num_cat=0
split_feature=104 44 100 50 61
split_gain=251.255 244.649 97.1091 77.5136 16.339
threshold=658.50000000000011 5.2041704279304219e-17 21.500000000000004 1.0321604682062003e-16 4.977621978382273
decision_type=2 2 2 2 2
left_child=2 -2 4 -4 -1
right_child=1 -3 3 -5 -6
leaf_value=-0.055084368717011223 -0.034386046230793006 0.83581301825387122 -0.079577851119366563 0.052300287310747401 -0.20060657858848574
leaf_weight=217 5.9999999999999982 7 55 235 7.9999999999999991
leaf_count=217 6 7 55 235 8
internal_value=0 0.434183 -0.01096 0.0272889 -0.0602585
internal_weight=0 13 515 290 225
internal_count=528 13 515 290 225
is_linear=0
shrinkage=0.1


Tree=30
num_leaves=6
num_cat=0
split_feature=103 39 6 100 96
split_gain=217.318 294.822 72.4263 73.1268 64.9261
threshold=266.50000000000006 1.5000000000000002 363.00000000000006 21.500000000000004 613.50000000000011
decision_type=2 2 2 2 2
left_child=2 -2 3 -1 -3
right_child=1 4 -4 -5 -6
leaf_value=-0.053418740246810814 0.8788512508074442 0.21731622223007047 -0.28347187578678129 0.024607013365879483 -0.097481599152088164
leaf_weight=224 5.9999999999999991 19.000000000000004 9.9999999999999982 259 9.9999999999999982
leaf_count=224 6 19 10 259 10
internal_value=0 0.24078 -0.0170939 -0.0115788 0.108765
internal_weight=0 35 493 483 29
internal_count=528 35 493 483 29
is_linear=0
shrinkage=0.1


Tree=31
num_leaves=6
num_cat=0
split_feature=57 48 10 73 71
split_gain=185.052 78.5613 203.782 76.1325 63.364
threshold=15.371716440955618 10.500000000000002 41.500000000000007 -7.4999999999999991 -10
decision_type=2 2 2 2 2
left_child=1 4 -3 -2 -1
right_child=3 2 -4 -5 -6
leaf_value=-0.32160048016480042 0.13632702529430388 0.60610250575201852 0.031379931821272924 0.64008786479632074 -0.018403910913582271
leaf_weight=6.9999999999999991 6 6.9999999999999991 52 5.9999999999999982 450
leaf_count=7 6 7 52 6 450
internal_value=0 -0.00902808 0.0995674 0.388207 -0.0230481
internal_weight=0 516 59 12 457
internal_count=528 516 59 12 457
is_linear=0
shrinkage=0.1


Tree=32
num_leaves=6
num_cat=0
split_feature=95 39 102 6 4
split_gain=162.716 217.351 67.952 57.8964 61.1117
threshold=106.00000000000001 1.5000000000000002 164.00000000000003 363.00000000000006 12.500000000000002
decision_type=2 2 2 2 2
left_child=3 -2 -3 4 -1
right_child=1 2 -4 -5 -6
leaf_value=-0.020443200828378368 0.74606491327285773 0.4031774029135704 0.034525859256585439 -0.25444779813289647 0.12935719068708093
leaf_weight=447 5.9999999999999991 5.9999999999999991 30 9.9999999999999982 29
leaf_count=447 6 6 30 10 29
internal_value=0 0.188839 0.0959678 -0.0163194 -0.0113167
internal_weight=0 42 36 486 476
internal_count=528 42 36 486 476
is_linear=0
shrinkage=0.1


Tree=33
num_leaves=7
num_cat=0
split_feature=103 39 96 51 75 3
split_gain=132.676 169.16 54.7054 46.5736 56.6667 15.605
threshold=266.50000000000006 1.5000000000000002 613.50000000000011 45.500000000000007 7.5000000000000018 20.500000000000004
decision_type=2 2 2 2 2 2
left_child=3 -2 -3 4 -1 -5
right_child=1 2 -4 5 -6 -7
leaf_value=-0.014353507234126723 0.67145844300587976 0.18777785081612433 -0.10118189513683321 0.067201233158508941 -0.32360664978623394 0.29527288774649296
leaf_weight=475 5.9999999999999991 19.000000000000004 9.9999999999999982 5.9999999999999982 5.9999999999999991 6
leaf_count=475 6 19 10 6 6 6
internal_value=0 0.188135 0.0881366 -0.0133564 -0.0182111 0.181237
internal_weight=0 35 29 493 481 12
internal_count=528 35 29 493 481 12
is_linear=0
shrinkage=0.1


Tree=34
num_leaves=6
num_cat=0
split_feature=95 6 86 76 6
split_gain=111.742 164.539 78.6805 47.5831 44.6688
threshold=106.00000000000001 143.00000000000003 0.80031351894935887 1.1199808901895085e+18 363.00000000000006
decision_type=2 2 2 2 2
left_child=3 -2 -3 4 -1
right_child=1 2 -4 -5 -6
leaf_value=-0.013103246977119946 0.64131486192345621 -0.003336619692189353 0.3522626638412476 0.22834350802004338 -0.22669938325881961
leaf_weight=468 5.9999999999999991 28 7.9999999999999991 7.9999999999999991 9.9999999999999982
leaf_count=468 6 28 8 8 10
internal_value=0 0.15649 0.0756854 -0.0135238 -0.0175718
internal_weight=0 42 36 486 478
internal_count=528 42 36 486 478
is_linear=0
shrinkage=0.1


Tree=35
num_leaves=6
num_cat=0
split_feature=57 88 104 24 103
split_gain=99.716 61.6291 54.9391 69.4255 15.0302
threshold=15.371716440955618 -0.18281597401273728 31.500000000000004 1.1858461261560207e-18 45.000000000000007
decision_type=2 2 2 2 2
left_child=2 -2 4 -4 -1
right_child=1 -3 3 -5 -6
leaf_value=-0.048703044644531068 0.51159244775772084 0.058348273237546294 0.16596552971440059 0.005399060973228299 0.10018488807337625
leaf_weight=216 6 5.9999999999999982 30 263 6.9999999999999991
leaf_count=216 6 6 30 263 7
internal_value=0 0.28497 -0.00662722 0.0218393 -0.0440294
internal_weight=0 12 516 293 223
internal_count=528 12 516 293 223
is_linear=0
shrinkage=0.1


Tree=36
num_leaves=7
num_cat=0
split_feature=52 2 88 75 11 98
split_gain=87.0566 140.386 77.3338 43.552 87.1183 49.8797
threshold=24.250000000000004 344.50000000000006 0.43346629054323277 1.0000000000000009 5.5000000000000027 245.00000000000003
decision_type=2 2 2 2 2 2
left_child=3 -2 -3 5 -5 -1
right_child=1 2 -4 4 -6 -7
leaf_value=-0.018719222635566576 0.60150599057475695 0.21921889856457707 -0.16855841676394145 -0.077923136921599523 0.10245121482322797 -0.20478291042149066
leaf_weight=365 6.0000000000000027 12.000000000000002 8.9999999999999982 40 81 14.999999999999998
leaf_count=365 6 12 9 40 81 15
internal_value=0 0.174912 0.0530286 -0.00942642 0.0428233 -0.0260638
internal_weight=0 27 21 501 121 380
internal_count=528 27 21 501 121 380
is_linear=0
shrinkage=0.1


Tree=37
num_leaves=7
num_cat=0
split_feature=104 83 73 42 82 3
split_gain=76.8633 97.4986 131.8 90.4605 43.6767 39.6524
threshold=197.00000000000003 2349999999.0000005 11.000000000000002 11.500000000000002 449999997.61222118 29.500000000000004
decision_type=2 2 2 2 2 2
left_child=4 2 -2 -3 5 -1
right_child=1 3 -4 -5 -6 -7
leaf_value=-0.01461852378334343 0.096602979982108414 -0.44203677376111356 0.58934040864308679 0.10708523193995156 0.18130494085225193 -0.17497289910097608
leaf_weight=426 57 5.9999999999999982 5.9999999999999991 6 10.999999999999998 15.999999999999998
leaf_count=426 57 6 6 6 11 16
internal_value=0 0.0937694 0.14353 -0.167476 -0.0155247 -0.0204232
internal_weight=0 75 63 12 453 442
internal_count=528 75 63 12 453 442
is_linear=0
shrinkage=0.1


Tree=38
num_leaves=5
num_cat=0
split_feature=57 83 77 88
split_gain=70.1727 45.4331 66.593 42.8627
threshold=15.371716440955618 2349999999.0000005 8.5000000000000018 -0.18281597401273728
decision_type=2 2 2 2
left_child=1 2 -1 -2
right_child=3 -3 -4 -5
leaf_value=-0.012276431121456344 0.42805125315984088 -0.24201421439647675 0.12371993116461313 0.050062494476636257
leaf_weight=469 6 7.9999999999999991 39 5.9999999999999982
leaf_count=469 6 8 39 6
internal_value=0 -0.00555946 -0.00183577 0.239057
internal_weight=0 516 508 12
internal_count=528 516 508 12
is_linear=0
shrinkage=0.1


Tree=39
num_leaves=7
num_cat=0
split_feature=48 31 76 79 3 53
split_gain=60.2972 120.08 78.643 27.6679 44.4884 25.1552
threshold=10.500000000000002 0.99999999999999944 3.5833333333333339 2.2052667556143732e-16 29.500000000000004 2.1213203435596442
decision_type=2 2 2 2 2 2
left_child=3 -2 -3 5 -5 -1
right_child=1 2 -4 4 -6 -7
leaf_value=-0.039943487453540018 0.42849543624454078 0.075461279944283893 -0.30689360201358795 0.038708134050565689 -0.096309213475163635 0.093197877804438278
leaf_weight=263 8.9999999999999982 52 5.9999999999999991 154 29 14.999999999999998
leaf_count=263 9 52 6 154 29 15
internal_value=0 0.088643 0.0359073 -0.012883 0.0173119 -0.0327596
internal_weight=0 67 58 461 183 278
internal_count=528 67 58 461 183 278
is_linear=0
shrinkage=0.1


Tree=40
num_leaves=6
num_cat=0
split_feature=52 2 88 18 103
split_gain=52.398 102.37 44.4514 32.1076 45.4689
threshold=24.250000000000004 344.50000000000006 0.43346629054323277 450.00000000000006 314.50000000000006
decision_type=2 2 2 2 2
left_child=3 -2 -3 4 -1
right_child=1 2 -4 -5 -6
leaf_value=-0.0071873286583771304 0.49998250293234953 0.15761634393905596 -0.13637911876042683 -0.17627415331927213 0.2495166225092752
leaf_weight=483 6.0000000000000027 12.000000000000002 8.9999999999999982 10.999999999999998 6.9999999999999991
leaf_count=483 6 12 9 11 7
internal_value=0 0.135699 0.0316183 -0.00731313 -0.00352013
internal_weight=0 27 21 501 490
internal_count=528 27 21 501 490
is_linear=0
shrinkage=0.1


Tree=41
num_leaves=5
num_cat=0
split_feature=57 88 83 82
split_gain=48.8384 64.0844 47.8213 56.8667
threshold=14.27684916586826 0.41007126414776257 2349999999.0000005 349999994.00399655
decision_type=2 2 2 2
left_child=2 -2 3 -1
right_child=1 -3 -4 -5
leaf_value=-0.0095064605047870277 0.34662546184327869 -0.075289597113927215 -0.28586052954196933 0.14517542245984077
leaf_weight=482 8.9999999999999982 5.9999999999999991 5.9999999999999991 25
leaf_count=482 9 6 6 25
internal_value=0 0.177859 -0.00520057 -0.00187915
internal_weight=0 15 513 507
internal_count=528 15 513 507
is_linear=0
shrinkage=0.1


Tree=42
num_leaves=7
num_cat=0
split_feature=97 38 74 98 38 48
split_gain=45.6249 97.445 82.6619 56.326 47.8115 24.0298
threshold=12.500000000000004 10.500000000000002 1.5000000000000004 120.00000000000001 15.500000000000002 17.500000000000004
decision_type=2 2 2 2 2 2
left_child=3 2 -2 5 -3 -1
right_child=1 4 -4 -5 -6 -7
leaf_value=-0.017138256012046649 0.098353600502014138 -0.2644044657548269 0.49204263985157015 -0.25409254431724548 0.023953787891356194 0.17002178324120387
leaf_weight=343 16.000000000000004 5.9999999999999991 7.9999999999999991 9.9999999999999982 138 6.9999999999999991
leaf_count=343 16 6 8 10 138 7
internal_value=0 0.0430309 0.229583 -0.0200811 0.0119389 -0.0133951
internal_weight=0 168 24 360 144 350
internal_count=528 168 24 360 144 350
is_linear=0
shrinkage=0.1


Tree=43
num_leaves=6
num_cat=0
split_feature=104 14 10 71 71
split_gain=39.7869 58.3406 94.9766 31.7543 41.365
threshold=178.50000000000003 29.500000000000004 54.500000000000007 -7.9999999999999973 -4.4999999999999991
decision_type=2 2 2 2 2
left_child=3 -2 -3 -1 -5
right_child=1 2 -4 4 -6
leaf_value=-0.24075417717297876 -0.21559164353779386 0.43739053692136498 0.052013329265488163 0.20303331315517426 -0.013610243211774266
leaf_weight=5.9999999999999991 6.9999999999999991 6.9999999999999991 74 8.9999999999999982 425
leaf_count=6 7 7 74 9 425
internal_value=0 0.0613816 0.0853175 -0.0122763 -0.00911763
internal_weight=0 88 81 440 434
internal_count=528 88 81 440 434
is_linear=0
shrinkage=0.1


Tree=44
num_leaves=7
num_cat=0
split_feature=50 100 88 31 38 9
split_gain=35.0166 39.9255 36.7256 12.1151 8.80382 7.60464
threshold=1.0000000000000007 17.500000000000004 -0.086976778877806096 4.5536491244391199e-17 157.00000000000003 9.5000000000000018
decision_type=2 2 2 2 2 2
left_child=4 3 -3 -2 5 -1
right_child=1 2 -4 -5 -6 -7
leaf_value=-0.047859621601168162 0.040192110287515743 0.078415455741730214 0.0035098195739313577 -0.04713107652424537 -0.13186823248863219 0.0071738812282229926
leaf_weight=105 19 120 144 97 9.9999999999999982 33
leaf_count=105 19 120 144 97 10 33
internal_value=0 0.0160716 0.0375578 -0.0328281 -0.0412649 -0.0346994
internal_weight=0 380 264 116 148 138
internal_count=528 380 264 116 148 138
is_linear=0
shrinkage=0.1


Tree=45
num_leaves=6
num_cat=0
split_feature=51 75 104 89 88
split_gain=32.4946 41.9034 52.7342 41.2686 23.6019
threshold=42.500000000000007 21.500000000000004 549.00000000000011 0.89406114514548751 0.41007126414776257
decision_type=2 2 2 2 2
left_child=1 2 -1 4 -2
right_child=3 -3 -4 -5 -6
leaf_value=-0.0057647469720279107 -0.069185810122224994 -0.26775105198224386 0.27064456726823533 0.34354565044244134 0.18686296145121259
leaf_weight=494 9.0000000000000018 5.9999999999999991 6.9999999999999991 5.9999999999999991 5.9999999999999991
leaf_count=494 9 6 7 6 6
internal_value=0 -0.00504887 -0.00190274 0.121894 0.0332337
internal_weight=0 507 501 21 15
internal_count=528 507 501 21 15
is_linear=0
shrinkage=0.1


Tree=46
num_leaves=7
num_cat=0
split_feature=50 100 16 77 62 70
split_gain=27.4897 31.6375 47.2083 14.0326 8.62539 10.899
threshold=1.0000000000000007 21.500000000000004 0.49999999999999972 2.5000000000000004 1.5 2.0449924384435074
decision_type=2 2 2 2 2 2
left_child=4 3 -3 -2 5 -1
right_child=1 2 -4 -5 -6 -7
leaf_value=-0.040691058018475681 -0.016761921221533648 0.16904960088431836 0.021314126056019372 -0.16210975732122149 -0.12175856422294269 0.042800800585084495
leaf_weight=119 130 24 219 6.9999999999999991 10.999999999999998 18
leaf_count=119 130 24 219 7 11 18
internal_value=0 0.0142399 0.0359053 -0.0241885 -0.0365619 -0.0297213
internal_weight=0 380 243 137 148 137
internal_count=528 380 243 137 148 137
is_linear=0
shrinkage=0.1


Tree=47
num_leaves=5
num_cat=0
split_feature=57 88 83 18
split_gain=25.2154 45.5068 37.237 33.9716
threshold=14.27684916586826 0.41007126414776257 2349999999.0000005 613.50000000000011
decision_type=2 2 2 2
left_child=2 -2 3 -1
right_child=1 -3 -4 -5
leaf_value=0.0028658399549177033 0.27001498904493121 -0.085523723562558496 -0.25139732460180919 -0.18329311698675155
leaf_weight=497 8.9999999999999982 5.9999999999999991 5.9999999999999991 9.9999999999999982
leaf_count=497 9 6 6 10
internal_value=0 0.1278 -0.00373683 -0.000805934
internal_weight=0 15 513 507
internal_count=528 15 513 507
is_linear=0
shrinkage=0.1


Tree=48
num_leaves=6
num_cat=0
split_feature=51 75 73 89 88
split_gain=25.8786 32.8933 36.5221 30.6004 18.3011
threshold=42.500000000000007 21.500000000000004 11.000000000000002 0.89406114514548751 0.41007126414776257
decision_type=2 2 2 2 2
left_child=1 2 -1 4 -2
right_child=3 -3 -4 -5 -6
leaf_value=-0.0046907935374312934 -0.057753605188594903 -0.23725744436184565 0.24351886063814165 0.29964358409245812 0.16771589120229086
leaf_weight=495 9.0000000000000018 5.9999999999999991 5.9999999999999991 5.9999999999999991 5.9999999999999991
leaf_count=495 9 6 6 6 6
internal_value=0 -0.00450567 -0.00171822 0.10878 0.0324342
internal_weight=0 507 501 21 15
internal_count=528 507 501 21 15
is_linear=0
shrinkage=0.1


Tree=49
num_leaves=5
num_cat=0
split_feature=76 1 22 95
split_gain=24.0956 24.1729 61.5533 45.1663
threshold=1.1199808901895085e+18 36.500000000000007 34.000000000000007 38.500000000000007
decision_type=2 2 2 2
left_child=1 3 -3 -1
right_child=-2 2 -4 -5
leaf_value=-0.0087634320839652113 0.17222990095615387 0.27249457456171511 0.014662046115845442 -0.19173624323947092
leaf_weight=371 7.9999999999999991 9.9999999999999982 125 13.999999999999998
leaf_count=371 8 10 125 14
internal_value=0 -0.00264969 0.0337608 -0.015417
internal_weight=0 520 135 385
internal_count=528 520 135 385
is_linear=0
shrinkage=0.1


Tree=50
num_leaves=7
num_cat=0
split_feature=85 33 23 73 2 47
split_gain=21.0267 32.4942 90.5984 46.1122 14.4995 15.8243
threshold=0.26659387353423858 4.1741783640691928e-18 4.5536491244391199e-17 2.5000000000000004 143.00000000000003 21.500000000000004
decision_type=2 2 2 2 2 2
left_child=4 3 -3 -2 5 -1
right_child=1 2 -4 -5 -6 -7
leaf_value=-0.024929104723309267 -0.001203427549917251 0.39550892114639286 0.02833186042927472 -0.25499612556563483 -0.12954831266357691 0.030565965872709502
leaf_weight=232 35 6.9999999999999991 168 8.9999999999999982 10.999999999999998 66
leaf_count=232 35 7 168 9 11 66
internal_value=0 0.0237042 0.0430189 -0.0531156 -0.0168001 -0.0126383
internal_weight=0 219 175 44 309 298
internal_count=528 219 175 44 309 298
is_linear=0
shrinkage=0.1


Tree=51
num_leaves=5
num_cat=0
split_feature=76 88 73 83
split_gain=19.8835 20.2407 55.1478 38.4922
threshold=1.1199808901895085e+18 -0.33829717985213587 6.5000000000000009 949999998.8861587
decision_type=2 2 2 2
left_child=1 2 -1 -3
right_child=-2 3 -4 -5
leaf_value=0.01325962378906134 0.15645370855927468 -0.01008543583619018 0.32106014688809714 -0.16923313066363335
leaf_weight=195 7.9999999999999991 303 5.9999999999999991 15.999999999999998
leaf_count=195 8 303 6 16
internal_value=0 -0.00240698 0.0224477 -0.0180678
internal_weight=0 520 201 319
internal_count=528 520 201 319
is_linear=0
shrinkage=0.1


Tree=52
num_leaves=6
num_cat=0
split_feature=51 75 104 89 88
split_gain=20.2872 25.9675 28.2415 20.8563 15.1553
threshold=42.500000000000007 21.500000000000004 549.00000000000011 0.89406114514548751 0.41007126414776257
decision_type=2 2 2 2 2
left_child=1 2 -1 4 -2
right_child=3 -3 -4 -5 -6
leaf_value=-0.0043389037343614968 -0.048786400879422806 -0.21079113235076272 0.19793971649238043 0.25388577108581861 0.15639168222745259
leaf_weight=494 9.0000000000000018 5.9999999999999991 6.9999999999999991 5.9999999999999991 5.9999999999999991
leaf_count=494 9 6 7 6 6
internal_value=0 -0.00398932 -0.00151266 0.0963137 0.0332848
internal_weight=0 507 501 21 15
internal_count=528 507 501 21 15
is_linear=0
shrinkage=0.1


Tree=53
num_leaves=7
num_cat=0
split_feature=50 100 88 31 62 70
split_gain=18.3094 22.4874 24.6405 9.14139 7.52783 8.49745
threshold=1.0000000000000007 17.500000000000004 -0.3139063043307575 4.5536491244391199e-17 1.5 2.0449924384435074
decision_type=2 2 2 2 2 2
left_child=4 3 -3 -2 5 -1
right_child=1 2 -4 -5 -6 -7
leaf_value=-0.03313428174172129 0.038351456115120336 0.065942553649611269 0.0033107272169975023 -0.037501490137242167 -0.10943055559288373 0.040587355406023568
leaf_weight=119 19 103 161 97 10.999999999999998 18
leaf_count=119 19 103 161 97 11 18
internal_value=0 0.0116214 0.0277466 -0.0250773 -0.0298388 -0.0234482
internal_weight=0 380 264 116 148 137
internal_count=528 380 264 116 148 137
is_linear=0
shrinkage=0.1


Tree=54
num_leaves=5
num_cat=0
split_feature=76 54 54 0
split_gain=16.3161 16.8291 39.0474 36.3094
threshold=1.1199808901895085e+18 14.500000000000002 18.500000000000004 14.500000000000002
decision_type=2 2 2 2
left_child=1 3 -3 -1
right_child=-2 2 -4 -5
leaf_value=-0.0041582869393790994 0.14172540409490467 0.19486049073083062 -0.0053725738864159218 -0.21902073249220849
leaf_weight=466 7.9999999999999991 13.999999999999998 32 7.9999999999999991
leaf_count=466 8 14 32 8
internal_value=0 -0.00218039 0.0555679 -0.00778466
internal_weight=0 520 46 474
internal_count=528 520 46 474
is_linear=0
shrinkage=0.1


Tree=55
num_leaves=5
num_cat=0
split_feature=83 48 42 18
split_gain=16.0213 58.2856 33.365 18.5648
threshold=2349999999.0000005 24.500000000000004 11.500000000000002 528.00000000000011
decision_type=2 2 2 2
left_child=1 3 -2 -1
right_child=2 -3 -4 -5
leaf_value=0.0017733289185782959 -0.28097222170326863 0.27047616019845011 0.052519589662551873 -0.11115629836916924
leaf_weight=493 5.9999999999999982 7.9999999999999991 6 14.999999999999998
leaf_count=493 6 8 6 15
internal_value=0 0.00265643 -0.114226 -0.00156121
internal_weight=0 516 12 508
internal_count=528 516 12 508
is_linear=0
shrinkage=0.1


Tree=56
num_leaves=7
num_cat=0
split_feature=52 2 53 85 82 2
split_gain=15.2932 46.451 23.0384 52.4116 30.9613 15.3464
threshold=24.250000000000004 344.50000000000006 5.656854249492377 0.95436825032517003 499999998.31695276 793.00000000000011
decision_type=2 2 2 2 2 2
left_child=2 -2 4 -4 -1 -3
right_child=1 5 3 -5 -6 -7
leaf_value=-0.0040941049613713223 0.31869685252507507 0.070261185558942632 0.05055959347103324 -0.35221366981665292 0.17369523227214814 -0.10577273964881898
leaf_weight=478 6.0000000000000027 13.000000000000002 6.9999999999999982 6 9.9999999999999982 7.9999999999999991
leaf_count=478 6 13 7 6 10 8
internal_value=0 0.0733109 -0.00395089 -0.135336 -0.000450881 0.00320064
internal_weight=0 27 501 13 488 21
internal_count=528 27 501 13 488 21
is_linear=0
shrinkage=0.1


Tree=57
num_leaves=8
num_cat=0
split_feature=50 100 9 77 20 86 38
split_gain=14.5054 17.5643 28.2885 12.0164 7.80944 7.25792 2.55424
threshold=1.0000000180025095e-35 21.500000000000004 4.5000000000000027 2.5000000000000004 3.5000000000000013 -0.92436682192247377 87.500000000000014
decision_type=2 2 2 2 2 2 2
left_child=4 3 -3 -2 5 -1 -6
right_child=1 2 -4 -5 6 -7 -8
leaf_value=0.058230707896026704 -0.011086515416717454 0.11471146563849142 0.012676382292781702 -0.14499539477484566 -0.13234229683876031 -0.028606468893877874 -0.061152913297216095
leaf_weight=10.999999999999998 157 31 220 6.9999999999999991 7.0000000000000027 77 18
leaf_count=11 157 31 220 7 7 77 18
internal_value=0 0.00864894 0.0252783 -0.0168021 -0.0317638 -0.0177518 -0.0810859
internal_weight=0 415 251 164 113 88 25
internal_count=528 415 251 164 113 88 25
is_linear=0
shrinkage=0.1


Tree=58
num_leaves=7
num_cat=0
split_feature=97 38 24 98 71 98
split_gain=13.7807 52.7525 57.3271 32.7467 24.2901 12.3264
threshold=12.500000000000004 10.500000000000002 2.5804011705155012e-17 120.00000000000001 10.500000000000002 88.500000000000014
decision_type=2 2 2 2 2 2
left_child=3 2 -2 5 -3 -1
right_child=1 4 -4 -5 -6 -7
leaf_value=-0.010178478312183608 0.42860040366649604 -0.0077913446777054798 0.071678084383408225 -0.18946561336517334 0.19774132768313091 0.077119947926086549
leaf_weight=333 6.0000000000000027 138 18 9.9999999999999982 5.9999999999999991 17
leaf_count=333 6 138 18 10 6 17
internal_value=0 0.0236491 0.160909 -0.0110363 0.000772517 -0.00593827
internal_weight=0 168 24 360 144 350
internal_count=528 168 24 360 144 350
is_linear=0
shrinkage=0.1


Tree=59
num_leaves=5
num_cat=0
split_feature=83 48 80 50
split_gain=14.7371 42.2974 26.362 14.4562
threshold=2349999999.0000005 24.500000000000004 2.1428571428571432 310.50000000000006
decision_type=2 2 2 2
left_child=1 3 -2 -1
right_child=2 -3 -4 -5
leaf_value=0.0014644927812634333 -0.2577701350053152 0.23069684393703938 0.038664417962233223 -0.11443576372482561
leaf_weight=497 5.9999999999999982 7.9999999999999991 6 10.999999999999998
leaf_count=497 6 8 6 11
internal_value=0 0.00254774 -0.109553 -0.00104516
internal_weight=0 516 12 508
internal_count=528 516 12 508
is_linear=0
shrinkage=0.1


Tree=60
num_leaves=6
num_cat=0
split_feature=100 16 31 75 85
split_gain=11.9835 46.5979 31.2267 17.7559 21.667
threshold=75.000000000000014 0.49999999999999972 0.99999999999999944 6.5000000000000018 0.96633974041180493
decision_type=2 2 2 2 2
left_child=3 -2 -3 4 -1
right_child=1 2 -4 -5 -6
leaf_value=-0.01067275410182341 0.24353505902820163 0.23329295131067435 0.00067189918439341904 -0.14890370236502753 0.14650341040558287
leaf_weight=344 8.9999999999999982 5.9999999999999991 151 8.9999999999999982 8.9999999999999982
leaf_count=344 9 6 151 9 9
internal_value=0 0.0222472 0.00956188 -0.0102017 -0.00666543
internal_weight=0 166 157 362 353
internal_count=528 166 157 362 353
is_linear=0
shrinkage=0.1


Tree=61
num_leaves=5
num_cat=0
split_feature=83 48 42 104
split_gain=12.4277 33.534 23.2707 13.5102
threshold=2349999999.0000005 24.500000000000004 11.500000000000002 228.50000000000003
decision_type=2 2 2 2
left_child=1 3 -2 -1
right_child=2 -3 -4 -5
leaf_value=-0.0058186627454775318 -0.23985945234696074 0.20548382701817902 0.03865291078885396 0.052768530648981418
leaf_weight=465 5.9999999999999982 7.9999999999999991 6 43
leaf_count=465 6 8 6 43
internal_value=0 0.00233961 -0.100603 -0.000859511
internal_weight=0 516 12 508
internal_count=528 516 12 508
is_linear=0
shrinkage=0.1


Tree=62
num_leaves=6
num_cat=0
split_feature=18 69 8 57 89
split_gain=10.9606 19.29 45.4253 28.6462 13.0692
threshold=613.50000000000011 14.900040629361678 15.500000000000002 8.2527828558780332 -0.20812201737947811
decision_type=2 2 2 2 2
left_child=1 3 -3 -1 -2
right_child=4 2 -4 -5 -6
leaf_value=-0.00060556726530194285 0.024265088948110736 0.29986679713640896 0.02081142298212009 -0.22051087170839312 -0.17097480129450562
leaf_weight=466 6 6.9999999999999991 35 5.9999999999999991 7.9999999999999982
leaf_count=466 6 7 35 6 8
internal_value=0 0.00237784 0.0673207 -0.00340097 -0.0873006
internal_weight=0 514 42 472 14
internal_count=528 514 42 472 14
is_linear=0
shrinkage=0.1


Tree=63
num_leaves=7
num_cat=0
split_feature=57 12 20 89 92 15
split_gain=10.1999 18.2203 45.9017 12.4315 5.02445 2.67127
threshold=0.50000000000000722 1.6601845766184289e-19 1.6601845766184289e-19 -0.93991797103780128 2.3713272543059785 15.500000000000002
decision_type=2 2 2 2 2 2
left_child=4 2 -2 -3 -1 -6
right_child=1 3 -4 -5 5 -7
leaf_value=0.067938186724980684 -0.021399503113015705 -0.057310096191940829 0.21723353309290752 0.0081563388167189502 -0.028201524974078154 0.039927507005631926
leaf_weight=5.9999999999999991 19 32 13.999999999999998 310 141 5.9999999999999991
leaf_count=6 19 32 14 310 141 6
internal_value=0 0.00887792 0.0798388 0.00203082 -0.0217596 -0.0254207
internal_weight=0 375 33 342 153 147
internal_count=528 375 33 342 153 147
is_linear=0
shrinkage=0.1


Tree=64
num_leaves=5
num_cat=0
split_feature=83 104 42 85
split_gain=10.0907 26.1366 19.5553 12.5833
threshold=2349999999.0000005 789.00000000000011 11.500000000000002 0.99681593486783593
decision_type=2 2 2 2
left_child=1 3 -2 -1
right_child=2 -3 -4 -5
leaf_value=0.0017723596389470492 -0.2183080573876699 0.20960404872894289 0.037003986040751134 -0.1175280095802413
leaf_weight=501 5.9999999999999982 5.9999999999999991 6 8.9999999999999982
leaf_count=501 6 6 6 9
internal_value=0 0.00210819 -0.090652 -0.000332941
internal_weight=0 516 12 510
internal_count=528 516 12 510
is_linear=0
shrinkage=0.1


Tree=65
num_leaves=8
num_cat=0
split_feature=50 88 73 83 20 86 71
split_gain=9.78406 14.0773 28.5918 20.9757 6.34622 5.63135 2.47906
threshold=1.0000000180025095e-35 -0.3139063043307575 7.0000000000000018 949999998.8861587 3.5000000000000013 -0.92436682192247377 -4.2175464509686116e-17
decision_type=2 2 2 2 2 2 2
left_child=4 2 -2 -3 5 -1 -6
right_child=1 3 -4 -5 6 -7 -8
leaf_value=0.053473011065613141 0.021687445122420601 -0.00054120338274205623 0.2440639058748881 -0.12251007596651714 -0.10911656618118282 -0.023017207668586212 -0.044837713837623597
leaf_weight=10.999999999999998 159 235 5.9999999999999991 14.999999999999998 10.000000000000002 77 14.999999999999998
leaf_count=11 159 235 6 15 10 77 15
internal_value=0 0.00710326 0.0297739 -0.00785934 -0.0260872 -0.0134559 -0.0705493
internal_weight=0 415 165 250 113 88 25
internal_count=528 415 165 250 113 88 25
is_linear=0
shrinkage=0.1


Tree=66
num_leaves=7
num_cat=0
split_feature=26 4 73 74 16 25
split_gain=9.24685 27.852 27.0597 20.5456 15.5012 15.2317
threshold=248.50000000000003 23.500000000000004 -5.4999999999999991 -1.0000000180025095e-35 18.500000000000004 63.500000000000007
decision_type=2 2 2 2 2 2
left_child=1 4 -3 5 -1 -2
right_child=3 2 -4 -5 -6 -7
leaf_value=0.0023755811207597033 -0.15895283029725155 -0.017417842894792555 0.26351649686694151 -0.18831700161099435 -0.13803171664476396 0.014257273254351636
leaf_weight=459 5.9999999999999991 6 7.9999999999999982 7.9999999999999991 7.9999999999999991 33
leaf_count=459 6 6 8 8 8 33
internal_value=0 0.00413672 0.143116 -0.0423354 -2.96831e-05 -0.0123904
internal_weight=0 481 14 47 467 39
internal_count=528 481 14 47 467 39
is_linear=0
shrinkage=0.1


Tree=67
num_leaves=8
num_cat=0
split_feature=1 10 95 100 50 87 100
split_gain=9.11951 32.1055 26.529 30.8912 22.2989 21.5172 7.66811
threshold=38.500000000000007 71.500000000000014 38.500000000000007 151.00000000000003 85.500000000000014 0.95936279103287825 93.500000000000014
decision_type=2 2 2 2 2 2 2
left_child=2 6 3 -1 -4 -3 -2
right_child=1 5 4 -5 -6 -7 -8
leaf_value=-0.0059529879456012447 0.089126495023568494 0.023498706278474172 0.0071538137538092452 0.20607574241501944 -0.22555748462677003 -0.10131571274250746 0.24318692258426122
leaf_weight=374 5.9999999999999982 101 7.0000000000000027 6.9999999999999991 9.9999999999999982 15.999999999999998 7
leaf_count=374 6 101 7 7 10 16 7
internal_value=0 0.0229953 -0.00751102 -0.00205745 -0.129735 0.00643007 0.172082
internal_weight=0 130 398 381 17 117 13
internal_count=528 130 398 381 17 117 13
is_linear=0
shrinkage=0.1


Tree=68
num_leaves=6
num_cat=0
split_feature=7 95 5 0 6
split_gain=9.12858 16.3163 19.8444 14.944 13.076
threshold=59.500000000000007 100.50000000000001 92.500000000000014 18.500000000000004 793.00000000000011
decision_type=2 2 2 2 2
left_child=1 3 -3 -1 -2
right_child=4 2 -4 -5 -6
leaf_value=0.00031166608193949479 -0.16423148512840274 0.17216393114067616 0.014666502736508847 -0.10839630571695476 0.022918236574956348
leaf_weight=464 7.9999999999999982 11.999999999999998 24 12.999999999999998 7
leaf_count=464 8 12 24 13 7
internal_value=0 0.00224839 0.0671656 -0.00265102 -0.0768949
internal_weight=0 513 36 477 15
internal_count=528 513 36 477 15
is_linear=0
shrinkage=0.1


Tree=69
num_leaves=7
num_cat=0
split_feature=104 40 14 75 77 1
split_gain=8.17368 28.3895 41.8576 26.9352 13.5978 8.25046
threshold=31.500000000000004 1.0422475718168151e-21 16.500000000000004 16.500000000000004 3.0000000000000013 18.500000000000004
decision_type=2 2 2 2 2 2
left_child=4 2 -2 -3 5 -1
right_child=1 3 -4 -5 -6 -7
leaf_value=-0.014730518259297033 0.29231540858745575 0.0039693528945799776 0.03877773355160441 -0.18238907214254141 -0.16305442998806638 0.078269682293757803
leaf_weight=207 7.9999999999999991 254 35 7.9999999999999991 5.9999999999999991 9.9999999999999982
leaf_count=207 8 254 35 8 6 10
internal_value=0 0.0106388 0.0859475 -0.00172098 -0.0145509 -0.0104448
internal_weight=0 305 43 262 223 217
internal_count=528 305 43 262 223 217
is_linear=0
shrinkage=0.1


Tree=70
num_leaves=8
num_cat=0
split_feature=50 88 31 57 102 13 85
split_gain=7.63799 10.3071 24.2188 20.7801 5.73721 9.19331 4.73438
threshold=1.0000000180025095e-35 -0.086976778877806096 2.9143354396410364e-16 8.2527828558780332 34.500000000000007 13.500000000000002 0.94353349168649059
decision_type=2 2 2 2 2 2 2
left_child=4 2 -2 -3 5 -1 -6
right_child=1 3 -4 -5 6 -7 -8
leaf_value=-0.017927085611066134 0.11708542518317699 0.00088805568622267678 0.0098125763016899958 -0.10852270116539378 -0.06794145317638621 0.10259772741368839 0.028407386504113674
leaf_weight=66 24 201 171 19 34 6.9999999999999991 5.9999999999999991
leaf_count=66 24 201 171 19 34 7 6
internal_value=0 0.00627607 0.0230154 -0.00856106 -0.0230493 -0.00636991 -0.0534891
internal_weight=0 415 195 220 113 73 40
internal_count=528 415 195 220 113 73 40
is_linear=0
shrinkage=0.1


Tree=71
num_leaves=8
num_cat=0
split_feature=88 77 88 97 81 53 52
split_gain=8.00364 12.8354 12.0448 24.4612 14.0967 7.87603 5.17378
threshold=-0.97314989601849422 1.9999999999999996 -0.33829717985213587 26.500000000000004 349999999.00000006 0.70710678118654624 11.750000000000002
decision_type=2 2 2 2 2 2 2
left_child=1 5 3 -2 -4 -1 -3
right_child=2 6 4 -5 -6 -7 -8
leaf_value=-0.03422009739137831 0.013719295303024792 -0.19531053105990095 -0.010648267482898025 0.15185526843581881 0.1440744936466217 0.095692167182763424 -0.063986766338348378
leaf_weight=21.000000000000004 152 5.9999999999999982 317 13.999999999999998 5.9999999999999991 5.9999999999999991 6
leaf_count=21 152 6 317 14 6 6 6
internal_value=0 -0.0435962 0.003477 0.0253693 -0.00777416 -0.00535071 -0.129649
internal_weight=0 39 489 166 323 27 12
internal_count=528 39 489 166 323 27 12
is_linear=0
shrinkage=0.1


Tree=72
num_leaves=6
num_cat=0
split_feature=100 16 89 75 85
split_gain=7.37291 30.3841 15.087 13.3895 15.5713
threshold=75.000000000000014 0.49999999999999972 -0.94841189720046171 6.5000000000000018 0.96633974041180493
decision_type=2 2 2 2 2
left_child=3 -2 -3 4 -1
right_child=1 2 -4 -5 -6
leaf_value=-0.0083283651975317868 0.19613927106062573 -0.076336794259872193 0.018709374811463193 -0.12844850884543524 0.12491623898968102
leaf_weight=344 8.9999999999999982 19 138 8.9999999999999982 8.9999999999999982
leaf_count=344 9 19 138 9 9
internal_value=0 0.0174503 0.00720697 -0.00800207 -0.00493119
internal_weight=0 166 157 362 353
internal_count=528 166 157 362 353
is_linear=0
shrinkage=0.1


Tree=73
num_leaves=6
num_cat=0
split_feature=18 15 15 12 89
split_gain=6.80562 14.3067 26.7168 18.8075 9.12279
threshold=613.50000000000011 31.500000000000004 35.000000000000007 18.500000000000004 -0.20812201737947811
decision_type=2 2 2 2 2
left_child=1 3 -3 -1 -2
right_child=4 2 -4 -5 -6
leaf_value=0.0011717554197836948 0.024420005269348621 0.22462835013866425 0.014669429540634155 -0.10909679644391873 -0.13870002059265973
leaf_weight=465 6 7.9999999999999991 25 15.999999999999998 7.9999999999999982
leaf_count=465 6 8 25 16 8
internal_value=0 0.0018737 0.0655686 -0.00249622 -0.0687914
internal_weight=0 514 33 481 14
internal_count=528 514 33 481 14
is_linear=0
shrinkage=0.1


Tree=74
num_leaves=6
num_cat=0
split_feature=51 75 85 47 49
split_gain=6.60399 12.9182 11.2851 7.60363 2.54269
threshold=42.500000000000007 21.500000000000004 0.99681593486783593 4.7184478546569163e-16 119.00000000000001
decision_type=2 2 2 2 2
left_child=1 2 -1 -2 -5
right_child=3 -3 -4 4 -6
leaf_value=0.0016126066170321766 0.15009329517682385 -0.14813735174636047 -0.10569497572258116 -0.033530137936274212 0.050511676735348177
leaf_weight=491 6.0000000000000027 5.9999999999999991 9.9999999999999982 5.9999999999999991 8.9999999999999982
leaf_count=491 6 6 10 6 9
internal_value=0 -0.0022761 -0.000529261 0.0549516 0.016895
internal_weight=0 507 501 21 15
internal_count=528 507 501 21 15
is_linear=0
shrinkage=0.1


Tree=75
num_leaves=7
num_cat=0
split_feature=1 9 95 100 6 50
split_gain=6.72977 22.1684 20.3166 23.2357 18.0663 14.9963
threshold=38.500000000000007 30.500000000000004 38.500000000000007 151.00000000000003 211.00000000000003 85.500000000000014
decision_type=2 2 2 2 2 2
left_child=2 -2 3 -1 -3 -4
right_child=1 4 5 -5 -6 -7
leaf_value=-0.005058311260639028 0.15557663630355489 0.039235889035421356 -0.0011541434696742462 0.17883056487355914 -0.04018924899476891 -0.19199336290359498
leaf_weight=374 10.999999999999998 71 7.0000000000000027 6.9999999999999991 48 9.9999999999999982
leaf_count=374 11 71 7 7 48 10
internal_value=0 0.0197539 -0.00645228 -0.00167978 0.00719886 -0.113413
internal_weight=0 130 398 381 119 17
internal_count=528 130 398 381 119 17
is_linear=0
shrinkage=0.1


Tree=76
num_leaves=8
num_cat=0
split_feature=88 77 85 15 54 79 53
split_gain=6.53697 10.6659 9.10297 19.908 11.8678 5.72342 4.37385
threshold=-0.97314989601849422 1.9999999999999996 0.2499757677084001 4.5536491244391199e-17 7.5000000000000009 6.6613374529192257e-16 2.1213203435596424
decision_type=2 2 2 2 2 2 2
left_child=1 5 4 -4 -2 -1 -3
right_child=2 6 3 -5 -6 -7 -8
leaf_value=-0.029145864148934678 -0.00425570784638667 -0.057470710078875234 -0.10603092583672453 0.026655676543750631 -0.10589720912588139 0.081599231561024999 -0.17821625570456184
leaf_weight=21.000000000000004 269 5.9999999999999982 11.999999999999998 196 11.999999999999998 5.9999999999999991 6
leaf_count=21 269 6 12 196 12 6 6
internal_value=0 -0.0393997 0.00314231 0.0190007 -0.00859627 -0.00453584 -0.117843
internal_weight=0 39 489 208 281 27 12
internal_count=528 39 489 208 281 27 12
is_linear=0
shrinkage=0.1


Tree=77
num_leaves=8
num_cat=0
split_feature=45 103 10 70 74 69 81
split_gain=6.15537 22.6083 47.5463 13.3521 12.4293 16.9367 13.2914
threshold=9.5000000000000018 64.000000000000014 31.500000000000004 2.2227665070821945 0.80000000000000049 2.6982594778665145 0.13068181722042874
decision_type=2 2 2 2 2 2 2
left_child=1 3 -3 -1 6 -6 -2
right_child=4 2 -4 -5 5 -7 -8
leaf_value=0.0073021833927719151 -0.016240215919685191 0.29143290594220161 0.0298915918090574 -0.057834357787401251 0.051528735884598303 -0.13329005083617043 0.040849941372513202
leaf_weight=163 189 7.9999999999999991 53 39 7.0000000000000027 17 52
leaf_count=163 189 8 53 39 7 17 52
internal_value=0 0.0108382 0.0641921 -0.00527368 -0.0107564 -0.0793846 -0.00392201
internal_weight=0 263 61 202 265 24 241
internal_count=528 263 61 202 265 24 241
is_linear=0
shrinkage=0.1


Tree=78
num_leaves=7
num_cat=0
split_feature=33 66 4 61 88 53
split_gain=5.95912 18.2609 12.9297 11.4289 6.88473 3.31398
threshold=112.50000000000001 7.5000000000000009 15.500000000000002 4.6212755001419152 -0.63920832810365613 0.70710678118654724
decision_type=2 2 2 2 2 2
left_child=1 2 -1 5 -5 -2
right_child=3 -3 -4 4 -6 -7
leaf_value=-0.0045550788393186456 0.067464729345270577 -0.1439671941101551 0.061221699166344484 -0.095406766980886404 0.030201743374345825 0.16874426652987795
leaf_weight=452 6.9999999999999982 8.9999999999999982 32 6.0000000000000027 15.999999999999998 6
leaf_count=452 7 9 32 6 16 6
internal_value=0 -0.00283064 -0.000206201 0.0398716 -0.00405512 0.114209
internal_weight=0 493 484 35 22 13
internal_count=528 493 484 35 22 13
is_linear=0
shrinkage=0.1


Tree=79
num_leaves=5
num_cat=0
split_feature=83 48 80 50
split_gain=6.36184 16.4342 10.1224 8.72821
threshold=2349999999.0000005 24.500000000000004 2.1428571428571432 310.50000000000006
decision_type=2 2 2 2
left_child=1 3 -2 -1
right_child=2 -3 -4 -5
leaf_value=0.0013844440253151645 -0.16382368803024294 0.14388612210750581 0.019864726997911929 -0.088673069057139495
leaf_weight=497 5.9999999999999982 7.9999999999999991 6 10.999999999999998
leaf_count=497 6 8 6 11
internal_value=0 0.00167394 -0.0719795 -0.00056562
internal_weight=0 516 12 508
internal_count=528 516 12 508
is_linear=0
shrinkage=0.1


Tree=80
num_leaves=8
num_cat=0
split_feature=87 11 98 97 34 61 2
split_gain=5.90339 17.424 29.8215 10.5062 23.8924 12.7945 6.62731
threshold=-0.79382744783423209 23.500000000000004 123.50000000000001 22.500000000000004 11.500000000000002 4.549305666863682 310.50000000000006
decision_type=2 2 2 2 2 2 2
left_child=1 2 -1 5 -5 -2 -3
right_child=3 6 -4 4 -6 -7 -8
leaf_value=-0.02329251025332494 0.0045627972865871121 -0.20871927191813788 0.17827054699882866 0.23364056336383024 0.023096633474078945 -0.064708048169469012 -0.060088801880677535
leaf_weight=89 331 5.9999999999999982 7.9999999999999991 5.9999999999999991 53 29 6
leaf_count=89 331 6 8 6 53 29 6
internal_value=0 -0.0207314 -0.00666875 0.00539312 0.0445079 -0.00101735 -0.134404
internal_weight=0 109 97 419 59 360 12
internal_count=528 109 97 419 59 360 12
is_linear=0
shrinkage=0.1


Tree=81
num_leaves=8
num_cat=0
split_feature=37 36 23 81 73 78 72
split_gain=5.78993 12.5813 11.0334 8.47627 8.06394 7.29161 5.42134
threshold=108.50000000000001 12.500000000000002 35.000000000000007 -0.50000000104166642 -1.4999999999999998 -0.873259171195652 -0.095454545454545445
decision_type=2 2 2 2 2 2 2
left_child=1 2 -1 4 -2 -3 -5
right_child=3 5 -4 6 -6 -7 -8
leaf_value=-0.0011530190874350511 0.033508229542237054 -0.012756245036919911 0.10022617443041369 0.1462847433984279 -0.10664503624041875 -0.10841322094202042 0.040009366208687426
leaf_weight=446 13.000000000000002 14.999999999999998 10.999999999999998 8.0000000000000018 5.9999999999999991 17 11.999999999999998
leaf_count=446 13 15 11 8 6 17 12
internal_value=0 -0.00295731 0.00128718 0.0370802 -0.0107507 -0.063574 0.0825195
internal_weight=0 489 457 39 19 32 20
internal_count=528 489 457 39 19 32 20
is_linear=0
shrinkage=0.1


Tree=82
num_leaves=5
num_cat=0
split_feature=83 48 77 85
split_gain=5.5561 11.8111 8.25974 7.6878
threshold=2349999999.0000005 24.500000000000004 36.500000000000007 0.99681593486783593
decision_type=2 2 2 2
left_child=1 3 -2 -1
right_child=2 -3 -4 -5
leaf_value=0.0013178632275960998 -0.15023157596588138 0.12212548181414605 0.015697542453805603 -0.091934822147919079
leaf_weight=499 5.9999999999999982 7.9999999999999991 6 8.9999999999999982
leaf_count=499 6 8 6 9
internal_value=0 0.00156435 -0.067267 -0.000334251
internal_weight=0 516 12 508
internal_count=528 516 12 508
is_linear=0
shrinkage=0.1


Tree=83
num_leaves=6
num_cat=0
split_feature=84 60 33 37 75
split_gain=5.48285 11.6191 9.22168 22.0223 18.3171
threshold=-0.99688467374059531 0.93750000000000011 1.0000000180025095e-35 4.5536491244391199e-17 6.5000000000000018
decision_type=2 2 2 2 2
left_child=1 -1 4 -4 -2
right_child=2 -3 3 -5 -6
leaf_value=-0.017150280065834526 -0.018525600253508009 0.16693941354751585 0.083037735883033648 -0.0020564622974224849 -0.19917415380477907
leaf_weight=7.9999999999999982 87 6 33 388 5.9999999999999991
leaf_count=8 87 6 33 388 6
internal_value=0 0.0617453 -0.00168178 0.00461363 -0.0301803
internal_weight=0 14 514 421 93
internal_count=528 14 514 421 93
is_linear=0
shrinkage=0.1


Tree=84
num_leaves=8
num_cat=0
split_feature=50 88 23 75 20 99 71
split_gain=5.44862 7.32076 17.4437 13.3724 5.09343 4.07638 2.16482
threshold=1.0000000180025095e-35 -0.086976778877806096 4.5536491244391199e-17 21.500000000000004 3.5000000000000013 3.5000000000000009 -4.2175464509686116e-17
decision_type=2 2 2 2 2 2 2
left_child=4 2 -2 -3 5 -1 -6
right_child=1 3 -4 -5 6 -7 -8
leaf_value=-0.023240795775742853 0.10788029067218304 -0.0027340794445623257 0.0092971430111876037 -0.14320218286343986 -0.095340129137039153 0.022547434463069359 -0.035273268558084964
leaf_weight=59 20 213 175 6.9999999999999991 10.000000000000002 29 14.999999999999998
leaf_count=59 20 213 175 7 10 29 15
internal_value=0 0.0053008 0.0194082 -0.00720352 -0.0194675 -0.00815149 -0.0593
internal_weight=0 415 195 220 113 88 25
internal_count=528 415 195 220 113 88 25
is_linear=0
shrinkage=0.1


Tree=85
num_leaves=4
num_cat=0
split_feature=72 72 82
split_gain=5.04635 8.34764 9.46993
threshold=4053239664633445.5 3.8333333333333335 349999994.00399655
decision_type=2 2 2
left_child=1 2 -1
right_child=-2 -3 -4
leaf_value=-0.0031803733585300357 0.074239355615443661 -0.11855588654677074 0.056630787985133269
leaf_weight=485 8.9999999999999982 5.9999999999999991 28
leaf_count=485 9 6 28
internal_value=0 -0.00128739 8.41735e-05
internal_weight=0 519 513
internal_count=528 519 513
is_linear=0
shrinkage=0.1


Tree=86
num_leaves=8
num_cat=0
split_feature=87 50 57 40 104 89 95
split_gain=4.99835 15.8837 25.8487 10.8099 9.35721 16.9512 7.13833
threshold=-0.79382744783423209 41.500000000000007 2.414982942815397 8.5000000000000018 58.000000000000007 -0.9760229388779077 30.500000000000004
decision_type=2 2 2 2 2 2 2
left_child=1 2 -1 -3 6 -6 -2
right_child=4 3 -4 -5 5 -7 -8
leaf_value=-0.012176635815594042 -0.013240976872305585 -0.047374825793154107 0.17899956200271847 -0.19296257197856903 -0.088945769833830693 0.029340845983726591 0.06046366308416639
leaf_weight=61 214 34 7.9999999999999991 5.9999999999999991 12.999999999999998 178 13.999999999999998
leaf_count=61 214 34 8 6 13 178 14
internal_value=0 -0.0190761 0.00998872 -0.069213 0.00496252 0.0212899 -0.00871525
internal_weight=0 109 69 40 419 191 228
internal_count=528 109 69 40 419 191 228
is_linear=0
shrinkage=0.1


Tree=87
num_leaves=6
num_cat=0
split_feature=88 88 31 96 54
split_gain=4.69831 11.1792 10.4656 10.23 18.1758
threshold=0.68275454552276316 0.63420774716672323 1.9428902930940242e-16 397.50000000000006 14.500000000000002
decision_type=2 2 2 2 2
left_child=1 2 -1 4 -2
right_child=3 -3 -4 -5 -6
leaf_value=0.045027081305891573 -0.017237209592759609 0.11000268161296844 -0.0036674237639711402 -0.12555992109701039 0.16093960404396057
leaf_weight=51 125 9.9999999999999982 328 7.9999999999999991 5.9999999999999991
leaf_count=51 125 10 328 8 6
internal_value=0 0.0056388 0.00288513 -0.0157805 -0.00907644
internal_weight=0 389 379 139 131
internal_count=528 389 379 139 131
is_linear=0
shrinkage=0.1


Tree=88
num_leaves=4
num_cat=0
split_feature=86 86 3
split_gain=4.61595 7.81729 5.43333
threshold=0.99764922826523372 0.99348475779378076 0.99999999999999944
decision_type=2 2 2
left_child=1 2 -1
right_child=-2 -3 -4
leaf_value=-0.025496589386602864 -0.067294353134930138 0.11477997303009034 0.0041364048881752588
leaf_weight=72 9.9999999999999982 5.9999999999999991 440
leaf_count=72 10 6 440
internal_value=0 0.00129912 -3.07349e-05
internal_weight=0 518 512
internal_count=528 518 512
is_linear=0
shrinkage=0.1


Tree=89
num_leaves=7
num_cat=0
split_feature=33 66 4 35 73 102
split_gain=4.42549 12.8378 8.62653 8.44726 6.14319 3.82029
threshold=112.50000000000001 7.5000000000000009 18.500000000000004 42.500000000000007 -1.4999999999999998 134.00000000000003
decision_type=2 2 2 2 2 2
left_child=1 2 -1 5 -5 -2
right_child=3 -3 -4 4 -6 -7
leaf_value=-0.0034838949689841312 0.15879701673984531 -0.12077686168874305 0.054686337198924143 0.029577787721748738 -0.088118006537357921 0.045950701211889579
leaf_weight=457 5.9999999999999982 8.9999999999999982 27 17 6.0000000000000027 6
leaf_count=457 6 9 27 17 6 6
internal_value=0 -0.00243935 -0.000238861 0.03436 -0.00112546 0.102374
internal_weight=0 493 484 35 23 12
internal_count=528 493 484 35 23 12
is_linear=0
shrinkage=0.1


Tree=90
num_leaves=6
num_cat=0
split_feature=75 65 75 3 21
split_gain=4.38774 8.98163 15.5106 12.4715 8.61208
threshold=-14.999999999999998 12.794855932341656 -5.4999999999999991 42.500000000000007 187.00000000000003
decision_type=2 2 2 2 2
left_child=4 3 -3 -2 -1
right_child=1 2 -4 -5 -6
leaf_value=-0.13475690228598458 0.0010968869311817557 0.19988982280095408 0.016569870226085189 -0.10213132444769145 0.013134818317161668
leaf_weight=6.9999999999999991 474 6.0000000000000027 20 11.999999999999998 8.9999999999999982
leaf_count=7 474 6 20 12 9
internal_value=0 0.00161149 0.0588745 -0.00145196 -0.0515678
internal_weight=0 512 26 486 16
internal_count=528 512 26 486 16
is_linear=0
shrinkage=0.1


Tree=91
num_leaves=6
num_cat=0
split_feature=84 60 33 37 73
split_gain=4.24626 8.66127 7.29743 16.5691 15.2104
threshold=-0.99688467374059531 0.93750000000000011 1.0000000180025095e-35 4.5536491244391199e-17 2.5000000000000004
decision_type=2 2 2 2 2
left_child=1 -1 4 -4 -2
right_child=2 -3 3 -5 -6
leaf_value=-0.013779258821159605 -0.011265482674180358 0.14516110929350057 0.072144939688344803 -0.0016654313431834302 -0.13190200676520666
leaf_weight=7.9999999999999982 81 6 33 388 11.999999999999998
leaf_count=8 81 6 33 388 12
internal_value=0 0.054338 -0.00148002 0.00412018 -0.0268315
internal_weight=0 14 514 421 93
internal_count=528 14 514 421 93
is_linear=0
shrinkage=0.1


Tree=92
num_leaves=8
num_cat=0
split_feature=50 15 48 23 102 9 85
split_gain=4.16965 6.55767 16.2027 13.6687 4.76635 6.21746 2.51282
threshold=1.0000000180025095e-35 4.5536491244391199e-17 5.5000000000000009 1.0000000180025095e-35 34.500000000000007 9.5000000000000018 0.94353349168649059
decision_type=2 2 2 2 2 2 2
left_child=4 2 -2 -3 5 -1 -6
right_child=1 3 -4 -5 6 -7 -8
leaf_value=-0.012771376813179814 -0.0073006657617432739 0.087179077381179457 -0.18515995740890503 0.004136334833255032 -0.055304136554546218 0.075996672610441851 0.014889150485396387
leaf_weight=64 35 21 5.9999999999999991 353 34 8.9999999999999982 5.9999999999999991
leaf_count=64 35 21 6 353 34 9 6
internal_value=0 0.00463712 -0.0333289 0.00879916 -0.0170301 -0.00182737 -0.0447751
internal_weight=0 415 41 374 113 73 40
internal_count=528 415 41 374 113 73 40
is_linear=0
shrinkage=0.1


Tree=93
num_leaves=4
num_cat=0
split_feature=89 51 3
split_gain=4.15328 4.93335 5.96825
threshold=-0.99964630454799608 59.500000000000007 45.500000000000007
decision_type=2 2 2
left_child=-1 2 -2
right_child=1 -3 -4
leaf_value=-0.082725271893044322 0.0022252840014770018 0.07887504827231169 -0.046945669638136261
leaf_weight=5.9999999999999991 488 7.9999999999999991 26
leaf_count=6 488 8 26
internal_value=0 0.000950865 -0.000261963
internal_weight=0 522 514
internal_count=528 522 514
is_linear=0
shrinkage=0.1


Tree=94
num_leaves=6
num_cat=0
split_feature=100 9 39 75 71
split_gain=4.18582 20.4742 10.5468 9.83265 9.9345
threshold=75.000000000000014 4.5000000000000027 4.5536491244391199e-17 6.5000000000000018 -4.4999999999999991
decision_type=2 2 2 2 2
left_child=3 -2 -3 4 -1
right_child=1 2 -4 -5 -6
leaf_value=0.12417991136511167 0.1945052335659663 -0.1136841933642115 0.011839184185696974 -0.10924540625678168 -0.0056037693655504837
leaf_weight=5.9999999999999991 5.9999999999999991 6.9999999999999991 153 8.9999999999999982 347
leaf_count=6 6 7 153 9 347
internal_value=0 0.0131484 0.00634754 -0.00602938 -0.00339781
internal_weight=0 166 160 362 353
internal_count=528 166 160 362 353
is_linear=0
shrinkage=0.1


Tree=95
num_leaves=5
num_cat=0
split_feature=18 16 75 62
split_gain=3.99362 8.92907 8.74572 5.1794
threshold=613.50000000000011 33.500000000000007 -11.999999999999996 20.500000000000004
decision_type=2 2 2 2
left_child=1 2 -1 -2
right_child=3 -3 -4 -5
leaf_value=-0.088192882321097635 -0.10537196828518065 0.12271214723587037 0.0019549366190722232 0.017536829287807143
leaf_weight=10.999999999999998 7.9999999999999982 5.9999999999999991 497 6
leaf_count=11 8 6 497 6
internal_value=0 0.00143532 2.91692e-06 -0.0526968
internal_weight=0 514 508 14
internal_count=528 514 508 14
is_linear=0
shrinkage=0.1


Tree=96
num_leaves=7
num_cat=0
split_feature=87 50 11 57 80 49
split_gain=4.05995 12.5136 18.4016 9.75538 8.24993 8.07381
threshold=-0.79382744783423209 41.500000000000007 12.500000000000004 1.2746500939737981 1.2122146105580565e+20 22.500000000000004
decision_type=2 2 2 2 2 2
left_child=1 2 -1 -3 5 -2
right_child=4 3 -4 -5 -6 -7
leaf_value=-0.01139542733396714 -0.0070695647705376723 0.0094771265983581553 0.14194449202881917 -0.095961188055850855 0.12088978191216787 0.022626539573997913
leaf_weight=60 276 12.999999999999998 8.9999999999999982 27 5.9999999999999991 137
leaf_count=60 276 13 9 27 6 137
internal_value=0 -0.0171924 0.00860543 -0.0616937 0.00447249 0.0027812
internal_weight=0 109 69 40 419 413
internal_count=528 109 69 40 419 413
is_linear=0
shrinkage=0.1


Tree=97
num_leaves=4
num_cat=0
split_feature=72 72 82
split_gain=3.75847 6.39406 6.5952
threshold=4053239664633445.5 3.8333333333333335 349999994.00399655
decision_type=2 2 2
left_child=1 2 -1
right_child=-2 -3 -4
leaf_value=-0.002634995814107392 0.064069471922185692 -0.10374420881271362 0.047279034967401198
leaf_weight=485 8.9999999999999982 5.9999999999999991 28
leaf_count=485 9 6 28
internal_value=0 -0.00111103 8.93567e-05
internal_weight=0 519 513
internal_count=528 519 513
is_linear=0
shrinkage=0.1


Tree=98
num_leaves=5
num_cat=0
split_feature=84 6 40 40
split_gain=3.67361 5.30518 4.99902 8.44425
threshold=0.99374995976406788 112.50000000000001 42.000000000000007 26.500000000000004
decision_type=2 2 2 2
left_child=2 -2 3 -1
right_child=1 -3 -4 -5
leaf_value=0.0017575727332793103 0.016297682281583539 -0.092957344502210618 0.068249470977620644 -0.10181504674255848
leaf_weight=491 8.0000000000000018 9.9999999999999982 10.999999999999998 7.9999999999999991
leaf_count=491 8 10 11 8
internal_value=0 -0.0443996 0.00156704 9.70899e-05
internal_weight=0 18 510 499
internal_count=528 18 510 499
is_linear=0
shrinkage=0.1


Tree=99
num_leaves=7
num_cat=0
split_feature=86 72 92 99 61 19
split_gain=3.59548 13.1749 10.9915 4.81872 8.78297 6.66496
threshold=0.91549295719144153 0.99999999999999944 4.6866452896948259 1.0000000000000011 2.6152028055746861 14.000000000000007
decision_type=2 2 2 2 2 2
left_child=3 2 -2 5 -5 -1
right_child=1 -3 -4 4 -6 -7
leaf_value=-0.0088039240357329889 0.014244151824655441 -0.10958423359053476 0.11704849486167615 0.022916263491050276 -0.013600964103603647 -0.068499456487950833
leaf_weight=171 52 6.9999999999999991 12.999999999999998 138 126 21
leaf_count=171 52 7 13 138 126 21
internal_value=0 0.0207672 0.034805 -0.00327903 0.00548759 -0.0153331
internal_weight=0 72 65 456 264 192
internal_count=528 72 65 456 264 192
is_linear=0
shrinkage=0.1


end of trees

feature_importances:
Arizona_current=28
month_sin=26
New_Jersey_current=20
Wyoming_roll_std_4=19
Missouri_lag_52=16
Wyoming_roll_mean_2=16
Wyoming_momentum_12=16
Wyoming_diff_4=15
week_cos=14
South_Dakota_lag_10=12
Wyoming_diff_8=12
Indiana_current=12
South_Dakota_lag_52=10
Wyoming_diff_2=10
Wyoming_momentum_8=10
Kansas_current=10
Wyoming_lag_52=9
month_cos=9
Wyoming_diff_1=8
Wyoming_diff_52=8
Ohio_current=8
South_Dakota_lag_1=7
Wyoming_lag_2=7
Missouri_lag_2=7
Missouri_lag_5=7
Wyoming_pct_change_1=7
quarter_sin=7
Missouri_current=7
Kansas_lag_1=6
Missouri_lag_1=6
Kansas_lag_3=6
South_Dakota_lag_4=6
South_Dakota_lag_8=6
Wyoming_roll_min_2=6
Missouri_lag_3=5
Wyoming_lag_5=5
Kansas_lag_9=5
Kansas_lag_10=5
Missouri_lag_10=5
South_Dakota_lag_12=5
Wyoming_roll_std_2=5
Wyoming_roll_std_8=5
Wyoming_ewm_alpha_0.5=5
Wyoming_pct_change_2=5
Wyoming_pct_change_4=5
Wyoming_momentum_4=5
South_Dakota_current=5
Wyoming_lag_6=4
South_Dakota_lag_6=4
Wyoming_lag_11=4
Missouri_lag_11=4
Wyoming_lag_12=4
quarter_cos=4
Wisconsin_current=4
Kansas_lag_2=3
Wyoming_lag_3=3
South_Dakota_lag_3=3
Wyoming_lag_4=3
Kansas_lag_52=3
Wyoming_roll_min_8=3
Wyoming_pct_change_8=3
Wyoming_pct_change_52=3
week_sin=3
Wyoming_lag_1=2
South_Dakota_lag_2=2
Missouri_lag_4=2
Wyoming_lag_7=2
Wyoming_roll_mean_8=2
Wyoming_roll_min_12=2
Wyoming_ewm_alpha_0.3=2
Wyoming_cumulative_mean=2
Nebraska_current=2
Kansas_lag_4=1
South_Dakota_lag_5=1
Kansas_lag_6=1
Missouri_lag_6=1
Kansas_lag_7=1
Missouri_lag_7=1
South_Dakota_lag_7=1
Missouri_lag_9=1
South_Dakota_lag_9=1
Wyoming_lag_10=1
South_Dakota_lag_11=1
Kansas_lag_12=1
Wyoming_roll_min_4=1
Wyoming_roll_std_12=1
Massachusetts_current=1

parameters:
[boosting: gbdt]
[objective: regression]
[metric: l1]
[tree_learner: serial]
[device_type: cpu]
[data_sample_strategy: bagging]
[data: ]
[valid: ]
[num_iterations: 100]
[learning_rate: 0.1]
[num_leaves: 8]
[num_threads: 2]
[seed: 1]
[deterministic: 0]
[force_col_wise: 0]
[force_row_wise: 0]
[histogram_pool_size: -1]
[max_depth: 3]
[min_data_in_leaf: 6]
[min_sum_hessian_in_leaf: 0.001]
[bagging_fraction: 1]
[pos_bagging_fraction: 1]
[neg_bagging_fraction: 1]
[bagging_freq: 0]
[bagging_seed: 18467]
[feature_fraction: 1]
[feature_fraction_bynode: 1]
[feature_fraction_seed: 26500]
[extra_trees: 0]
[extra_seed: 15724]
[early_stopping_round: 0]
[first_metric_only: 0]
[max_delta_step: 0]
[lambda_l1: 0]
[lambda_l2: 0]
[linear_lambda: 0]
[min_gain_to_split: 0]
[drop_rate: 0.1]
[max_drop: 50]
[skip_drop: 0.5]
[xgboost_dart_mode: 0]
[uniform_drop: 0]
[drop_seed: 6334]
[top_rate: 0.2]
[other_rate: 0.1]
[min_data_per_group: 100]
[max_cat_threshold: 32]
[cat_l2: 10]
[cat_smooth: 10]
[max_cat_to_onehot: 4]
[top_k: 20]
[monotone_constraints: ]
[monotone_constraints_method: basic]
[monotone_penalty: 0]
[feature_contri: ]
[forcedsplits_filename: ]
[refit_decay_rate: 0.9]
[cegb_tradeoff: 1]
[cegb_penalty_split: 0]
[cegb_penalty_feature_lazy: ]
[cegb_penalty_feature_coupled: ]
[path_smooth: 0]
[interaction_constraints: ]
[verbosity: -1]
[saved_feature_importance_type: 0]
[use_quantized_grad: 0]
[num_grad_quant_bins: 4]
[quant_train_renew_leaf: 0]
[stochastic_rounding: 1]
[linear_tree: 0]
[max_bin: 255]
[max_bin_by_feature: ]
[min_data_in_bin: 3]
[bin_construct_sample_cnt: 200000]
[data_random_seed: 41]
[is_enable_sparse: 1]
[enable_bundle: 1]
[use_missing: 1]
[zero_as_missing: 0]
[feature_pre_filter: 1]
[pre_partition: 0]
[two_round: 0]
[header: 0]
[label_column: ]
[weight_column: ]
[group_column: ]
[ignore_column: ]
[categorical_feature: ]
[forcedbins_filename: ]
[precise_float_parser: 0]
[parser_config_file: ]
[objective_seed: 19169]
[num_class: 1]
[is_unbalance: 0]
[scale_pos_weight: 1]
[sigmoid: 1]
[boost_from_average: 1]
[reg_sqrt: 0]
[alpha: 0.9]
[fair_c: 1]
[poisson_max_delta_step: 0.7]
[tweedie_variance_power: 1.5]
[lambdarank_truncation_level: 30]
[lambdarank_norm: 1]
[label_gain: ]
[lambdarank_position_bias_regularization: 0]
[eval_at: ]
[multi_error_top_k: 1]
[auc_mu_weights: ]
[num_machines: 1]
[local_listen_port: 12400]
[time_out: 120]
[machine_list_filename: ]
[machines: ]
[gpu_platform_id: -1]
[gpu_device_id: -1]
[gpu_use_dp: 0]
[num_gpu: 1]

end of parameters

pandas_categorical:[]
